0.500999987125 -2 -3
1.1740000248 -3 -3
r
1.86500000954 -2 -2
2.66700005531 -3 -2
3.51600003242 -3 -2
4.24700021744 -2 -2
5.11600017548 -1 -2
5.94000005722 0 -2
6.72900009155 -1 -2
7.52500009537 -2 -2
8.32199954987 -3 -2
9.19999980927 -3 -2
9.89799976349 -3 -2
10.7399997711 -2 -2
11.4379997253 -3 -2
12.1339998245 -3 -2
12.7840003967 -3 -2
13.4359998703 -2 -2
14.279999733 -3 -2
15.029999733 -3 -2
15.6949996948 -3 -1
16.3250007629 -3 0
17.0219993591 -3 1
17.8320007324 -2 1
18.4759998322 -1 1
19.1539993286 0 1
19.9930000305 -1 1
20.5979995728 -2 1
21.2089996338 -3 1
22.0820007324 -3 1
22.8020000458 -3 0
23.6480007172 -3 -1
24.3619995117 -2 -1
25.1849994659 -3 -1
25.9969997406 -3 -2
26.7059993744 -3 -3
r
27.4179992676 2 -2
28.2089996338 1 -2
28.9239997864 0 -2
29.5690002441 -1 -2
30.3449993134 -1 -3
31.0699996948 -1 -3
31.7220001221 -2 -3
32.3370018005 -3 -3
r
33.2369995117 -2 2
34.0900001526 -3 2
34.7599983215 -3 1
35.4410018921 -3 0
36.1759986877 -3 0
36.9350013733 -3 -1
37.7760009766 -3 -1
38.4459991455 -3 -2
39.2249984741 -3 -3
r
39.8800010681 2 2
40.6790008545 1 2
41.3160018921 0 2
42.0709991455 0 1
42.8199996948 0 0
43.6360015869 0 -1
44.3650016785 -1 -1
45.0190010071 -1 -2
45.7290000916 -1 -3
46.5279998779 -1 -3
47.4210014343 -1 -3
48.0890007019 -1 -3
48.8650016785 -1 -3
49.6129989624 -2 -3
50.2480010986 -2 -3
51.0190010071 -2 -3
51.6259994507 -3 -3
r
52.3699989319 -2 -2
53.1259994507 -3 -2
53.8870010376 -3 -2
54.6189994812 -3 -3
r
55.2270011902 2 -2
56.03099823 1 -2
56.8129997253 0 -2
57.5390014648 -1 -2
58.3269996643 -1 -3
59.111000061 -2 -3
59.9770011902 -2 -3
60.7569999695 -2 -3
61.4259986877 -2 -3
62.1640014648 -2 -3
63.0369987488 -3 -3
r
63.7529983521 -2 2
64.6460037231 -2 1
65.4309997559 -2 0
66.2030029297 -2 -1
66.9359970093 -2 -2
67.6979980469 -3 -2
68.5559997559 -3 -2
69.2730026245 -3 -3
r
70.158996582 2 2
70.766998291 3 2
71.466003418 3 2
72.2799987793 3 2
72.9449996948 3 3
r
73.7210006714 -2 -2
74.5360031128 -2 -3
75.3799972534 -3 -3
r
76.1230010986 2 -2
76.9840011597 1 -2
77.8590011597 0 -2
78.5640029907 -1 -2
79.1689987183 -2 -2
79.9449996948 -3 -2
80.6770019531 -3 -3
r
81.3099975586 -2 2
82.0039978027 -2 1
82.75 -2 0
83.4800033569 -2 -1
84.2070007324 -2 -2
85.0979995728 -2 -3
85.7919998169 -3 -3
r
86.5800018311 2 2
87.263999939 2 3
87.9530029297 2 3
88.6610031128 2 3
89.4929962158 2 3
90.28099823 2 3
91.1569976807 2 3
91.9440002441 2 3
92.5759963989 2 3
93.1819992065 2 3
93.9599990845 2 3
94.7239990234 2 3
95.3639984131 2 3
96.0869979858 2 3
96.7959976196 2 3
97.6829986572 2 3
98.4869995117 2 3
99.2259979248 2 3
100.028999329 2 3
100.841003418 2 3
101.554000854 2 3
102.336997986 3 3
r
103.085998535 -2 -2
103.777000427 -3 -2
104.675003052 -3 -2
105.468002319 -3 -3
r
106.218002319 2 -2
107.038002014 1 -2
107.891998291 0 -2
108.638000488 -1 -2
109.403999329 -2 -2
110.152000427 -2 -3
110.833000183 -3 -3
r
111.611000061 -2 2
112.240997314 -2 1
113.125999451 -2 0
113.883003235 -2 -1
114.525001526 -3 -1
115.380996704 -3 -2
116.23400116 -3 -3
r
117.100997925 2 2
117.751998901 3 2
118.42099762 3 2
119.040000916 3 3
r
119.814002991 -2 -2
120.59400177 -2 -3
121.249000549 -3 -3
r
122.004997253 2 -2
122.614997864 1 -2
123.21900177 0 -2
124.043998718 -1 -2
124.736000061 -2 -2
125.550003052 -3 -2
126.166999817 -3 -2
126.904998779 -3 -3
r
127.54699707 -2 2
128.402999878 -2 1
129.076004028 -2 0
129.929992676 -2 -1
130.667999268 -2 -2
131.524993896 -3 -2
132.126998901 -3 -3
r
132.975997925 2 2
133.712997437 2 3
134.582992554 2 3
135.425003052 2 3
136.126998901 2 3
136.942993164 2 3
137.56199646 2 3
138.255004883 2 3
139.031005859 2 3
139.688995361 2 3
140.524993896 2 3
141.294006348 2 3
142.089996338 2 3
142.85899353 2 3
143.682998657 2 3
144.410003662 3 3
r
145.190994263 -2 -2
145.882995605 -2 -3
146.574996948 -3 -3
r
147.332000732 2 -2
147.983001709 1 -2
148.606994629 0 -2
149.369995117 -1 -2
150.057998657 -2 -2
150.703994751 -3 -2
151.397994995 -3 -3
r
152.134994507 -2 2
152.988998413 -2 1
153.613006592 -2 0
154.350006104 -2 -1
155.080993652 -2 -2
155.882995605 -3 -2
156.583999634 -3 -3
r
157.31199646 2 2
157.95199585 3 2
158.699996948 3 2
159.585998535 3 3
r
160.356994629 -2 -2
160.960006714 -2 -3
161.826004028 -3 -3
r
162.557006836 2 -2
163.339996338 1 -2
164.070007324 0 -2
164.863998413 -1 -2
165.638000488 -2 -2
166.483001709 -3 -2
167.339996338 -3 -3
r
168.018005371 -2 2
168.904998779 -2 1
169.763000488 -2 0
170.602996826 -2 -1
171.285003662 -2 -2
172.154998779 -2 -3
172.972000122 -3 -3
r
173.746002197 2 2
174.569000244 2 3
175.220001221 2 3
175.899002075 2 3
176.647003174 2 3
177.397994995 2 3
178.0 2 3
178.882995605 2 3
179.755004883 2 3
180.494995117 2 3
181.220993042 2 3
182.024993896 3 3
r
182.649993896 -2 -2
183.440994263 -3 -2
184.20300293 -3 -3
r
184.98500061 2 -2
185.828994751 1 -2
186.509002686 0 -2
187.259994507 -1 -2
187.884994507 -2 -2
188.772994995 -2 -3
189.660003662 -3 -3
r
190.264007568 -2 2
190.936004639 -2 1
191.753997803 -2 0
192.466995239 -2 -1
193.320999146 -2 -2
194.18800354 -3 -2
194.815994263 -3 -3
r
195.630004883 2 2
196.473007202 2 3
197.272994995 3 3
r
197.929000854 -2 -2
198.783996582 -2 -3
199.494995117 -3 -3
r
200.352996826 2 -2
201.093002319 1 -2
201.960006714 0 -2
202.847000122 -1 -2
203.619003296 -2 -2
204.37600708 -3 -2
205.100006104 -3 -3
r
205.76499939 -2 2
206.468002319 -2 1
207.360992432 -2 0
208.166000366 -2 -1
209.033004761 -2 -2
209.854995728 -2 -3
210.583999634 -3 -3
r
211.425994873 2 2
212.240005493 2 3
213.136993408 3 3
r
213.945999146 -2 -2
214.766998291 -3 -2
215.606994629 -3 -3
r
216.220001221 2 -2
216.972000122 1 -2
217.817001343 0 -2
218.494995117 -1 -2
219.154006958 -2 -2
219.990997314 -2 -3
220.774002075 -3 -3
r
221.466003418 -2 2
222.287994385 -1 2
222.930999756 0 2
223.692993164 1 2
224.317001343 2 2
225.184005737 2 3
225.940994263 3 3
r
226.54800415 2 2
227.302993774 2 3
228.11000061 3 3
r
228.809997559 -2 -2
229.593994141 -3 -2
230.468002319 -3 -3
r
231.194000244 2 -2
231.81300354 1 -2
232.662002563 0 -2
233.488998413 -1 -2
234.231002808 -2 -2
234.904006958 -2 -3
235.630996704 -3 -3
r
236.272003174 -2 2
237.080993652 -1 2
237.716995239 0 2
238.550003052 1 2
239.29800415 2 2
240.072998047 3 2
240.873001099 3 2
241.636001587 3 2
242.520004272 3 3
r
243.363006592 2 2
244.130004883 2 3
244.875 3 3
r
245.546005249 -2 -2
246.18800354 -3 -2
247.001998901 -3 -3
r
247.87600708 2 -2
248.628005981 1 -2
249.455993652 0 -2
250.210006714 -1 -2
250.886993408 -2 -2
251.628005981 -2 -3
252.477005005 -3 -3
r
253.160003662 -2 2
253.906005859 -1 2
254.570999146 0 2
255.192001343 1 2
256.010009766 2 2
256.787994385 3 2
257.651000977 3 3
r
258.545013428 2 2
259.205993652 2 3
259.92401123 3 3
r
260.686004639 -2 -2
261.406005859 -3 -2
262.019989014 -3 -3
r
262.783996582 2 -2
263.511993408 2 -1
264.411987305 2 0
265.074005127 2 1
265.92300415 2 2
266.529998779 3 2
267.25100708 3 3
r
267.955993652 -2 2
268.640991211 -1 2
269.256988525 0 2
270.035003662 1 2
270.906005859 2 2
271.569000244 2 3
272.29699707 3 3
r
273.040008545 2 2
273.738006592 2 3
274.489990234 3 3
r
275.098999023 -2 -2
275.835998535 -2 -3
276.596984863 -3 -3
r
277.292999268 2 -2
277.929992676 1 -2
278.575012207 0 -2
279.437988281 -1 -2
280.212005615 -2 -2
280.888000488 -2 -3
281.609985352 -3 -3
r
282.290985107 -2 2
283.031005859 -1 2
283.688995361 0 2
284.355987549 1 2
284.979003906 2 2
285.740997314 3 2
286.355010986 3 3
r
286.984008789 2 2
287.628997803 2 3
288.49899292 3 3
r
289.354003906 -2 -2
290.239990234 -2 -3
291.12298584 -3 -3
r
291.813995361 2 -2
292.471984863 2 -1
293.315002441 2 0
293.925994873 2 1
294.528015137 2 2
295.160003662 2 3
296.019989014 3 3
r
296.756988525 -2 2
297.582000732 -1 2
298.268005371 0 2
299.165008545 1 2
299.808990479 2 2
300.410003662 3 2
301.276000977 3 3
r
302.170013428 2 2
302.946990967 2 3
303.714996338 3 3
r
304.518005371 -2 -2
305.25201416 -3 -2
305.872009277 -3 -3
r
306.520996094 2 -2
307.397003174 2 -1
308.164001465 2 0
308.854003906 2 1
309.722991943 2 2
310.477996826 3 2
311.213989258 3 3
r
311.890991211 -2 2
312.739013672 -1 2
313.381988525 0 2
314.175994873 1 2
314.980010986 2 2
315.684997559 3 2
316.505004883 3 3
r
317.154998779 2 2
317.907989502 2 3
318.710998535 3 3
r
319.463012695 -2 -2
320.075012207 -2 -3
320.919006348 -3 -3
r
321.743988037 2 -2
322.621002197 2 -1
323.227996826 2 0
324.083007812 2 1
324.70300293 2 2
325.388000488 3 2
326.108001709 3 3
r
327.002990723 -2 2
327.82598877 -1 2
328.572998047 0 2
329.216003418 1 2
330.052001953 2 2
330.765014648 2 3
331.485992432 3 3
r
332.285003662 2 2
332.95098877 3 2
333.62701416 3 3
r
334.388000488 -2 -2
335.234985352 -3 -2
335.838989258 -3 -3
r
336.635986328 2 -2
337.343994141 2 -1
337.95401001 2 0
338.697998047 2 1
339.351989746 2 2
340.041992188 2 3
340.835998535 3 3
r
341.695007324 -2 2
342.319000244 -1 2
343.12399292 0 2
343.759002686 1 2
344.602996826 2 2
345.217010498 3 2
345.872009277 3 3
r
346.730010986 2 2
347.384002686 2 3
348.265014648 3 3
r
348.893005371 -2 -2
349.50100708 -2 -3
350.204986572 -3 -3
r
350.908996582 2 -2
351.697998047 2 -1
352.588989258 2 0
353.302001953 2 1
353.959014893 2 2
354.783996582 2 3
355.536987305 3 3
r
356.433013916 -2 2
357.289001465 -1 2
358.019989014 0 2
358.839996338 1 2
359.694000244 2 2
360.542999268 3 2
361.227996826 3 3
r
361.958007812 2 2
362.591003418 3 2
363.240997314 3 3
r
363.903015137 -2 -2
364.511993408 -2 -3
365.12701416 -3 -3
r
365.890014648 2 -2
366.635986328 2 -1
367.291992188 2 0
368.096984863 2 1
368.752990723 2 2
369.37399292 2 3
370.045013428 3 3
r
370.895996094 -2 2
371.634002686 -1 2
372.485992432 0 2
373.32598877 1 2
374.087005615 2 2
374.799987793 3 2
375.667999268 3 3
r
376.303985596 2 2
377.183990479 2 3
378.071990967 3 3
r
378.760009766 -2 -2
379.621002197 -2 -3
380.462005615 -3 -3
r
381.338989258 2 -2
382.093994141 2 -1
382.808013916 2 0
383.596008301 2 1
384.432006836 2 2
385.312011719 3 2
386.093994141 3 3
r
386.897003174 -2 2
387.561004639 -1 2
388.417999268 0 2
389.114990234 1 2
390.009002686 2 2
390.619995117 2 3
391.367004395 3 3
r
392.130004883 2 2
392.742004395 3 2
393.407012939 3 3
r
394.255004883 -2 -2
394.95401001 -3 -2
395.635009766 -3 -3
r
396.433990479 2 -2
397.273010254 2 -1
398.101989746 2 0
398.885009766 2 1
399.690002441 2 2
400.425994873 2 3
401.052001953 3 3
r
401.768005371 -2 2
402.559997559 -1 2
403.350006104 0 2
404.151000977 1 2
404.946990967 2 2
405.62600708 3 2
406.415985107 3 3
r
407.239013672 2 2
407.946014404 3 2
408.815002441 3 3
r
409.608001709 -2 -2
410.399993896 -2 -3
411.118988037 -3 -3
r
412.00100708 2 -2
412.718994141 2 -1
413.457000732 2 0
414.152008057 2 1
414.945007324 2 2
415.595001221 3 2
416.238006592 3 3
r
417.049987793 -2 2
417.772003174 -1 2
418.559997559 0 2
419.166992188 1 2
419.930999756 2 2
420.763000488 2 3
421.428009033 3 3
r
422.058013916 2 2
422.865997314 3 2
423.542999268 3 3
r
424.337005615 -2 -2
425.080993652 -2 -3
425.79901123 -3 -3
r
426.509002686 2 -2
427.401000977 2 -1
428.17300415 2 0
428.841003418 2 1
429.475006104 2 2
430.083007812 2 3
430.975006104 3 3
r
431.631011963 -2 2
432.399993896 -1 2
433.138000488 0 2
433.773010254 1 2
434.552001953 2 2
435.182006836 2 3
435.962005615 3 3
r
436.631988525 2 2
437.386993408 3 2
438.066009521 3 3
r
438.761993408 -2 -2
439.459014893 -2 -3
440.29901123 -3 -3
r
440.975006104 2 -2
441.742004395 2 -1
442.458007812 2 0
443.194000244 2 1
443.938995361 2 2
444.790008545 2 3
445.509002686 3 3
r
446.148986816 -2 2
446.984008789 -1 2
447.881011963 0 2
448.502990723 1 2
449.259002686 2 2
449.946990967 2 3
450.739990234 3 3
r
451.592010498 2 2
452.230987549 3 2
452.914001465 3 3
r
453.640991211 -2 -2
454.243988037 -2 -3
455.028991699 -3 -3
r
455.821990967 2 -2
456.644989014 2 -1
457.403991699 2 0
458.29901123 2 1
458.973999023 2 2
459.589996338 3 2
460.334991455 3 3
r
460.968994141 -2 2
461.736999512 -1 2
462.566009521 0 2
463.401000977 1 2
464.007995605 2 2
464.816986084 2 3
465.660003662 3 3
r
466.393005371 2 2
467.240997314 3 2
467.980987549 3 3
r
468.763000488 -2 -2
469.42401123 -2 -3
470.285003662 -3 -3
r
471.013000488 2 -2
471.75201416 2 -1
472.390991211 2 0
473.187988281 2 1
473.981994629 2 2
474.859985352 3 2
475.583007812 3 3
r
476.278991699 -2 2
477.015991211 -1 2
477.722991943 0 2
478.458007812 1 2
479.355010986 2 2
479.977996826 2 3
480.591003418 3 3
r
481.467987061 2 2
482.110992432 2 3
482.915985107 3 3
r
483.667999268 -2 -2
484.428985596 -2 -3
485.105987549 -3 -3
r
485.756988525 2 -2
486.434997559 2 -1
487.273010254 2 0
487.95199585 2 1
488.735992432 2 2
489.384002686 2 3
490.032012939 3 3
r
490.688995361 -2 2
491.334991455 -1 2
492.145996094 0 2
492.984008789 1 2
493.605010986 2 2
494.472991943 2 3
495.07901001 3 3
r
495.967987061 2 2
496.768005371 2 3
497.393005371 3 3
r
498.023986816 -2 -2
498.70098877 -2 -3
499.545013428 -3 -3
r
500.411010742 2 -2
501.240997314 2 -1
502.049987793 2 0
502.712005615 2 1
503.54598999 2 2
504.209014893 3 2
505.052001953 3 3
r
505.742004395 -2 2
506.519012451 -1 2
507.289001465 0 2
508.158996582 1 2
508.911987305 2 2
509.559997559 3 2
510.368988037 3 3
r
511.169006348 2 2
511.888000488 3 2
512.655029297 3 3
r
513.456970215 -2 -2
514.268981934 -2 -3
515.041015625 -3 -3
r
515.861022949 2 -2
516.685974121 2 -1
517.348022461 2 0
517.95501709 2 1
518.770019531 2 2
519.482971191 3 2
520.309020996 3 3
r
521.00402832 -2 2
521.679016113 -1 2
522.510009766 0 2
523.400024414 1 2
524.185974121 2 2
524.84197998 2 3
525.692016602 3 3
r
526.385986328 2 2
527.20098877 2 3
528.036010742 3 3
r
528.867980957 -2 -2
529.565979004 -2 -3
530.265991211 -3 -3
r
531.010009766 2 -2
531.778015137 2 -1
532.432983398 2 0
533.297973633 2 1
534.114013672 2 2
534.866027832 2 3
535.614013672 3 3
r
536.327026367 -2 2
537.146972656 -1 2
537.945007324 0 2
538.83001709 1 2
539.62298584 2 2
540.351989746 2 3
541.051025391 3 3
r
541.809997559 2 2
542.489013672 3 2
543.331970215 3 3
r
543.940002441 -2 -2
544.719970703 -2 -3
545.452026367 -3 -3
r
546.239990234 2 -2
546.95300293 2 -1
547.734008789 2 0
548.619018555 2 1
549.357971191 2 2
549.974975586 3 2
550.770996094 3 3
r
551.590026855 -2 2
552.380981445 -1 2
553.145996094 0 2
553.937988281 1 2
554.54699707 2 2
555.409973145 2 3
556.223022461 3 3
r
556.916015625 2 2
557.557006836 2 3
558.195007324 3 3
r
558.903991699 -2 -2
559.526977539 -2 -3
560.284973145 -3 -3
r
560.958984375 2 -2
561.83001709 2 -1
562.492980957 2 0
563.103027344 2 1
563.708984375 2 2
564.525024414 3 2
565.252990723 3 3
r
566.140014648 -2 2
566.820983887 -1 2
567.57598877 0 2
568.429992676 1 2
569.133972168 2 2
569.911010742 2 3
570.526977539 3 3
r
571.364013672 2 2
572.161010742 2 3
572.966003418 3 3
r
573.747009277 -2 -2
574.572998047 -2 -3
575.385986328 -3 -3
r
575.994995117 2 -2
576.750976562 2 -1
577.53302002 2 0
578.310974121 2 1
578.974975586 2 2
579.732971191 3 2
580.614990234 3 3
r
581.304016113 -2 2
582.187988281 -1 2
582.820983887 0 2
583.478027344 1 2
584.122009277 2 2
584.895019531 2 3
585.523986816 3 3
r
586.20098877 2 2
587.090026855 2 3
587.866027832 3 3
r
588.728027344 -2 -2
589.603027344 -2 -3
590.362976074 -3 -3
r
591.088012695 2 -2
591.981018066 2 -1
592.775024414 2 0
593.521972656 2 1
594.348022461 2 2
595.140991211 3 2
595.757995605 3 3
r
596.635009766 -2 2
597.317016602 -1 2
598.184020996 0 2
598.914978027 1 2
599.541992188 2 2
600.351989746 3 2
601.232971191 3 3
r
602.034973145 2 2
602.755981445 2 3
603.359985352 3 3
r
604.096008301 -2 -2
604.744018555 -2 -3
605.484008789 -3 -3
r
606.229980469 2 -2
607.109008789 2 -1
607.718017578 2 0
608.408996582 2 1
609.104003906 2 2
609.880004883 2 3
610.648986816 3 3
r
611.271972656 -2 2
612.039001465 -1 2
612.846008301 0 2
613.570983887 1 2
614.343017578 2 2
614.971008301 2 3
615.836975098 3 3
r
616.664978027 2 2
617.37902832 2 3
618.143005371 3 3
r
618.752990723 -2 -2
619.484008789 -2 -3
620.151977539 -3 -3
r
621.04901123 2 -2
621.775024414 2 -1
622.583984375 2 0
623.260986328 2 1
624.033996582 2 2
624.844970703 2 3
625.458984375 3 3
r
626.067016602 -2 2
626.765991211 -1 2
627.594970703 0 2
628.322998047 1 2
629.182006836 2 2
629.932983398 3 2
630.768981934 3 3
r
631.645996094 2 2
632.523010254 3 2
633.171020508 3 3
r
633.861999512 -2 -2
634.70501709 -2 -3
635.471984863 -3 -3
r
636.356994629 2 -2
637.101989746 2 -1
637.708007812 2 0
638.591003418 2 1
639.255981445 2 2
639.888000488 3 2
640.677978516 3 3
r
641.50402832 -2 2
642.116027832 -1 2
642.921020508 0 2
643.614990234 1 2
644.37097168 2 2
644.976989746 3 2
645.836975098 3 3
r
646.538024902 2 2
647.372009277 3 2
648.017028809 3 3
r
648.914001465 -2 -2
649.539001465 -2 -3
650.280029297 -3 -3
r
650.999023438 2 -2
651.815002441 2 -1
652.642028809 2 0
653.270996094 2 1
653.914978027 2 2
654.546020508 3 2
655.242004395 3 3
r
655.872009277 -2 2
656.510986328 -1 2
657.409973145 0 2
658.197998047 1 2
658.940979004 2 2
659.810974121 3 2
660.632995605 3 3
r
661.239990234 2 2
661.892028809 2 3
662.664001465 3 3
r
663.309997559 -2 -2
664.122009277 -2 -3
665.018005371 -3 -3
r
665.624023438 2 -2
666.361022949 2 -1
667.111999512 2 0
667.916992188 2 1
668.622009277 2 2
669.346008301 2 3
670.192016602 3 3
r
671.054992676 -2 2
671.695983887 -1 2
672.322998047 0 2
673.213989258 1 2
674.023010254 2 2
674.789978027 2 3
675.679992676 3 3
r
676.327026367 2 2
677.143005371 2 3
677.79699707 3 3
r
678.603027344 -2 -2
679.20501709 -2 -3
680.007995605 -3 -3
r
680.630981445 2 -2
681.437988281 2 -1
682.218994141 2 0
682.935974121 2 1
683.664978027 2 2
684.29498291 3 2
685.109985352 3 3
r
685.739013672 -2 2
686.598022461 -1 2
687.411010742 0 2
688.304992676 1 2
689.132019043 2 2
689.831970215 3 2
690.62902832 3 3
r
691.413024902 2 2
692.080993652 2 3
692.791992188 3 3
r
693.494995117 -2 -2
694.221008301 -2 -3
694.869018555 -3 -3
r
695.58001709 2 -2
696.346984863 2 -1
697.127990723 2 0
697.84197998 2 1
698.57598877 2 2
699.229980469 3 2
699.924987793 3 3
r
700.530029297 -2 2
701.257019043 -1 2
702.130981445 0 2
702.898986816 1 2
703.515991211 2 2
704.234985352 3 2
704.948974609 3 3
r
705.710021973 2 2
706.369995117 2 3
707.106018066 3 3
r
707.888977051 -2 -2
708.609985352 -2 -3
709.429016113 -3 -3
r
710.031005859 2 -2
710.757019043 2 -1
711.603027344 2 0
712.492004395 2 1
713.226013184 2 2
713.927978516 3 2
714.719970703 3 3
r
715.385009766 -2 2
716.205993652 -1 2
717.067993164 0 2
717.84197998 1 2
718.619018555 2 2
719.494018555 3 2
720.260009766 3 3
r
721.091003418 2 2
721.965026855 2 3
722.687011719 3 3
r
723.58001709 -2 -2
724.344970703 -2 -3
724.956970215 -3 -3
r
725.692016602 2 -2
726.34197998 2 -1
726.968994141 2 0
727.655029297 2 1
728.265014648 2 2
728.872009277 3 2
729.750976562 3 3
r
730.424987793 -2 2
731.041015625 -1 2
731.705993652 0 2
732.515991211 1 2
733.237976074 2 2
734.044006348 3 2
734.914978027 3 3
r
735.523986816 2 2
736.390991211 2 3
737.07800293 3 3
r
737.942016602 -2 -2
738.778991699 -2 -3
739.528991699 -3 -3
r
740.275024414 2 -2
740.947998047 2 -1
741.713989258 2 0
742.533996582 2 1
743.283996582 2 2
744.031982422 3 2
744.79498291 3 3
r
745.596984863 -2 2
746.244995117 -1 2
746.856994629 0 2
747.75 1 2
748.622009277 2 2
749.392028809 3 2
750.143005371 3 3
r
750.801025391 2 2
751.508972168 3 2
752.320983887 3 3
r
753.138977051 -2 -2
753.961975098 -2 -3
754.765014648 -3 -3
r
755.664001465 2 -2
756.414001465 2 -1
757.030029297 2 0
757.681030273 2 1
758.322998047 2 2
758.929016113 3 2
759.578979492 3 3
r
760.362976074 -2 2
761.062011719 -1 2
761.888000488 0 2
762.668029785 1 2
763.306030273 2 2
764.023986816 3 2
764.637023926 3 3
r
765.315979004 2 2
765.979980469 2 3
766.616027832 3 3
r
767.479003906 -2 -2
768.361999512 -2 -3
769.117980957 -3 -3
r
769.937011719 2 -2
770.70098877 2 -1
771.593017578 2 0
772.291992188 2 1
773.187988281 2 2
773.965026855 3 2
774.619018555 3 3
r
775.461975098 -2 2
776.179016113 -1 2
776.844970703 0 2
777.565979004 1 2
778.17401123 2 2
778.922973633 3 2
779.726989746 3 3
r
780.484985352 2 2
781.202026367 2 3
781.869995117 3 3
r
782.594970703 -2 -2
783.221008301 -2 -3
784.025024414 -3 -3
r
784.896972656 2 -2
785.682006836 2 -1
786.364990234 2 0
786.982971191 2 1
787.75402832 2 2
788.599975586 3 2
789.333007812 3 3
r
790.067016602 -2 2
790.95501709 -1 2
791.687988281 0 2
792.541015625 1 2
793.307983398 2 2
794.093994141 2 3
794.934020996 3 3
r
795.788024902 2 2
796.512023926 2 3
797.20300293 3 3
r
798.070983887 -2 -2
798.831970215 -2 -3
799.586975098 -3 -3
r
800.20501709 2 -2
800.973022461 2 -1
801.583984375 2 0
802.211975098 2 1
802.880981445 2 2
803.734985352 2 3
804.588012695 3 3
r
805.385986328 -2 2
806.195983887 -1 2
806.880004883 0 2
807.713989258 1 2
808.320007324 2 2
809.15802002 2 3
809.937988281 3 3
r
810.619995117 2 2
811.25402832 2 3
811.956970215 3 3
r
812.822998047 -2 -2
813.723022461 -2 -3
814.510009766 -3 -3
r
815.263977051 2 -2
816.018981934 2 -1
816.655029297 2 0
817.299987793 2 1
817.969970703 2 2
818.609985352 3 2
819.443969727 3 3
r
820.25201416 -2 2
820.911010742 -1 2
821.539001465 0 2
822.335998535 1 2
823.171020508 2 2
823.973022461 3 2
824.603027344 3 3
r
825.500976562 2 2
826.106018066 2 3
826.888977051 3 3
r
827.627990723 -2 -2
828.42199707 -2 -3
829.301025391 -3 -3
r
830.132995605 2 -2
830.846008301 2 -1
831.575012207 2 0
832.20300293 2 1
832.817993164 2 2
833.674987793 3 2
834.322998047 3 3
r
834.968994141 -2 2
835.677978516 -1 2
836.409973145 0 2
837.20501709 1 2
838.086975098 2 2
838.981994629 2 3
839.770996094 3 3
r
840.393981934 2 2
841.04699707 2 3
841.809020996 3 3
r
842.427001953 -2 -2
843.03302002 -2 -3
843.760009766 -3 -3
r
844.469970703 2 -2
845.304992676 2 -1
846.145996094 2 0
846.940979004 2 1
847.661987305 2 2
848.473999023 2 3
849.247009277 3 3
r
850.04498291 -2 2
850.734008789 -1 2
851.364013672 0 2
851.979980469 1 2
852.844970703 2 2
853.718017578 2 3
854.413024902 3 3
r
855.224975586 2 2
855.924987793 3 2
856.549987793 3 3
r
857.267028809 -2 -2
858.07598877 -2 -3
858.840026855 -3 -3
r
859.723999023 2 -2
860.585998535 2 -1
861.42401123 2 0
862.041992188 2 1
862.91998291 2 2
863.638977051 3 2
864.263977051 3 3
r
865.026000977 -2 2
865.62902832 -1 2
866.429992676 0 2
867.125976562 1 2
867.763000488 2 2
868.591003418 3 2
869.304016113 3 3
r
870.00402832 2 2
870.747009277 2 3
871.385009766 3 3
r
872.04699707 -2 -2
872.666015625 -2 -3
873.320007324 -3 -3
r
874.208007812 2 -2
874.940002441 2 -1
875.666992188 2 0
876.439025879 2 1
877.304016113 2 2
877.929016113 3 2
878.637023926 3 3
r
879.473999023 -2 2
880.369018555 -1 2
880.994995117 0 2
881.653991699 1 2
882.510009766 2 2
883.323974609 3 2
884.036987305 3 3
r
884.828979492 2 2
885.685974121 3 2
886.32800293 3 3
r
887.114990234 -2 -2
887.866027832 -2 -3
888.742004395 -3 -3
r
889.577026367 2 -2
890.262023926 2 -1
891.04901123 2 0
891.755981445 2 1
892.359985352 2 2
893.054992676 3 2
893.70098877 3 3
r
894.528991699 -2 2
895.174987793 -1 2
895.806030273 0 2
896.685974121 1 2
897.557983398 2 2
898.250976562 3 2
899.00402832 3 3
r
899.723999023 2 2
900.419006348 3 2
901.033996582 3 3
r
901.87701416 -2 -2
902.481018066 -2 -3
903.096984863 -3 -3
r
903.731018066 2 -2
904.343017578 2 -1
904.973999023 2 0
905.804992676 2 1
906.530029297 2 2
907.359008789 3 2
908.130981445 3 3
r
908.846984863 -2 2
909.687988281 -1 2
910.492004395 0 2
911.340026855 1 2
912.177001953 2 2
912.802001953 3 2
913.505981445 3 3
r
914.405029297 2 2
915.239990234 2 3
915.887023926 3 3
r
916.630981445 -2 -2
917.369018555 -2 -3
918.028991699 -3 -3
r
918.695007324 2 -2
919.458984375 2 -1
920.176025391 2 0
920.903991699 2 1
921.607971191 2 2
922.262023926 3 2
922.916992188 3 3
r
923.760009766 -2 2
924.637023926 -1 2
925.474975586 0 2
926.143981934 1 2
926.87097168 2 2
927.744018555 3 2
928.369995117 3 3
r
929.226013184 2 2
929.924987793 2 3
930.54901123 3 3
r
931.320007324 -2 -2
932.159973145 -2 -3
932.794006348 -3 -3
r
933.656982422 2 -2
934.293029785 2 -1
934.922973633 2 0
935.723999023 2 1
936.596008301 2 2
937.372009277 3 2
938.221984863 3 3
r
938.953979492 -2 2
939.724975586 -1 2
940.586975098 0 2
941.395019531 1 2
942.00402832 2 2
942.822021484 3 2
943.583984375 3 3
r
944.215026855 2 2
945.099975586 2 3
945.96697998 3 3
r
946.838012695 -2 -2
947.458007812 -2 -3
948.216003418 -3 -3
r
949.103027344 2 -2
949.937988281 2 -1
950.789001465 2 0
951.481994629 2 1
952.380981445 2 2
953.17199707 3 2
954.057983398 3 3
r
954.763977051 -2 2
955.468017578 -1 2
956.182983398 0 2
956.843017578 1 2
957.559020996 2 2
958.37701416 3 2
959.143005371 3 3
r
959.911010742 2 2
960.70501709 2 3
961.583007812 3 3
r
962.304016113 -2 -2
962.986999512 -2 -3
963.67199707 -3 -3
r
964.33001709 2 -2
965.098022461 2 -1
965.929016113 2 0
966.70098877 2 1
967.362976074 2 2
968.083984375 3 2
968.74597168 3 3
r
969.617980957 -2 2
970.320983887 -1 2
971.135009766 0 2
971.802001953 1 2
972.505004883 2 2
973.28302002 3 2
974.03302002 3 3
r
974.773986816 2 2
975.650024414 3 2
976.396972656 3 3
r
977.206970215 -2 -2
977.906982422 -2 -3
978.54699707 -3 -3
r
979.172973633 2 -2
979.901977539 2 -1
980.645019531 2 0
981.297973633 2 1
981.911010742 2 2
982.734985352 3 2
983.505981445 3 3
r
984.140014648 -2 2
984.945983887 -1 2
985.702026367 0 2
986.57800293 1 2
987.473022461 2 2
988.362976074 3 2
989.215026855 3 3
r
989.976989746 2 2
990.601013184 2 3
991.226013184 3 3
r
991.969970703 -2 -2
992.736999512 -2 -3
993.573974609 -3 -3
r
994.385009766 2 -2
995.125 2 -1
995.945007324 2 0
996.674987793 2 1
997.447021484 2 2
998.166992188 3 2
998.888977051 3 3
r
999.531982422 -2 2
1000.30603027 -1 2
1000.97399902 0 2
1001.85900879 1 2
1002.57800293 2 2
1003.25598145 3 2
1003.98101807 3 3
r
1004.73602295 2 2
1005.34802246 2 3
1006.23297119 3 3
r
1006.8369751 -2 -2
1007.6619873 -2 -3
1008.5 -3 -3
r
1009.40002441 2 -2
1010.26898193 2 -1
1011.08898926 2 0
1011.97802734 2 1
1012.74102783 2 2
1013.54602051 3 2
1014.30102539 3 3
r
1015.14001465 -2 2
1015.93103027 -1 2
1016.56298828 0 2
1017.23101807 1 2
1017.91497803 2 2
1018.76397705 3 2
1019.46398926 3 3
r
1020.32501221 2 2
1021.04101562 2 3
1021.7800293 3 3
r
1022.59399414 -2 -2
1023.38000488 -2 -3
1024.20495605 -3 -3
r
1024.91796875 2 -2
1025.70495605 2 -1
1026.48803711 2 0
1027.23205566 2 1
1027.84094238 2 2
1028.62194824 3 2
1029.22595215 3 3
r
1029.93200684 -2 2
1030.66003418 -1 2
1031.50402832 0 2
1032.22497559 1 2
1033.12402344 2 2
1033.91796875 3 2
1034.77294922 3 3
r
1035.45300293 2 2
1036.25805664 2 3
1036.93200684 3 3
r
1037.6529541 -2 -2
1038.50305176 -2 -3
1039.18603516 -3 -3
r
1039.85998535 2 -2
1040.70397949 2 -1
1041.38098145 2 0
1042.15405273 2 1
1043.04602051 2 2
1043.80700684 3 2
1044.59301758 3 3
r
1045.37402344 -2 2
1046.11694336 -1 2
1046.93200684 0 2
1047.5579834 1 2
1048.39196777 2 2
1049.28198242 3 2
1050.06005859 3 3
r
1050.68701172 2 2
1051.52600098 2 3
1052.1619873 3 3
r
1052.81201172 -2 -2
1053.52099609 -2 -3
1054.35900879 -3 -3
r
1055.23706055 2 -2
1056.02905273 2 -1
1056.67700195 2 0
1057.31494141 2 1
1057.99804688 2 2
1058.74499512 3 2
1059.36694336 3 3
r
1060.02099609 -2 2
1060.7010498 -1 2
1061.48095703 0 2
1062.22497559 1 2
1063.11303711 2 2
1063.97900391 3 2
1064.82104492 3 3
r
1065.62194824 2 2
1066.22497559 2 3
1066.98095703 3 3
r
1067.68701172 -2 -2
1068.4329834 -2 -3
1069.31103516 -3 -3
r
1070.06201172 2 -2
1070.73596191 2 -1
1071.44396973 2 0
1072.11096191 2 1
1072.93798828 2 2
1073.59094238 3 2
1074.32800293 3 3
r
1075.08496094 -2 2
1075.81298828 -1 2
1076.64099121 0 2
1077.47094727 1 2
1078.08996582 2 2
1078.77502441 3 2
1079.41101074 3 3
r
1080.2779541 2 2
1081.00805664 2 3
1081.78601074 3 3
r
1082.48596191 -2 -2
1083.20898438 -2 -3
1084.07104492 -3 -3
r
1084.70800781 2 -2
1085.4050293 2 -1
1086.23400879 2 0
1087.13195801 2 1
1087.98400879 2 2
1088.7800293 3 2
1089.59094238 3 3
r
1090.45996094 -2 2
1091.06896973 -1 2
1091.77697754 0 2
1092.52697754 1 2
1093.28405762 2 2
1094.00805664 3 2
1094.75500488 3 3
r
1095.47094727 2 2
1096.34899902 3 2
1096.9630127 3 3
r
1097.57800293 -2 -2
1098.38195801 -2 -3
1099.14404297 -3 -3
r
1100.00695801 2 -2
1100.71704102 2 -1
1101.50402832 2 0
1102.36303711 2 1
1103.21594238 2 2
1103.93200684 3 2
1104.79003906 3 3
r
1105.40100098 -2 2
1106.23400879 -1 2
1106.90405273 0 2
1107.55505371 1 2
1108.32897949 2 2
1109.03601074 3 2
1109.79296875 3 3
r
1110.40100098 2 2
1111.09094238 2 3
1111.90197754 3 3
r
1112.58105469 -2 -2
1113.27502441 -2 -3
1114.06494141 -3 -3
r
1114.81201172 2 -2
1115.68603516 2 -1
1116.44104004 2 0
1117.04797363 2 1
1117.82995605 2 2
1118.72802734 2 3
1119.49304199 3 3
r
1120.32104492 -2 2
1121.18103027 -1 2
1121.80895996 0 2
1122.55102539 1 2
1123.34399414 2 2
1124.10595703 2 3
1124.81896973 3 3
r
1125.4630127 2 2
1126.10205078 2 3
1126.96105957 3 3
r
1127.77404785 -2 -2
1128.41894531 -2 -3
1129.06799316 -3 -3
r
1129.7130127 2 -2
1130.46496582 2 -1
1131.08605957 2 0
1131.93395996 2 1
1132.68200684 2 2
1133.49597168 2 3
1134.28295898 3 3
r
1135.15197754 -2 2
1135.93603516 -1 2
1136.5670166 0 2
1137.44995117 1 2
1138.06799316 2 2
1138.91894531 2 3
1139.78894043 3 3
r
1140.61206055 2 2
1141.47900391 2 3
1142.32397461 3 3
r
1143.20898438 -2 -2
1143.81298828 -2 -3
1144.4239502 -3 -3
r
1145.0369873 2 -2
1145.69604492 2 -1
1146.41101074 2 0
1147.30395508 2 1
1148.19995117 2 2
1149.07897949 2 3
1149.75305176 3 3
r
1150.50305176 -2 2
1151.14794922 -1 2
1151.85302734 0 2
1152.53894043 1 2
1153.34399414 2 2
1153.97595215 2 3
1154.68005371 3 3
r
1155.30700684 2 2
1156.02001953 2 3
1156.69494629 3 3
r
1157.56896973 -2 -2
1158.20703125 -2 -3
1158.9510498 -3 -3
r
1159.77001953 2 -2
1160.56005859 2 -1
1161.31005859 2 0
1161.92602539 2 1
1162.74194336 2 2
1163.56201172 3 2
1164.3170166 3 3
r
1164.93994141 -2 2
1165.58203125 -1 2
1166.39501953 0 2
1167.06994629 1 2
1167.7220459 2 2
1168.48303223 3 2
1169.17504883 3 3
r
1169.81494141 2 2
1170.6340332 2 3
1171.50695801 3 3
r
1172.25805664 -2 -2
1173.05297852 -2 -3
1173.66894531 -3 -3
r
1174.55505371 2 -2
1175.35998535 2 -1
1176.01293945 2 0
1176.8659668 2 1
1177.55004883 2 2
1178.28894043 3 2
1178.93994141 3 3
r
1179.5489502 -2 2
1180.44396973 -1 2
1181.29199219 0 2
1182.13598633 1 2
1182.80603027 2 2
1183.69897461 3 2
1184.31494141 3 3
r
1185.10302734 2 2
1185.81604004 2 3
1186.57104492 3 3
r
1187.34899902 -2 -2
1188.05200195 -2 -3
1188.91796875 -3 -3
r
1189.62402344 2 -2
1190.39599609 2 -1
1191.26293945 2 0
1192.04394531 2 1
1192.65100098 2 2
1193.4699707 2 3
1194.13793945 3 3
r
1194.76794434 -2 2
1195.65600586 -1 2
1196.48095703 0 2
1197.16503906 1 2
1197.8470459 2 2
1198.47705078 2 3
1199.24499512 3 3
r
1199.92004395 2 2
1200.60803223 3 2
1201.49902344 3 3
r
1202.39599609 -2 -2
1203.03601074 -2 -3
1203.83203125 -3 -3
r
1204.54797363 2 -2
1205.22705078 2 -1
1205.93994141 2 0
1206.81005859 2 1
1207.41796875 2 2
1208.08996582 3 2
1208.74597168 3 3
r
1209.58605957 -2 2
1210.36901855 -1 2
1211.24499512 0 2
1211.89794922 1 2
1212.53405762 2 2
1213.26904297 3 2
1214.10803223 3 3
r
1214.93505859 2 2
1215.82104492 3 2
1216.63598633 3 3
r
1217.44897461 -2 -2
1218.28601074 -2 -3
1219.02404785 -3 -3
r
1219.89001465 2 -2
1220.66296387 2 -1
1221.5279541 2 0
1222.21594238 2 1
1222.93395996 2 2
1223.81799316 3 2
1224.67700195 3 3
r
1225.37597656 -2 2
1226.2220459 -1 2
1227.01196289 0 2
1227.87805176 1 2
1228.61999512 2 2
1229.35803223 3 2
1230.20898438 3 3
r
1231.07800293 2 2
1231.70996094 3 2
1232.47094727 3 3
r
1233.35900879 -2 -2
1233.96496582 -2 -3
1234.69494629 -3 -3
r
1235.56103516 2 -2
1236.20800781 2 -1
1237.09301758 2 0
1237.82995605 2 1
1238.56298828 2 2
1239.42504883 3 2
1240.08398438 3 3
r
1240.81494141 -2 2
1241.5489502 -1 2
1242.21105957 0 2
1243.01000977 1 2
1243.85998535 2 2
1244.7220459 3 2
1245.46704102 3 3
r
1246.3380127 2 2
1247.04504395 2 3
1247.72302246 3 3
r
1248.55102539 -2 -2
1249.4420166 -2 -3
1250.16894531 -3 -3
r
1250.98706055 2 -2
1251.60498047 2 -1
1252.46105957 2 0
1253.24804688 2 1
1254.06005859 2 2
1254.92297363 3 2
1255.53894043 3 3
r
1256.42102051 -2 2
1257.20898438 -1 2
1257.91503906 0 2
1258.80200195 1 2
1259.50402832 2 2
1260.26098633 3 2
1261.08203125 3 3
r
1261.79003906 2 2
1262.41601562 3 2
1263.14099121 3 3
r
1263.76293945 -2 -2
1264.55200195 -2 -3
1265.31494141 -3 -3
r
1266.21496582 2 -2
1267.10400391 2 -1
1267.92602539 2 0
1268.69799805 2 1
1269.34594727 2 2
1269.99401855 3 2
1270.77600098 3 3
r
1271.54296875 -2 2
1272.32995605 -1 2
1272.93603516 0 2
1273.54199219 1 2
1274.42895508 2 2
1275.03503418 3 2
1275.80505371 3 3
r
1276.60498047 2 2
1277.47998047 2 3
1278.25500488 3 3
r
1279.04003906 -2 -2
1279.82299805 -2 -3
1280.65002441 -3 -3
r
1281.43603516 2 -2
1282.22094727 2 -1
1282.83496094 2 0
1283.55102539 2 1
1284.44702148 2 2
1285.14904785 3 2
1286.01904297 3 3
r
1286.7989502 -2 2
1287.64099121 -1 2
1288.29602051 0 2
1289.01196289 1 2
1289.89404297 2 2
1290.69995117 3 2
1291.54699707 3 3
r
1292.31896973 2 2
1293.01293945 3 2
1293.88500977 3 3
r
1294.57897949 -2 -2
1295.31604004 -2 -3
1296.15795898 -3 -3
r
1296.77697754 2 -2
1297.4329834 2 -1
1298.06896973 2 0
1298.74401855 2 1
1299.61206055 2 2
1300.50097656 3 2
1301.13098145 3 3
r
1302.00402832 -2 2
1302.66796875 -1 2
1303.45898438 0 2
1304.09594727 1 2
1304.77600098 2 2
1305.38598633 3 2
1306.28100586 3 3
r
1306.90405273 2 2
1307.60498047 3 2
1308.2989502 3 3
r
1309.01196289 -2 -2
1309.6529541 -2 -3
1310.28503418 -3 -3
r
1311.17602539 2 -2
1311.94702148 2 -1
1312.76904297 2 0
1313.56005859 2 1
1314.21203613 2 2
1314.89001465 3 2
1315.55505371 3 3
r
1316.20397949 -2 2
1316.89294434 -1 2
1317.7199707 0 2
1318.54394531 1 2
1319.16394043 2 2
1319.82397461 3 2
1320.66394043 3 3
r
1321.39404297 2 2
1322.23803711 2 3
1322.85803223 3 3
r
1323.67602539 -2 -2
1324.35595703 -2 -3
1325.0090332 -3 -3
r
1325.70703125 2 -2
1326.4630127 2 -1
1327.3380127 2 0
1328.1920166 2 1
1329.03405762 2 2
1329.91503906 3 2
1330.60900879 3 3
r
1331.27697754 -2 2
1332.06298828 -1 2
1332.8840332 0 2
1333.55895996 1 2
1334.35205078 2 2
1335.24304199 3 2
1335.97094727 3 3
r
1336.64294434 2 2
1337.36303711 2 3
1338.13195801 3 3
r
1338.79504395 -2 -2
1339.4909668 -2 -3
1340.13903809 -3 -3
r
1341.00598145 2 -2
1341.83203125 2 -1
1342.57397461 2 0
1343.42504883 2 1
1344.125 2 2
1344.82800293 3 2
1345.68200684 3 3
r
1346.53894043 -2 2
1347.34997559 -1 2
1348.06896973 0 2
1348.68200684 1 2
1349.5369873 2 2
1350.28198242 3 2
1351.125 3 3
r
1351.81201172 2 2
1352.44494629 3 2
1353.28100586 3 3
r
1354.07800293 -2 -2
1354.83105469 -2 -3
1355.7130127 -3 -3
r
1356.57104492 2 -2
1357.40100098 2 -1
1358.24401855 2 0
1359.07800293 2 1
1359.8659668 2 2
1360.5579834 3 2
1361.23901367 3 3
r
1361.96801758 -2 2
1362.78601074 -1 2
1363.41796875 0 2
1364.15600586 1 2
1365.04199219 2 2
1365.71801758 3 2
1366.49304199 3 3
r
1367.22900391 2 2
1368.08703613 2 3
1368.78894043 3 3
r
1369.49597168 -2 -2
1370.35803223 -2 -3
1370.97094727 -3 -3
r
1371.75305176 2 -2
1372.42504883 2 -1
1373.25695801 2 0
1373.98205566 2 1
1374.73400879 2 2
1375.3840332 3 2
1375.98706055 3 3
r
1376.8079834 -2 2
1377.54797363 -1 2
1378.37194824 0 2
1379.01501465 1 2
1379.63793945 2 2
1380.49804688 3 2
1381.2590332 3 3
r
1382.10095215 2 2
1382.85900879 2 3
1383.70495605 3 3
r
1384.5760498 -2 -2
1385.43701172 -2 -3
1386.1159668 -3 -3
r
1386.97900391 2 -2
1387.63903809 2 -1
1388.46704102 2 0
1389.29699707 2 1
1390.13903809 2 2
1390.86206055 3 2
1391.67504883 3 3
r
1392.31005859 -2 2
1393.1529541 -1 2
1393.99401855 0 2
1394.83605957 1 2
1395.58605957 2 2
1396.37194824 3 2
1397.01098633 3 3
r
1397.67199707 2 2
1398.49804688 2 3
1399.16003418 3 3
r
1400.00402832 -2 -2
1400.60803223 -2 -3
1401.36901855 -3 -3
r
1402.26000977 2 -2
1402.91601562 2 -1
1403.7989502 2 0
1404.41601562 2 1
1405.19396973 2 2
1405.89001465 3 2
1406.77197266 3 3
r
1407.50805664 -2 2
1408.1159668 -1 2
1408.73706055 0 2
1409.57104492 1 2
1410.45202637 2 2
1411.17297363 3 2
1411.80603027 3 3
r
1412.61999512 2 2
1413.39404297 2 3
1414.27502441 3 3
r
1414.97595215 -2 -2
1415.60595703 -2 -3
1416.2220459 -3 -3
r
1416.95495605 2 -2
1417.76403809 2 -1
1418.4029541 2 0
1419.03100586 2 1
1419.7220459 2 2
1420.53503418 3 2
1421.33105469 3 3
r
1422.05603027 -2 2
1422.75305176 -1 2
1423.41699219 0 2
1424.13000488 1 2
1424.96203613 2 2
1425.64697266 3 2
1426.41296387 3 3
r
1427.19604492 2 2
1427.93505859 2 3
1428.72595215 3 3
r
1429.42700195 -2 -2
1430.07202148 -2 -3
1430.69604492 -3 -3
r
1431.33496094 2 -2
1431.96105957 2 -1
1432.79296875 2 0
1433.51696777 2 1
1434.39904785 2 2
1435.18701172 3 2
1435.875 3 3
r
1436.64904785 -2 2
1437.35498047 -1 2
1438.18701172 0 2
1438.84094238 1 2
1439.45300293 2 2
1440.2590332 3 2
1441.14794922 3 3
r
1441.80297852 2 2
1442.67504883 2 3
1443.53601074 3 3
r
1444.37194824 -2 -2
1445.11804199 -2 -3
1445.77502441 -3 -3
r
1446.59204102 2 -2
1447.4909668 2 -1
1448.25402832 2 0
1449.07495117 2 1
1449.90002441 2 2
1450.64196777 3 2
1451.49304199 3 3
r
1452.28894043 -2 2
1452.89501953 -1 2
1453.71801758 0 2
1454.43701172 1 2
1455.18994141 2 2
1455.92602539 3 2
1456.58398438 3 3
r
1457.24694824 2 2
1457.92004395 3 2
1458.73400879 3 3
r
1459.56298828 -2 -2
1460.24804688 -2 -3
1461.10900879 -3 -3
r
1461.92102051 2 -2
1462.81994629 2 -1
1463.52294922 2 0
1464.16101074 2 1
1464.94995117 2 2
1465.71801758 3 2
1466.33496094 3 3
r
1466.94396973 -2 2
1467.64599609 -1 2
1468.54003906 0 2
1469.36901855 1 2
1470.22705078 2 2
1471.08898926 3 2
1471.73400879 3 3
r
1472.57299805 2 2
1473.34204102 2 3
1474.17895508 3 3
r
1474.88098145 -2 -2
1475.64904785 -2 -3
1476.43005371 -3 -3
r
1477.08605957 2 -2
1477.95397949 2 -1
1478.7590332 2 0
1479.45202637 2 1
1480.0760498 2 2
1480.7869873 3 2
1481.64294434 3 3
r
1482.38305664 -2 2
1483.01403809 -1 2
1483.63696289 0 2
1484.50097656 1 2
1485.21704102 2 2
1485.9510498 3 2
1486.85095215 3 3
r
1487.50695801 2 2
1488.10803223 2 3
1488.75 3 3
r
1489.60400391 -2 -2
1490.42797852 -2 -3
1491.19104004 -3 -3
r
1492.08496094 2 -2
1492.87402344 2 -1
1493.53796387 2 0
1494.22094727 2 1
1494.97998047 2 2
1495.70898438 3 2
1496.59802246 3 3
r
1497.29101562 -2 2
1498.16296387 -1 2
1498.8449707 0 2
1499.57800293 1 2
1500.18395996 2 2
1500.86694336 3 2
1501.70800781 3 3
r
1502.41699219 2 2
1503.21203613 2 3
1503.9239502 3 3
r
1504.62805176 -2 -2
1505.50695801 -2 -3
1506.34594727 -3 -3
r
1507.09094238 2 -2
1507.75402832 2 -1
1508.51696777 2 0
1509.1550293 2 1
1510.03295898 2 2
1510.80895996 3 2
1511.4510498 3 3
r
1512.11804199 -2 2
1512.79699707 -1 2
1513.45605469 0 2
1514.22998047 1 2
1515.06994629 2 2
1515.95996094 3 2
1516.83898926 3 3
r
1517.5579834 2 2
1518.34301758 2 3
1519.1550293 3 3
r
1519.77502441 -2 -2
1520.49499512 -2 -3
1521.17504883 -3 -3
r
1522.04394531 2 -2
1522.74304199 2 -1
1523.53894043 2 0
1524.34301758 2 1
1525.13793945 2 2
1526.01403809 3 2
1526.8079834 3 3
r
1527.61096191 -2 2
1528.4510498 -1 2
1529.31604004 0 2
1530.05102539 1 2
1530.65905762 2 2
1531.3470459 3 2
1532.15795898 3 3
r
1532.78295898 2 2
1533.55603027 2 3
1534.38793945 3 3
r
1535.19494629 -2 -2
1535.89794922 -2 -3
1536.70605469 -3 -3
r
1537.56396484 2 -2
1538.42602539 2 -1
1539.28295898 2 0
1540.15405273 2 1
1540.8470459 2 2
1541.54797363 3 2
1542.19494629 3 3
r
1543.08105469 -2 2
1543.93701172 -1 2
1544.73901367 0 2
1545.40002441 1 2
1546.1619873 2 2
1546.87097168 3 2
1547.76403809 3 3
r
1548.6159668 2 2
1549.23205566 3 2
1550.02404785 3 3
r
1550.65600586 -2 -2
1551.375 -2 -3
1552.02404785 -3 -3
r
1552.91296387 2 -2
1553.60498047 2 -1
1554.43395996 2 0
1555.24304199 2 1
1555.95495605 2 2
1556.56896973 3 2
1557.46801758 3 3
r
1558.1920166 -2 2
1558.93701172 -1 2
1559.82995605 0 2
1560.6619873 1 2
1561.38098145 2 2
1562.12902832 3 2
1562.77197266 3 3
r
1563.59899902 2 2
1564.35205078 2 3
1564.95996094 3 3
r
1565.62902832 -2 -2
1566.32104492 -2 -3
1566.92602539 -3 -3
r
1567.62695312 2 -2
1568.35998535 2 -1
1569.16503906 2 0
1570.02294922 2 1
1570.75097656 2 2
1571.58605957 3 2
1572.30395508 3 3
r
1572.9420166 -2 2
1573.71594238 -1 2
1574.57897949 0 2
1575.22497559 1 2
1575.93798828 2 2
1576.8079834 2 3
1577.48498535 3 3
r
1578.19897461 2 2
1578.80004883 2 3
1579.56103516 3 3
r
1580.45703125 -2 -2
1581.08300781 -2 -3
1581.81799316 -3 -3
r
1582.51000977 2 -2
1583.31005859 2 -1
1584.0949707 2 0
1584.80603027 2 1
1585.57995605 2 2
1586.37304688 2 3
1587.125 3 3
r
1587.96203613 -2 2
1588.73205566 -1 2
1589.56799316 0 2
1590.33703613 1 2
1591.01599121 2 2
1591.65600586 2 3
1592.42797852 3 3
r
1593.05297852 2 2
1593.85302734 2 3
1594.67102051 3 3
r
1595.39196777 -2 -2
1596.27905273 -2 -3
1597.04101562 -3 -3
r
1597.66003418 2 -2
1598.5279541 2 -1
1599.25695801 2 0
1599.92504883 2 1
1600.71594238 2 2
1601.54003906 2 3
1602.14599609 3 3
r
1603.03601074 -2 2
1603.76000977 -1 2
1604.38500977 0 2
1605.06994629 1 2
1605.91796875 2 2
1606.6159668 2 3
1607.40905762 3 3
r
1608.2779541 2 2
1609.15698242 2 3
1609.98999023 3 3
r
1610.59204102 -2 -2
1611.42700195 -2 -3
1612.24304199 -3 -3
r
1612.98901367 2 -2
1613.63500977 2 -1
1614.45703125 2 0
1615.09899902 2 1
1615.93395996 2 2
1616.81396484 2 3
1617.57702637 3 3
r
1618.30505371 -2 2
1619.09899902 -1 2
1619.92895508 0 2
1620.5760498 1 2
1621.44799805 2 2
1622.18701172 2 3
1623.00305176 3 3
r
1623.67199707 2 2
1624.45996094 3 2
1625.35705566 3 3
r
1626.07800293 -2 -2
1626.9630127 -2 -3
1627.81896973 -3 -3
r
1628.56994629 2 -2
1629.3260498 2 -1
1630.14904785 2 0
1630.89001465 2 1
1631.74499512 2 2
1632.57299805 3 2
1633.2800293 3 3
r
1633.9239502 -2 2
1634.70898438 -1 2
1635.52502441 0 2
1636.23303223 1 2
1637.00805664 2 2
1637.71704102 3 2
1638.5670166 3 3
r
1639.22302246 2 2
1640.01599121 2 3
1640.79504395 3 3
r
1641.4029541 -2 -2
1642.10400391 -2 -3
1642.76293945 -3 -3
r
1643.60498047 2 -2
1644.375 2 -1
1645.16101074 2 0
1645.89404297 2 1
1646.70703125 2 2
1647.5489502 3 2
1648.39794922 3 3
r
1649.04602051 -2 2
1649.82495117 -1 2
1650.43005371 0 2
1651.18798828 1 2
1652.0369873 2 2
1652.79699707 3 2
1653.43994141 3 3
r
1654.10302734 2 2
1654.93701172 2 3
1655.83605957 3 3
r
1656.57495117 -2 -2
1657.34399414 -2 -3
1658.11999512 -3 -3
r
1658.84399414 2 -2
1659.51904297 2 -1
1660.13000488 2 0
1660.94604492 2 1
1661.83898926 2 2
1662.54003906 3 2
1663.28100586 3 3
r
1663.90905762 -2 2
1664.53894043 -1 2
1665.18005371 0 2
1665.875 1 2
1666.60998535 2 2
1667.44799805 3 2
1668.33105469 3 3
r
1668.99597168 2 2
1669.83605957 2 3
1670.51904297 3 3
r
1671.33703613 -2 -2
1672.18603516 -2 -3
1673.06799316 -3 -3
r
1673.73596191 2 -2
1674.42504883 2 -1
1675.02905273 2 0
1675.89599609 2 1
1676.50097656 2 2
1677.33898926 3 2
1678.1159668 3 3
r
1678.88793945 -2 2
1679.65795898 -1 2
1680.43603516 0 2
1681.13195801 1 2
1681.81201172 2 2
1682.52905273 3 2
1683.25195312 3 3
r
1684.08300781 2 2
1684.8470459 3 2
1685.66503906 3 3
r
1686.29199219 -2 -2
1686.98901367 -2 -3
1687.64599609 -3 -3
r
1688.47302246 2 -2
1689.30700684 2 -1
1690.10205078 2 0
1690.74804688 2 1
1691.39294434 2 2
1692.1340332 3 2
1692.90405273 3 3
r
1693.5579834 -2 2
1694.30395508 -1 2
1695.10803223 0 2
1695.83105469 1 2
1696.65405273 2 2
1697.35400391 3 2
1698.22900391 3 3
r
1699.02502441 2 2
1699.62805176 2 3
1700.25695801 3 3
r
1701.10803223 -2 -2
1701.94897461 -2 -3
1702.63598633 -3 -3
r
1703.28100586 2 -2
1704.0300293 2 -1
1704.70495605 2 0
1705.5760498 2 1
1706.19897461 2 2
1707.08996582 3 2
1707.72094727 3 3
r
1708.56298828 -2 2
1709.25598145 -1 2
1710.0279541 0 2
1710.87597656 1 2
1711.56298828 2 2
1712.4329834 3 2
1713.14697266 3 3
r
1713.98498535 2 2
1714.60705566 2 3
1715.38903809 3 3
r
1716.09301758 -2 -2
1716.93005371 -2 -3
1717.73303223 -3 -3
r
1718.63098145 2 -2
1719.30102539 2 -1
1720.16503906 2 0
1720.88696289 2 1
1721.73803711 2 2
1722.56799316 3 2
1723.45996094 3 3
r
1724.22802734 -2 2
1725.01098633 -1 2
1725.9050293 0 2
1726.77001953 1 2
1727.49804688 2 2
1728.24597168 3 2
1728.9510498 3 3
r
1729.76403809 2 2
1730.47900391 2 3
1731.36499023 3 3
r
1732.12695312 -2 -2
1732.97094727 -2 -3
1733.5970459 -3 -3
r
1734.38903809 2 -2
1735.20495605 2 -1
1736.05895996 2 0
1736.94494629 2 1
1737.83398438 2 2
1738.49304199 3 2
1739.30102539 3 3
r
1740.01196289 -2 2
1740.78405762 -1 2
1741.64794922 0 2
1742.39697266 1 2
1743.26501465 2 2
1744.03601074 3 2
1744.72998047 3 3
r
1745.46899414 2 2
1746.20495605 2 3
1746.86096191 3 3
r
1747.60900879 -2 -2
1748.31604004 -2 -3
1749.2130127 -3 -3
r
1749.94299316 2 -2
1750.64196777 2 -1
1751.3380127 2 0
1752.01293945 2 1
1752.64294434 2 2
1753.4699707 3 2
1754.33605957 3 3
r
1755.08105469 -2 2
1755.78405762 -1 2
1756.58703613 0 2
1757.43200684 1 2
1758.20202637 2 2
1758.8079834 2 3
1759.58203125 3 3
r
1760.40002441 2 2
1761.2199707 2 3
1762.09094238 3 3
r
1762.84399414 -2 -2
1763.52502441 -2 -3
1764.24304199 -3 -3
r
1765.10302734 2 -2
1765.75402832 2 -1
1766.36999512 2 0
1767.20495605 2 1
1767.84204102 2 2
1768.57702637 2 3
1769.27001953 3 3
r
1770.16503906 -2 2
1770.95898438 -1 2
1771.63793945 0 2
1772.48999023 1 2
1773.30505371 2 2
1773.91796875 2 3
1774.72705078 3 3
r
1775.52099609 2 2
1776.3380127 2 3
1776.96801758 3 3
r
1777.73999023 -2 -2
1778.40002441 -2 -3
1779.25598145 -3 -3
r
1780.01904297 2 -2
1780.69494629 2 -1
1781.39501953 2 0
1782.00695801 2 1
1782.77697754 2 2
1783.43896484 2 3
1784.10705566 3 3
r
1784.77099609 -2 2
1785.64904785 -1 2
1786.26293945 0 2
1786.90405273 1 2
1787.73706055 2 2
1788.54699707 2 3
1789.17797852 3 3
r
1789.80102539 2 2
1790.62695312 2 3
1791.51000977 3 3
r
1792.18896484 -2 -2
1793.0300293 -2 -3
1793.86804199 -3 -3
r
1794.72497559 2 -2
1795.56604004 2 -1
1796.22705078 2 0
1796.91894531 2 1
1797.62695312 2 2
1798.27197266 2 3
1798.95898438 3 3
r
1799.77404785 -2 2
1800.47802734 -1 2
1801.07897949 0 2
1801.94995117 1 2
1802.625 2 2
1803.29504395 2 3
1803.91796875 3 3
r
1804.60205078 2 2
1805.25 2 3
1806.11694336 3 3
r
1806.95703125 -2 -2
1807.76794434 -2 -3
1808.45703125 -3 -3
r
1809.18994141 2 -2
1809.98999023 2 -1
1810.7590332 2 0
1811.58203125 2 1
1812.45800781 2 2
1813.2199707 2 3
1813.87597656 3 3
r
1814.48303223 -2 2
1815.15795898 -1 2
1815.82397461 0 2
1816.44702148 1 2
1817.2779541 2 2
1818.06396484 2 3
1818.85900879 3 3
r
1819.53295898 2 2
1820.40197754 3 2
1821.25097656 3 3
r
1822.09594727 -2 -2
1822.89794922 -2 -3
1823.63500977 -3 -3
r
1824.47399902 2 -2
1825.35400391 2 -1
1826.24597168 2 0
1826.8470459 2 1
1827.47497559 2 2
1828.30505371 3 2
1829.18994141 3 3
r
1830.07800293 -2 2
1830.97705078 -1 2
1831.6159668 0 2
1832.38598633 1 2
1833.21398926 2 2
1833.89001465 3 2
1834.57495117 3 3
r
1835.38598633 2 2
1836.18994141 2 3
1836.93505859 3 3
r
1837.77099609 -2 -2
1838.67102051 -2 -3
1839.33703613 -3 -3
r
1840.21398926 2 -2
1840.99804688 2 -1
1841.83703613 2 0
1842.5949707 2 1
1843.47998047 2 2
1844.29199219 3 2
1845.01098633 3 3
r
1845.86206055 -2 2
1846.68200684 -1 2
1847.5670166 0 2
1848.32897949 1 2
1848.98901367 2 2
1849.61901855 3 2
1850.37402344 3 3
r
1851.04602051 2 2
1851.87194824 2 3
1852.68896484 3 3
r
1853.54602051 -2 -2
1854.41503906 -2 -3
1855.19604492 -3 -3
r
1855.9420166 2 -2
1856.59094238 2 -1
1857.47399902 2 0
1858.07897949 2 1
1858.68505859 2 2
1859.30297852 3 2
1859.91894531 3 3
r
1860.8079834 -2 2
1861.4699707 -1 2
1862.16101074 0 2
1862.87902832 1 2
1863.55004883 2 2
1864.31604004 3 2
1865.16003418 3 3
r
1865.81994629 2 2
1866.50500488 2 3
1867.21899414 3 3
r
1868.11303711 -2 -2
1868.85803223 -2 -3
1869.64404297 -3 -3
r
1870.47900391 2 -2
1871.14599609 2 -1
1871.91894531 2 0
1872.57995605 2 1
1873.32397461 2 2
1873.92895508 3 2
1874.75402832 3 3
r
1875.48095703 -2 2
1876.31005859 -1 2
1876.96203613 0 2
1877.59594727 1 2
1878.31494141 2 2
1879.20202637 3 2
1880.09301758 3 3
r
1880.88500977 2 2
1881.53894043 2 3
1882.43005371 3 3
r
1883.27697754 -2 -2
1883.93200684 -2 -3
1884.54101562 -3 -3
r
1885.36206055 2 -2
1886.16394043 2 -1
1887.06298828 2 0
1887.76196289 2 1
1888.5670166 2 2
1889.39599609 3 2
1890.10803223 3 3
r
1891.00805664 -2 2
1891.75598145 -1 2
1892.5489502 0 2
1893.39501953 1 2
1894.01098633 2 2
1894.89501953 3 2
1895.58300781 3 3
r
1896.25305176 2 2
1897.12805176 2 3
1897.97399902 3 3
r
1898.83898926 -2 -2
1899.55895996 -2 -3
1900.29199219 -3 -3
r
1900.97998047 2 -2
1901.71704102 2 -1
1902.44104004 2 0
1903.05505371 2 1
1903.86206055 2 2
1904.72497559 2 3
1905.41796875 3 3
r
1906.12194824 -2 2
1906.97094727 -1 2
1907.7989502 0 2
1908.60998535 1 2
1909.41796875 2 2
1910.25805664 3 2
1911.09899902 3 3
r
1911.98205566 2 2
1912.72595215 2 3
1913.43005371 3 3
r
1914.24304199 -2 -2
1915.07995605 -2 -3
1915.90698242 -3 -3
r
1916.73095703 2 -2
1917.41503906 2 -1
1918.17199707 2 0
1918.96899414 2 1
1919.72900391 2 2
1920.5090332 3 2
1921.35705566 3 3
r
1922.08105469 -2 2
1922.69702148 -1 2
1923.32702637 0 2
1924.17199707 1 2
1924.84301758 2 2
1925.5880127 3 2
1926.25305176 3 3
r
1926.88903809 2 2
1927.54003906 2 3
1928.3079834 3 3
r
1929.16601562 -2 -2
1930.04003906 -2 -3
1930.68005371 -3 -3
r
1931.29699707 2 -2
1931.99804688 2 -1
1932.74194336 2 0
1933.5579834 2 1
1934.36096191 2 2
1935.08105469 2 3
1935.94299316 3 3
r
1936.83898926 -2 2
1937.68200684 -1 2
1938.3449707 0 2
1938.9699707 1 2
1939.68798828 2 2
1940.43395996 3 2
1941.16003418 3 3
r
1941.7779541 2 2
1942.48095703 2 3
1943.23205566 3 3
r
1943.96203613 -2 -2
1944.82800293 -2 -3
1945.45898438 -3 -3
r
1946.28295898 2 -2
1947.11303711 2 -1
1947.85302734 2 0
1948.73596191 2 1
1949.47399902 2 2
1950.33300781 2 3
1951.21496582 3 3
r
1951.82995605 -2 2
1952.49597168 -1 2
1953.15698242 0 2
1953.87304688 1 2
1954.61303711 2 2
1955.29602051 2 3
1956.04003906 3 3
r
1956.67102051 2 2
1957.46496582 2 3
1958.34594727 3 3
r
1959.14599609 -2 -2
1959.80297852 -2 -3
1960.49804688 -3 -3
r
1961.28100586 2 -2
1961.98999023 2 -1
1962.61499023 2 0
1963.33398438 2 1
1964.01501465 2 2
1964.71105957 2 3
1965.33203125 3 3
r
1966.02697754 -2 2
1966.64697266 -1 2
1967.31396484 0 2
1968.14099121 1 2
1968.94299316 2 2
1969.83496094 2 3
1970.71704102 3 3
r
1971.33300781 2 2
1972.05200195 2 3
1972.79504395 3 3
r
1973.41503906 -2 -2
1974.05895996 -2 -3
1974.85498047 -3 -3
r
1975.61096191 2 -2
1976.32800293 2 -1
1977.10498047 2 0
1977.89501953 2 1
1978.79199219 2 2
1979.39599609 3 2
1980.18200684 3 3
r
1981.04003906 -2 2
1981.77099609 -1 2
1982.45397949 0 2
1983.21801758 1 2
1983.88500977 2 2
1984.72705078 3 2
1985.42297363 3 3
r
1986.05603027 2 2
1986.66296387 3 2
1987.38598633 3 3
r
1988.2800293 -2 -2
1989.01098633 -2 -3
1989.68701172 -3 -3
r
1990.43994141 2 -2
1991.07104492 2 -1
1991.79797363 2 0
1992.48205566 2 1
1993.20800781 2 2
1994.02001953 3 2
1994.65905762 3 3
r
1995.36206055 -2 2
1996.0489502 -1 2
1996.76293945 0 2
1997.65600586 1 2
1998.52001953 2 2
1999.1739502 3 2
1999.85095215 3 3
r
2000.59899902 2 2
2001.36401367 2 3
2002.12304688 3 3
r
2002.82397461 -2 -2
2003.57104492 -2 -3
2004.44104004 -3 -3
r
2005.20202637 2 -2
2005.97595215 2 -1
2006.76000977 2 0
2007.38598633 2 1
2008.13793945 2 2
2008.73803711 3 2
2009.48205566 3 3
r
2010.28796387 -2 2
2011.1159668 -1 2
2011.84204102 0 2
2012.61499023 1 2
2013.42895508 2 2
2014.10705566 3 2
2014.92297363 3 3
r
2015.70996094 2 2
2016.60998535 2 3
2017.43701172 3 3
r
2018.19995117 -2 -2
2019.09301758 -2 -3
2019.97595215 -3 -3
r
2020.81604004 2 -2
2021.44799805 2 -1
2022.13500977 2 0
2022.75598145 2 1
2023.56799316 2 2
2024.28198242 3 2
2025.06799316 3 3
r
2025.76696777 -2 2
2026.44396973 -1 2
2027.15197754 0 2
2027.99499512 1 2
2028.61096191 2 2
2029.39404297 3 2
2030.01293945 3 3
r
2030.6340332 2 2
2031.38696289 2 3
2032.17797852 3 3
r
2032.81396484 -2 -2
2033.50805664 -2 -3
2034.28894043 -3 -3
r
2035.12097168 2 -2
2035.7800293 2 -1
2036.39001465 2 0
2037.22998047 2 1
2037.89904785 2 2
2038.58496094 3 2
2039.23999023 3 3
r
2039.99902344 -2 2
2040.66894531 -1 2
2041.53405762 0 2
2042.35498047 1 2
2043.0970459 2 2
2043.98205566 2 3
2044.70703125 3 3
r
2045.44799805 2 2
2046.28100586 2 3
2047.05297852 3 3
r
2047.87902832 -2 -2
2048.69702148 -2 -3
2049.31103516 -3 -3
r
2049.92089844 2 -2
2050.72094727 2 -1
2051.55688477 2 0
2052.20507812 2 1
2053.03100586 2 2
2053.65209961 2 3
2054.50805664 3 3
r
2055.16503906 -2 2
2056.04711914 -1 2
2056.76708984 0 2
2057.53295898 1 2
2058.33007812 2 2
2059.17211914 2 3
2059.83203125 3 3
r
2060.51391602 2 2
2061.13598633 3 2
2061.85498047 3 3
r
2062.71801758 -2 -2
2063.50292969 -2 -3
2064.13989258 -3 -3
r
2064.90307617 2 -2
2065.79296875 2 -1
2066.62402344 2 0
2067.31811523 2 1
2068.17602539 2 2
2068.98999023 3 2
2069.76611328 3 3
r
2070.59204102 -2 2
2071.38500977 -1 2
2072.18188477 0 2
2073.00708008 1 2
2073.8449707 2 2
2074.71411133 3 2
2075.60498047 3 3
r
2076.34008789 2 2
2077.14697266 3 2
2077.98291016 3 3
r
2078.80810547 -2 -2
2079.60791016 -2 -3
2080.20898438 -3 -3
r
2080.88696289 2 -2
2081.51098633 2 -1
2082.18701172 2 0
2082.9519043 2 1
2083.74707031 2 2
2084.54199219 3 2
2085.36499023 3 3
r
2086.18310547 -2 2
2086.96801758 -1 2
2087.5690918 0 2
2088.45898438 1 2
2089.2980957 2 2
2090.17993164 3 2
2091.05395508 3 3
r
2091.74511719 2 2
2092.39990234 3 2
2093.06689453 3 3
r
2093.74511719 -2 -2
2094.58789062 -2 -3
2095.26000977 -3 -3
r
2096.11303711 2 -2
2096.95996094 2 -1
2097.85791016 2 0
2098.74707031 2 1
2099.36108398 2 2
2100.19311523 3 2
2100.98193359 3 3
r
2101.60107422 -2 2
2102.34790039 -1 2
2103.03491211 0 2
2103.85107422 1 2
2104.56298828 2 2
2105.17895508 3 2
2105.97607422 3 3
r
2106.60693359 2 2
2107.25708008 2 3
2107.95703125 3 3
r
2108.67407227 -2 -2
2109.3359375 -2 -3
2110.23291016 -3 -3
r
2111.04711914 2 -2
2111.76708984 2 -1
2112.63696289 2 0
2113.46606445 2 1
2114.24389648 2 2
2114.8659668 3 2
2115.55493164 3 3
r
2116.3359375 -2 2
2117.22094727 -1 2
2117.83300781 0 2
2118.44897461 1 2
2119.1809082 2 2
2119.80297852 3 2
2120.65405273 3 3
r
2121.41992188 2 2
2122.25805664 2 3
2122.86499023 3 3
r
2123.55810547 -2 -2
2124.20898438 -2 -3
2124.87402344 -3 -3
r
2125.49511719 2 -2
2126.20092773 2 -1
2127.02709961 2 0
2127.88500977 2 1
2128.53100586 2 2
2129.39599609 3 2
2130.06298828 3 3
r
2130.73388672 -2 2
2131.38891602 -1 2
2132.11010742 0 2
2132.79492188 1 2
2133.63696289 2 2
2134.48291016 3 2
2135.11108398 3 3
r
2135.72705078 2 2
2136.37011719 2 3
2137.03100586 3 3
r
2137.81494141 -2 -2
2138.58398438 -2 -3
2139.37402344 -3 -3
r
2139.98999023 2 -2
2140.85107422 2 -1
2141.71801758 2 0
2142.41088867 2 1
2143.13110352 2 2
2143.96411133 3 2
2144.57299805 3 3
r
2145.21899414 -2 2
2145.87304688 -1 2
2146.69189453 0 2
2147.41308594 1 2
2148.14404297 2 2
2149.02197266 3 2
2149.86206055 3 3
r
2150.54003906 2 2
2151.14404297 2 3
2151.98095703 3 3
r
2152.87890625 -2 -2
2153.53295898 -2 -3
2154.18994141 -3 -3
r
2154.82299805 2 -2
2155.59912109 2 -1
2156.28100586 2 0
2157.09912109 2 1
2157.97802734 2 2
2158.7890625 2 3
2159.58007812 3 3
r
2160.45092773 -2 2
2161.3059082 -1 2
2162.00708008 0 2
2162.65405273 1 2
2163.5090332 2 2
2164.34790039 2 3
2165.18505859 3 3
r
2165.99804688 2 2
2166.76293945 2 3
2167.50292969 3 3
r
2168.13793945 -2 -2
2168.87207031 -2 -3
2169.64599609 -3 -3
r
2170.35791016 2 -2
2171.11010742 2 -1
2171.96899414 2 0
2172.69506836 2 1
2173.47900391 2 2
2174.27905273 2 3
2175.17797852 3 3
r
2175.92407227 -2 2
2176.77905273 -1 2
2177.4440918 0 2
2178.12890625 1 2
2178.8190918 2 2
2179.46411133 2 3
2180.30004883 3 3
r
2180.96704102 2 2
2181.59912109 2 3
2182.42407227 3 3
r
2183.32202148 -2 -2
2184.0 -2 -3
2184.6159668 -3 -3
r
2185.25097656 2 -2
2186.09008789 2 -1
2186.98510742 2 0
2187.75488281 2 1
2188.37695312 2 2
2189.17211914 3 2
2189.80810547 3 3
r
2190.66503906 -2 2
2191.31494141 -1 2
2192.17993164 0 2
2192.91503906 1 2
2193.68896484 2 2
2194.56591797 3 2
2195.20996094 3 3
r
2195.88891602 2 2
2196.66894531 3 2
2197.29296875 3 3
r
2197.99804688 -2 -2
2198.82202148 -2 -3
2199.53710938 -3 -3
r
2200.2590332 2 -2
2201.01196289 2 -1
2201.64501953 2 0
2202.27001953 2 1
2202.95507812 2 2
2203.57202148 3 2
2204.24389648 3 3
r
2204.98901367 -2 2
2205.82006836 -1 2
2206.62695312 0 2
2207.23803711 1 2
2207.86499023 2 2
2208.59912109 3 2
2209.38208008 3 3
r
2210.19091797 2 2
2210.88696289 2 3
2211.50610352 3 3
r
2212.10888672 -2 -2
2212.89306641 -2 -3
2213.62988281 -3 -3
r
2214.39892578 2 -2
2215.01293945 2 -1
2215.83496094 2 0
2216.48291016 2 1
2217.32788086 2 2
2217.95996094 2 3
2218.77392578 3 3
r
2219.58789062 -2 2
2220.23510742 -1 2
2220.86010742 0 2
2221.55200195 1 2
2222.40795898 2 2
2223.14794922 3 2
2223.91308594 3 3
r
2224.60009766 2 2
2225.47192383 3 2
2226.21191406 3 3
r
2226.86889648 -2 -2
2227.48095703 -2 -3
2228.1640625 -3 -3
r
2228.93994141 2 -2
2229.69702148 2 -1
2230.57788086 2 0
2231.38696289 2 1
2232.2109375 2 2
2232.8269043 3 2
2233.66796875 3 3
r
2234.44702148 -2 2
2235.08398438 -1 2
2235.75292969 0 2
2236.49291992 1 2
2237.34594727 2 2
2237.96899414 3 2
2238.61889648 3 3
r
2239.44702148 2 2
2240.23291016 3 2
2240.88305664 3 3
r
2241.77392578 -2 -2
2242.42797852 -2 -3
2243.21606445 -3 -3
r
2243.9050293 2 -2
2244.69897461 2 -1
2245.52294922 2 0
2246.40893555 2 1
2247.01196289 2 2
2247.90698242 3 2
2248.66796875 3 3
r
2249.53491211 -2 2
2250.41308594 -1 2
2251.16210938 0 2
2251.99707031 1 2
2252.80200195 2 2
2253.55200195 3 2
2254.31298828 3 3
r
2255.02197266 2 2
2255.83007812 3 2
2256.50610352 3 3
r
2257.37695312 -2 -2
2257.99291992 -2 -3
2258.83203125 -3 -3
r
2259.70605469 2 -2
2260.56396484 2 -1
2261.43408203 2 0
2262.27197266 2 1
2263.14111328 2 2
2263.83300781 3 2
2264.62792969 3 3
r
2265.4050293 -2 2
2266.27587891 -1 2
2267.14208984 0 2
2267.81005859 1 2
2268.53295898 2 2
2269.29907227 3 2
2270.0 3 3
r
2270.87011719 2 2
2271.69311523 3 2
2272.36401367 3 3
r
2273.23901367 -2 -2
2274.11791992 -2 -3
2274.72802734 -3 -3
r
2275.54711914 2 -2
2276.39501953 2 -1
2277.03198242 2 0
2277.8840332 2 1
2278.57910156 2 2
2279.37597656 3 2
2279.98193359 3 3
r
2280.64990234 -2 2
2281.44311523 -1 2
2282.19799805 0 2
2282.81591797 1 2
2283.56005859 2 2
2284.39990234 3 2
2285.07397461 3 3
r
2285.8190918 2 2
2286.60595703 2 3
2287.39990234 3 3
r
2288.05004883 -2 -2
2288.77197266 -2 -3
2289.47094727 -3 -3
r
2290.29492188 2 -2
2290.96801758 2 -1
2291.85595703 2 0
2292.64892578 2 1
2293.49291992 2 2
2294.13989258 2 3
2294.77905273 3 3
r
2295.57495117 -2 2
2296.20288086 -1 2
2296.99804688 0 2
2297.73095703 1 2
2298.51098633 2 2
2299.27709961 3 2
2300.12792969 3 3
r
2300.88500977 2 2
2301.56005859 2 3
2302.29711914 3 3
r
2303.0390625 -2 -2
2303.93408203 -2 -3
2304.59790039 -3 -3
r
2305.31689453 2 -2
2305.9699707 2 -1
2306.62402344 2 0
2307.47509766 2 1
2308.22607422 2 2
2308.94799805 2 3
2309.78710938 3 3
r
2310.59912109 -2 2
2311.2980957 -1 2
2312.0480957 0 2
2312.75292969 1 2
2313.42797852 2 2
2314.14404297 2 3
2314.92797852 3 3
r
2315.60888672 2 2
2316.21191406 2 3
2316.90087891 3 3
r
2317.59204102 -2 -2
2318.28710938 -2 -3
2318.90600586 -3 -3
r
2319.51708984 2 -2
2320.32495117 2 -1
2321.14697266 2 0
2321.97412109 2 1
2322.79907227 2 2
2323.5559082 3 2
2324.40209961 3 3
r
2325.13598633 -2 2
2325.81591797 -1 2
2326.51098633 0 2
2327.12988281 1 2
2327.74389648 2 2
2328.46289062 3 2
2329.26293945 3 3
r
2330.05297852 2 2
2330.77587891 2 3
2331.66894531 3 3
r
2332.30908203 -2 -2
2333.01000977 -2 -3
2333.67504883 -3 -3
r
2334.41796875 2 -2
2335.23999023 2 -1
2336.0769043 2 0
2336.89501953 2 1
2337.78491211 2 2
2338.65698242 3 2
2339.34106445 3 3
r
2339.97094727 -2 2
2340.65307617 -1 2
2341.51391602 0 2
2342.14794922 1 2
2342.79907227 2 2
2343.41503906 3 2
2344.30810547 3 3
r
2344.96411133 2 2
2345.69799805 2 3
2346.49291992 3 3
r
2347.39111328 -2 -2
2348.00390625 -2 -3
2348.87304688 -3 -3
r
2349.65087891 2 -2
2350.41699219 2 -1
2351.1340332 2 0
2351.89306641 2 1
2352.73291016 2 2
2353.36791992 2 3
2354.23291016 3 3
r
2354.85595703 -2 2
2355.62207031 -1 2
2356.33789062 0 2
2357.13793945 1 2
2357.78393555 2 2
2358.56005859 2 3
2359.43701172 3 3
r
2360.33105469 2 2
2360.96704102 2 3
2361.79492188 3 3
r
2362.64404297 -2 -2
2363.27099609 -2 -3
2364.01708984 -3 -3
r
2364.63598633 2 -2
2365.47412109 2 -1
2366.20898438 2 0
2366.83789062 2 1
2367.71606445 2 2
2368.42993164 2 3
2369.0769043 3 3
r
2369.8359375 -2 2
2370.46191406 -1 2
2371.2109375 0 2
2371.94995117 1 2
2372.60498047 2 2
2373.39306641 2 3
2374.03710938 3 3
r
2374.71606445 2 2
2375.34399414 3 2
2375.98803711 3 3
r
2376.61499023 -2 -2
2377.29394531 -2 -3
2377.97900391 -3 -3
r
2378.68188477 2 -2
2379.54907227 2 -1
2380.40209961 2 0
2381.17895508 2 1
2382.01708984 2 2
2382.86401367 3 2
2383.55493164 3 3
r
2384.17895508 -2 2
2384.82006836 -1 2
2385.58691406 0 2
2386.40307617 1 2
2387.02001953 2 2
2387.69897461 3 2
2388.3269043 3 3
r
2389.01000977 2 2
2389.67700195 2 3
2390.5 3 3
r
2391.23388672 -2 -2
2391.99511719 -2 -3
2392.64697266 -3 -3
r
2393.31201172 2 -2
2394.11791992 2 -1
2394.99707031 2 0
2395.71899414 2 1
2396.61303711 2 2
2397.34912109 2 3
2398.02099609 3 3
r
2398.68603516 -2 2
2399.50097656 -1 2
