0.500999987125 1 2
1.16100001335 1 1
1.85500001907 1 0
2.61899995804 1 -1
3.36999988556 1 -2
4.01900005341 1 -3
4.64900016785 1 -4
5.40100002289 1 -5
6.29500007629 0 -5
6.94099998474 -1 -5
7.60500001907 -2 -5
8.45699977875 -3 -5
9.09799957275 -4 -5
9.83699989319 -3 -5
10.6529998779 -2 -5
11.4189996719 -2 -4
12.1000003815 -2 -3
12.8809995651 -2 -2
13.5830001831 -2 -1
14.3509998322 -2 -2
15.1940002441 -2 -3
16.0520000458 -2 -4
16.6660003662 -2 -3
17.4249992371 -2 -2
18.2730007172 -2 -1
19.1660003662 -1 -1
19.9570007324 0 -1
20.8129997253 -1 -1
21.5499992371 -2 -1
22.3120002747 -1 -1
23.0160007477 -2 -1
23.7980003357 -3 -1
24.5079994202 -3 0
25.408000946 -3 -1
26.0629997253 -2 -1
26.7339992523 -3 -1
27.341999054 -2 -1
28.1410007477 -3 -1
28.861000061 -3 0
29.7439994812 -2 0
30.5690002441 -2 -1
31.2919998169 -3 -1
32.0810012817 -3 0
32.8390007019 -3 -1
33.6150016785 -3 0
34.311000824 -2 0
35.0810012817 -2 -1
35.9249992371 -3 -1
36.5480003357 -2 -1
37.408000946 -3 -1
38.2130012512 -2 -1
39.0060005188 -2 -2
39.7589988708 -2 -1
40.6230010986 -2 -2
41.3689994812 -2 -1
42.2109985352 -1 -1
43.0200004578 0 -1
43.9119987488 -1 -1
44.7779998779 -1 -2
45.4420013428 0 -2
46.2270011902 1 -2
47.0439987183 0 -2
47.9010009766 1 -2
48.5379981995 0 -2
49.1980018616 0 -1
49.9560012817 0 -2
50.6380004883 0 -1
51.2789993286 0 -2
51.9739990234 0 -3
52.7540016174 0 -2
53.6199989319 -1 -2
54.3079986572 0 -2
55.0880012512 -1 -2
55.8009986877 0 -2
56.5989990234 -1 -2
57.3790016174 0 -2
58.0229988098 -1 -2
58.6619987488 -1 -1
59.3909988403 -1 -2
60.2610015869 -1 -1
60.8930015564 -1 -2
61.641998291 -1 -1
62.422000885 -1 -2
63.0839996338 -1 -1
63.7659988403 -1 -2
64.4260025024 -1 -1
65.2850036621 -1 -2
65.9140014648 -1 -1
66.6070022583 -1 -2
67.2689971924 -1 -1
67.9649963379 -1 -2
68.6139984131 -1 -1
69.4599990845 -1 -2
70.1380004883 -1 -1
70.7910003662 -1 -2
71.3939971924 0 -2
72.1989974976 0 -1
72.986000061 1 -1
73.6259994507 0 -1
74.4430007935 1 -1
75.0749969482 0 -1
75.908996582 1 -1
76.7900009155 2 -1
77.4929962158 1 -1
78.2910003662 1 -2
79.1050033569 2 -2
79.7509994507 3 -2
80.4479980469 2 -2
81.0999984741 3 -2
81.8000030518 3 -1
82.6969985962 3 0
83.5080032349 3 -1
84.3249969482 4 -1
85.1149978638 5 -1
85.8050003052 5 -2
86.4349975586 5 -3
87.0749969482 4 -3
87.7119979858 4 -4
88.3450012207 4 -5
89.1139984131 4 -4
89.7969970703 4 -3
90.4479980469 3 -3
91.3300018311 2 -3
92.1529998779 2 -2
92.841003418 2 -3
93.7119979858 2 -2
94.6070022583 2 -1
95.4430007935 2 0
96.1129989624 2 -1
96.8539962769 2 0
97.6399993896 2 -1
98.4960021973 2 -2
99.0999984741 2 -1
99.8730010986 2 0
100.527000427 2 -1
101.184997559 3 -1
101.948997498 3 0
102.660003662 3 -1
103.489997864 4 -1
104.175003052 5 -1
105.01499939 5 0
105.901000977 5 -1
106.517997742 5 -2
107.291000366 5 -3
107.949996948 5 -2
108.557998657 5 -3
109.253997803 5 -4
109.880996704 5 -5
r
110.505996704 -2 -2
111.238998413 -1 -2
112.050003052 -1 -3
112.682998657 -1 -2
113.369003296 -1 -1
114.174003601 -1 0
114.956001282 -1 1
115.593002319 -1 0
116.388000488 -1 -1
117.193000793 -1 0
117.907997131 -1 -1
118.549003601 -1 0
119.23500061 -1 -1
120.043998718 -1 0
120.943000793 -1 -1
121.656997681 -1 0
122.480003357 -1 -1
123.178001404 -1 0
123.808998108 -1 -1
124.615997314 -1 0
125.399002075 -1 -1
126.071998596 -1 -2
126.711997986 -1 -1
127.480003357 -1 -2
128.149993896 -1 -1
128.914001465 0 -1
129.587005615 0 -2
130.279006958 0 -3
130.880004883 0 -4
131.563995361 0 -3
132.384994507 0 -2
133.158996582 0 -1
133.884002686 0 0
134.770996094 0 1
135.48500061 0 0
136.363006592 0 -1
137.106994629 0 0
137.917007446 0 1
138.610992432 0 0
139.488006592 0 -1
140.182998657 0 0
141.080001831 0 1
141.902999878 0 0
142.505004883 0 -1
143.332992554 0 0
144.154998779 1 0
144.837005615 1 -1
145.445007324 1 -2
146.218002319 1 -3
147.110992432 1 -2
147.996002197 1 -3
148.615005493 1 -2
149.350006104 1 -1
149.979995728 1 -2
150.651992798 1 -1
151.309005737 0 -1
151.994003296 1 -1
152.718994141 0 -1
153.595001221 1 -1
154.296005249 2 -1
155.020004272 2 -2
155.714004517 2 -3
156.503005981 2 -2
157.29800415 2 -1
157.998001099 2 0
158.664993286 2 -1
159.307998657 2 0
159.988998413 2 -1
160.619003296 2 0
161.322998047 2 -1
162.138000488 2 0
162.964996338 2 -1
163.621994019 2 0
164.490997314 1 0
165.307998657 0 0
166.195007324 -1 0
167.01499939 0 0
167.75100708 1 0
168.585006714 0 0
169.339996338 -1 0
169.968994141 0 0
170.856994629 1 0
171.697998047 0 0
172.552001953 -1 0
173.352005005 0 0
174.179992676 -1 0
174.809005737 0 0
175.660003662 -1 0
176.307006836 -2 0
176.925994873 -1 0
177.638000488 -2 0
178.31199646 -3 0
179.003005981 -2 0
179.641998291 -3 0
180.481002808 -4 0
181.160003662 -4 1
181.99899292 -4 2
182.776992798 -4 3
183.531997681 -4 4
184.276992798 -3 4
184.98399353 -2 4
185.656005859 -3 4
186.524002075 -4 4
187.143997192 -4 3
187.908996582 -4 2
188.73500061 -4 3
189.514007568 -5 3
190.341003418 -5 3
191.057998657 -5 4
191.949005127 -5 5
r
192.554000854 2 -2
193.43800354 2 -1
194.089004517 2 0
194.796005249 2 -1
195.690002441 2 0
196.29699707 2 -1
197.158996582 2 0
197.912994385 2 -1
198.697998047 2 0
199.518005371 3 0
200.268005371 3 -1
201.130004883 3 0
201.804000854 3 -1
202.539993286 3 0
203.207992554 3 -1
204.039001465 3 0
204.850997925 3 -1
205.692993164 3 0
206.481994629 2 0
207.222000122 3 0
207.824996948 2 0
208.513000488 3 0
209.289001465 2 0
209.89100647 1 0
210.606994629 2 0
211.261001587 1 0
211.929992676 0 0
212.82699585 -1 0
213.667007446 -1 1
214.332992554 -1 2
215.003997803 -1 3
215.848007202 -1 4
216.667007446 -1 5
217.395004272 -1 5
218.044998169 0 5
218.725006104 1 5
219.516998291 0 5
220.25 0 5
221.136993408 0 4
221.973007202 0 3
222.807006836 1 3
223.669006348 1 2
224.477005005 0 2
225.10899353 1 2
225.776000977 0 2
226.432998657 1 2
227.253997803 0 2
228.024993896 1 2
228.841003418 0 2
229.68699646 1 2
230.54800415 1 1
231.391998291 1 0
232.259002686 2 0
232.960006714 1 0
233.742004395 2 0
234.375 2 1
235.113998413 2 0
235.899993896 2 1
236.511001587 2 0
237.177993774 2 1
238.0 2 0
238.692001343 2 1
239.449996948 2 0
240.12399292 2 1
240.800994873 2 0
241.677993774 2 1
242.412002563 2 0
243.152999878 3 0
243.945999146 3 1
244.688995361 3 0
245.466003418 3 1
246.089004517 2 1
246.699005127 2 2
247.434005737 1 2
248.147003174 1 3
248.76600647 0 3
249.651992798 0 4
250.470993042 1 4
251.360992432 1 3
252.152999878 2 3
252.917999268 1 3
253.817001343 0 3
254.529006958 1 3
255.410995483 1 2
256.058013916 1 1
256.941009521 2 1
257.652008057 1 1
258.514007568 1 0
259.309997559 2 0
260.109985352 3 0
260.829986572 2 0
261.600006104 3 0
262.455993652 2 0
263.196014404 1 0
264.085998535 0 0
264.955993652 -1 0
265.589996338 -2 0
266.317993164 -2 1
266.938995361 -2 2
267.631011963 -2 3
268.437988281 -2 4
269.312011719 -2 3
270.20401001 -2 2
270.838012695 -2 1
271.713989258 -2 0
272.476013184 -2 1
273.152008057 -2 0
273.92199707 -2 1
274.588989258 -2 0
275.444000244 -1 0
276.17401123 -1 -1
276.95199585 -1 0
277.842987061 -1 -1
278.57901001 0 -1
279.378997803 1 -1
280.130004883 2 -1
280.967010498 2 0
281.617004395 1 0
282.470001221 1 -1
283.307006836 2 -1
284.058990479 2 0
284.712005615 1 0
285.402008057 1 -1
286.069000244 2 -1
286.937988281 2 0
287.609008789 1 0
288.407012939 1 -1
289.195007324 2 -1
290.041992188 2 0
290.730987549 1 0
291.571990967 1 -1
292.415985107 2 -1
293.217987061 2 0
293.860992432 2 -1
294.721984863 2 0
295.411987305 2 -1
296.015991211 2 0
296.630004883 2 -1
297.268005371 2 0
298.063995361 2 -1
298.786987305 2 0
299.552001953 1 0
300.191009521 1 -1
300.95199585 2 -1
301.785003662 2 0
302.445007324 1 0
303.058990479 1 -1
303.891998291 0 -1
304.567993164 1 -1
305.186004639 0 -1
305.82800293 1 -1
306.45199585 0 -1
307.242004395 1 -1
308.036987305 0 -1
308.765991211 1 -1
309.455993652 0 -1
310.213012695 1 -1
310.835998535 0 -1
311.527008057 1 -1
312.307006836 0 -1
312.910003662 1 -1
313.778015137 2 -1
314.473999023 2 0
315.113006592 2 -1
315.802001953 2 0
316.561004639 2 1
317.412994385 2 0
318.119995117 2 1
318.727996826 2 0
319.593994141 2 1
320.24798584 2 2
321.005004883 2 1
321.648010254 2 2
322.257995605 1 2
323.105010986 1 1
323.79699707 1 0
324.398010254 1 -1
325.276000977 2 -1
326.157012939 2 0
326.808990479 2 1
327.472991943 3 1
328.141998291 2 1
329.010986328 3 1
329.75 2 1
330.640991211 1 1
331.399993896 1 0
332.183990479 1 -1
333.053985596 1 0
333.678009033 1 -1
334.420013428 1 0
335.213012695 1 -1
336.019012451 1 0
336.838012695 1 -1
337.57901001 1 0
338.385986328 1 -1
339.027008057 1 0
339.914001465 1 -1
340.545013428 1 0
341.37399292 1 -1
342.057006836 1 -2
342.730987549 1 -1
343.459014893 1 -2
344.220001221 1 -1
345.04800415 0 -1
345.721008301 1 -1
346.593994141 0 -1
347.386993408 1 -1
348.276000977 1 -2
348.990997314 1 -1
349.882995605 0 -1
350.631011963 1 -1
351.231994629 2 -1
352.00100708 2 0
352.778991699 2 1
353.657012939 1 1
354.32699585 1 0
355.019012451 1 -1
355.852996826 2 -1
356.591003418 2 0
357.324005127 2 1
358.121002197 1 1
358.805999756 1 0
359.450012207 1 -1
360.069000244 0 -1
360.691009521 1 -1
361.37399292 0 -1
362.006988525 1 -1
362.705993652 0 -1
363.558013916 1 -1
364.287994385 1 0
365.066009521 1 -1
365.807006836 1 0
366.455993652 1 -1
367.108001709 1 0
367.717010498 1 -1
368.54800415 1 0
369.419006348 1 -1
370.221008301 1 -2
371.091003418 1 -1
371.839996338 1 -2
372.458007812 1 -1
373.236999512 1 0
373.968994141 1 -1
374.718994141 1 0
375.510986328 1 -1
376.239013672 1 0
376.863006592 1 -1
377.62298584 1 0
378.240997314 1 -1
379.04800415 1 0
379.734985352 1 -1
380.410003662 1 0
381.130004883 1 -1
381.82699585 2 -1
382.720001221 2 0
383.335998535 2 1
384.227996826 1 1
385.113006592 1 0
385.973999023 1 -1
386.871002197 2 -1
387.563995361 2 0
388.407989502 1 0
389.118988037 1 -1
389.781005859 2 -1
390.493988037 2 0
391.309997559 1 0
391.985992432 1 -1
392.734985352 0 -1
393.367004395 1 -1
394.096008301 0 -1
394.740997314 1 -1
395.596008301 0 -1
396.359985352 1 -1
397.101989746 1 -2
397.760009766 1 -1
398.382995605 1 -2
399.20199585 1 -1
399.992004395 1 -2
400.709014893 1 -1
401.584991455 1 0
402.274993896 1 -1
403.156005859 1 0
403.843994141 1 -1
404.555999756 1 0
405.174987793 1 -1
405.842010498 1 0
406.493988037 1 -1
407.17098999 1 0
407.868988037 1 -1
408.511993408 1 0
409.290008545 1 -1
410.054992676 1 0
410.809997559 1 -1
411.605987549 1 0
412.346984863 1 -1
413.031005859 1 0
413.854003906 1 -1
414.727996826 1 0
415.583007812 1 -1
416.291992188 1 0
416.992004395 1 -1
417.846008301 0 -1
418.604003906 1 -1
419.242004395 0 -1
420.12399292 1 -1
420.855987549 0 -1
421.515991211 1 -1
422.372009277 0 -1
423.216003418 1 -1
423.904998779 0 -1
424.644989014 1 -1
425.292999268 0 -1
425.898986816 1 -1
426.772003174 1 -2
427.657989502 1 -1
428.457000732 2 -1
429.303009033 2 0
430.054992676 2 1
430.683990479 1 1
431.557006836 1 0
432.24798584 1 -1
432.963012695 2 -1
433.774993896 2 0
434.450012207 2 1
435.128997803 1 1
435.772003174 1 0
436.410003662 1 -1
437.289001465 2 -1
438.121002197 2 0
438.816009521 2 1
439.433013916 1 1
440.178985596 1 0
440.917999268 1 -1
441.638000488 2 -1
442.32699585 2 0
442.95401001 2 1
443.670013428 1 1
444.42098999 1 0
445.186004639 1 -1
445.910003662 0 -1
446.675994873 1 -1
447.407989502 0 -1
448.039001465 1 -1
448.717987061 0 -1
449.515991211 1 -1
450.196014404 0 -1
451.006011963 0 -2
451.640014648 0 -1
452.333007812 0 -2
453.218994141 0 -1
453.859008789 0 -2
454.605010986 0 -1
455.489013672 0 -2
456.152008057 0 -1
456.803009033 0 -2
457.411010742 0 -1
458.049987793 0 -2
458.696990967 0 -1
459.351989746 0 -2
459.959991455 0 -1
460.645996094 -1 -1
461.511993408 -2 -1
462.256011963 -2 0
462.895996094 -2 -1
463.787994385 -2 0
464.634002686 -1 0
465.444000244 -1 -1
466.312011719 -2 -1
467.148986816 -2 0
467.774993896 -1 0
468.619995117 -1 -1
469.468994141 -2 -1
470.229003906 -2 0
470.851989746 -1 0
471.509002686 -1 -1
472.347991943 -2 -1
473.216003418 -2 0
474.037994385 -2 -1
474.886993408 -2 0
475.618011475 -1 0
476.503997803 -1 -1
477.157012939 -2 -1
477.946990967 -2 0
478.717010498 -1 0
479.320007324 -1 -1
480.088012695 -2 -1
480.822998047 -2 0
481.618011475 -1 0
482.468994141 -1 -1
483.192993164 -2 -1
483.821990967 -2 0
484.562011719 -2 1
485.255004883 -2 0
486.12600708 -2 1
486.769989014 -2 0
487.493011475 -2 1
488.20199585 -2 0
489.04699707 -2 1
489.648010254 -2 0
490.266998291 -2 1
491.096984863 -2 0
491.855987549 -2 1
492.507995605 -2 0
493.384002686 -2 1
494.213012695 -2 0
494.955993652 -1 0
495.803009033 -2 0
496.532012939 -1 0
497.324005127 -2 0
497.988006592 -1 0
498.791992188 -2 0
499.654998779 -1 0
500.406005859 -2 0
501.152008057 -1 0
501.789001465 -2 0
502.669006348 -1 0
503.278991699 -1 -1
503.989990234 -2 -1
504.817993164 -2 0
505.455993652 -1 0
506.316986084 -1 -1
507.178985596 -2 -1
507.842010498 -2 0
508.707000732 -2 -1
509.375 -2 0
510.028991699 -2 -1
510.868011475 -2 0
511.537994385 -1 0
512.388977051 -1 -1
513.007995605 -1 0
513.859008789 -1 -1
514.681030273 -1 0
515.543029785 -1 -1
516.398986816 -1 0
517.218017578 -1 -1
518.051025391 -1 0
518.776000977 -1 -1
519.591003418 -1 0
520.403015137 -1 -1
521.219970703 -2 -1
521.92199707 -2 0
522.531982422 -1 0
523.140014648 -1 -1
523.835021973 -2 -1
524.687988281 -2 0
525.57800293 -1 0
526.395019531 -1 -1
527.281005859 0 -1
528.090026855 0 -2
528.833007812 0 -1
529.588012695 0 -2
530.283996582 0 -1
530.984008789 0 -2
531.708007812 0 -1
532.380004883 0 -2
533.140014648 0 -1
533.789978027 1 -1
534.53302002 1 0
535.258972168 1 -1
536.015014648 1 0
536.684997559 1 -1
537.405029297 1 0
538.231018066 1 -1
538.880004883 1 0
539.497009277 1 -1
540.315979004 1 0
540.961975098 1 -1
541.718994141 1 0
542.565002441 1 -1
543.297973633 1 0
544.130004883 1 -1
544.783996582 1 0
545.530029297 1 -1
546.297973633 1 0
547.125976562 1 -1
547.901000977 1 0
548.518981934 1 -1
549.367980957 1 0
550.229980469 1 -1
550.880981445 1 0
551.599975586 1 -1
552.416992188 1 0
553.043029785 1 -1
553.901977539 2 -1
554.526977539 2 0
555.34197998 1 0
555.960021973 1 -1
556.708984375 2 -1
557.510009766 2 0
558.174987793 1 0
558.786987305 1 -1
559.583984375 2 -1
560.24597168 2 0
560.937988281 1 0
561.554016113 1 -1
562.273986816 2 -1
562.984008789 2 0
563.815002441 1 0
564.565979004 1 -1
565.267028809 1 0
566.077026367 1 -1
566.95300293 1 0
567.578979492 1 -1
568.346008301 1 0
569.062011719 1 -1
569.960021973 1 0
570.799987793 1 -1
571.411987305 1 0
572.232971191 1 -1
572.835998535 1 0
573.513977051 1 -1
574.166992188 0 -1
574.791015625 1 -1
575.49597168 0 -1
576.323974609 0 -2
577.012023926 0 -1
577.640991211 0 -2
578.374023438 0 -1
579.182983398 0 -2
579.807006836 0 -1
580.580993652 0 -2
581.301025391 0 -1
582.12902832 0 -2
582.784973145 0 -1
583.580993652 0 -2
584.369995117 0 -1
585.231018066 1 -1
585.934020996 0 -1
586.810974121 1 -1
587.710998535 0 -1
588.416015625 1 -1
589.229003906 0 -1
590.03302002 1 -1
590.723022461 0 -1
591.606018066 1 -1
592.323974609 1 0
592.984985352 1 -1
593.716003418 1 0
594.395019531 1 -1
595.116027832 1 0
595.867980957 1 -1
596.468994141 1 0
597.077026367 1 -1
597.892028809 1 0
598.593994141 1 -1
599.37701416 1 0
600.267028809 1 -1
601.0 1 0
601.62298584 1 -1
602.411010742 1 0
603.184997559 1 -1
603.937988281 1 0
604.596008301 1 -1
605.434997559 1 0
606.051025391 1 -1
606.883972168 1 0
607.604003906 1 -1
608.367980957 1 0
609.104980469 1 -1
609.982971191 1 0
610.62097168 1 -1
611.40802002 1 0
612.039978027 1 -1
612.931030273 0 -1
613.534973145 1 -1
614.184997559 0 -1
614.872009277 1 -1
615.716003418 0 -1
616.380981445 1 -1
617.041015625 0 -1
617.900024414 1 -1
618.750976562 0 -1
619.611999512 1 -1
620.502990723 0 -1
621.164001465 1 -1
621.778015137 0 -1
622.601013184 1 -1
623.396972656 0 -1
624.226989746 1 -1
624.849975586 0 -1
625.54699707 1 -1
626.249023438 0 -1
626.869995117 1 -1
627.718994141 1 0
628.515991211 1 -1
629.237976074 1 0
629.929016113 1 -1
630.655029297 1 0
631.29498291 1 -1
632.130004883 2 -1
632.969970703 2 0
633.758972168 1 0
634.393981934 1 -1
634.997009277 2 -1
635.796020508 2 0
636.408996582 2 1
637.184020996 1 1
637.87701416 0 1
638.578979492 0 0
639.356018066 0 -1
640.062988281 1 -1
640.776000977 1 0
641.554016113 1 -1
642.236022949 1 0
642.906982422 1 -1
643.530029297 1 0
644.255004883 1 -1
645.020019531 1 0
645.75 1 -1
646.541992188 1 0
647.314025879 1 -1
648.150024414 1 0
649.010986328 1 -1
649.791015625 1 -2
650.45300293 1 -1
651.083007812 1 -2
651.869018555 1 -1
652.502990723 1 0
653.280029297 1 -1
654.143981934 1 0
654.914978027 1 -1
655.543029785 1 0
656.265991211 1 -1
656.929016113 1 0
657.67401123 1 -1
658.564025879 1 0
659.223999023 1 -1
659.968017578 1 0
660.612976074 1 -1
661.440002441 1 0
662.177001953 1 -1
662.901977539 1 0
663.791992188 1 -1
664.583984375 1 0
665.375 1 -1
666.271972656 1 0
666.947021484 1 -1
667.572998047 1 0
668.422973633 1 -1
669.202026367 1 0
670.085998535 1 -1
670.728027344 1 0
671.366027832 1 -1
672.008972168 1 0
672.854980469 1 -1
673.609985352 1 0
674.42401123 1 -1
675.263977051 1 0
675.903015137 1 -1
676.698974609 1 0
677.518981934 1 -1
678.241027832 1 0
679.111999512 1 -1
680.000976562 1 0
680.721008301 1 -1
681.523986816 1 0
682.195007324 1 -1
682.859985352 1 0
683.557983398 1 -1
684.369995117 1 0
685.219970703 1 -1
685.836975098 0 -1
686.525024414 1 -1
687.268005371 0 -1
688.119018555 1 -1
688.817993164 0 -1
689.575012207 1 -1
690.309020996 0 -1
691.00402832 1 -1
691.666015625 0 -1
692.372009277 1 -1
693.166992188 0 -1
693.861022949 1 -1
694.679992676 0 -1
695.5 1 -1
696.119018555 0 -1
697.018005371 1 -1
697.833007812 0 -1
698.513000488 1 -1
699.265014648 0 -1
700.103027344 1 -1
700.940002441 2 -1
701.716003418 2 0
702.520996094 1 0
703.262023926 1 -1
704.039978027 2 -1
704.885009766 2 0
705.645996094 2 1
706.25 1 1
706.901000977 0 1
707.62298584 -1 1
708.390991211 -1 0
709.250976562 -1 -1
710.096984863 0 -1
710.75 0 -2
711.41998291 0 -1
712.163024902 0 -2
712.984985352 0 -1
713.75201416 0 -2
714.458007812 0 -1
715.190002441 0 -2
715.846008301 0 -1
716.463012695 0 -2
717.250976562 0 -1
717.96697998 0 0
718.833984375 0 -1
719.651977539 0 0
720.396972656 0 -1
721.234985352 0 0
722.130004883 0 -1
723.028991699 0 0
723.877990723 0 -1
724.523986816 0 -2
725.348022461 0 -1
726.117004395 0 -2
726.728027344 0 -1
727.534973145 -1 -1
728.16998291 -1 0
728.830993652 -2 0
729.512023926 -2 1
730.271972656 -1 1
731.145019531 -2 1
731.799987793 -3 1
732.409973145 -3 2
733.184020996 -2 2
733.929992676 -1 2
734.749023438 -2 2
735.491027832 -1 2
736.283996582 0 2
737.094970703 -1 2
737.835998535 0 2
738.440002441 1 2
739.114990234 0 2
739.911987305 1 2
740.78302002 0 2
741.538024902 1 2
742.268981934 0 2
742.906005859 1 2
743.568969727 0 2
744.236022949 1 2
744.92199707 0 2
745.573974609 -1 2
746.249023438 0 2
747.018981934 -1 2
747.729003906 -1 3
748.603027344 0 3
749.335998535 0 2
750.20098877 0 1
750.874023438 0 0
751.494018555 0 -1
752.219970703 -1 -1
752.846008301 -1 0
753.541992188 -2 0
754.276000977 -2 1
755.057983398 -2 2
755.750976562 -2 1
756.546020508 -2 2
757.257995605 -2 1
758.091003418 -2 0
758.874023438 -1 0
759.505981445 -1 -1
760.223022461 -1 0
760.924987793 -1 -1
761.791015625 -1 0
762.489990234 -1 -1
763.309020996 -1 0
764.111022949 -1 -1
764.778991699 -1 0
765.674987793 0 0
766.374023438 0 -1
766.979980469 -1 -1
767.62298584 -2 -1
768.411010742 -2 0
769.124023438 -1 0
769.903991699 -1 -1
770.544006348 -2 -1
771.166992188 -2 0
771.997009277 -1 0
772.718017578 -1 -1
773.450012207 -2 -1
774.200012207 -2 0
774.827026367 -1 0
775.642028809 0 0
776.505981445 0 -1
777.306030273 -1 -1
777.973999023 -1 0
778.862976074 0 0
779.469970703 0 -1
780.24798584 -1 -1
781.12902832 -1 0
781.864990234 -1 -1
782.536010742 -1 0
783.340026855 -1 -1
784.057006836 -1 0
784.887023926 -1 -1
785.616027832 -1 0
786.443969727 -1 -1
787.296020508 -1 0
787.945983887 -1 -1
788.760009766 -1 0
789.625976562 -1 -1
790.356994629 -1 0
791.24597168 -1 -1
792.00402832 -1 0
792.794006348 -1 -1
793.487976074 -1 0
794.117980957 -1 -1
794.789001465 -1 0
795.564025879 -1 -1
796.184997559 -1 0
796.87701416 -1 -1
797.679992676 -1 0
798.340026855 -1 -1
799.218994141 -1 0
799.836975098 -1 -1
800.585021973 -1 0
801.432983398 -1 -1
802.296020508 -1 0
802.958984375 0 0
803.791992188 0 -1
804.543029785 -1 -1
805.242980957 -1 0
806.023986816 0 0
806.895996094 0 -1
807.643981934 -1 -1
808.543029785 -1 0
809.223999023 0 0
809.875976562 0 -1
810.75402832 -1 -1
811.606018066 -1 0
812.403015137 -1 -1
813.098999023 -1 0
813.901977539 -1 -1
814.581970215 -1 0
815.273010254 -1 -1
816.09197998 -1 0
816.895019531 -1 -1
817.49597168 -1 0
818.335021973 -2 0
819.174987793 -2 1
819.843994141 -2 2
820.534973145 -2 1
821.210021973 -2 2
821.965026855 -2 1
822.682983398 -3 1
823.473999023 -3 2
824.281982422 -2 2
824.937011719 -2 1
825.687988281 -2 0
826.348999023 -2 1
827.122009277 -2 0
827.992004395 -2 1
828.607971191 -2 0
829.257995605 -2 1
829.982971191 -2 0
830.643005371 -2 1
831.398010254 -2 0
832.237976074 -2 1
833.127990723 -2 0
833.744018555 -2 1
834.518981934 -2 0
835.221984863 -2 1
835.992980957 -2 0
836.711975098 -1 0
837.354003906 -2 0
838.156005859 -1 0
838.893981934 -2 0
839.515991211 -1 0
840.351989746 -2 0
841.151000977 -1 0
841.895996094 -2 0
842.536010742 -1 0
843.153991699 -2 0
843.862976074 -1 0
844.567993164 0 0
845.255981445 -1 0
846.036987305 0 0
846.650024414 -1 0
847.541015625 0 0
848.249023438 -1 0
849.012023926 0 0
849.747009277 -1 0
850.476989746 0 0
851.221984863 -1 0
852.041992188 -2 0
852.807983398 -1 0
853.499023438 -1 -1
854.103027344 -1 0
854.804992676 -1 -1
855.549987793 -1 0
856.293029785 -1 -1
857.187011719 -1 0
857.82800293 -1 -1
858.525024414 -1 0
859.257995605 -1 -1
859.908996582 -1 0
860.562011719 -1 -1
861.435974121 -1 0
862.041015625 -1 -1
862.932983398 -1 0
863.543029785 -1 -1
864.403015137 -1 0
865.218994141 -1 -1
865.924987793 -1 0
866.736999512 -1 -1
867.482971191 -1 0
868.317016602 -1 -1
869.054016113 -1 0
869.736999512 -1 -1
870.478027344 -1 0
871.202026367 -1 -1
871.978027344 -1 0
872.848022461 -1 -1
873.684997559 -1 0
874.398010254 -1 -1
875.184997559 -1 0
875.885986328 -1 1
876.601013184 -1 0
877.208984375 -1 1
877.840026855 -1 0
878.494995117 -1 1
879.362976074 -1 0
879.994018555 -1 1
880.797973633 -1 0
881.468017578 -1 1
882.354980469 -1 0
882.992980957 -1 1
883.844970703 -1 0
884.70098877 -1 1
885.382995605 -1 2
886.262023926 -1 1
886.965026855 -2 1
887.604003906 -2 2
888.491027832 -1 2
889.114013672 -2 2
889.732971191 -1 2
890.5 0 2
891.236022949 -1 2
891.854003906 0 2
892.611022949 0 1
893.344970703 0 0
894.159973145 0 -1
894.775024414 -1 -1
895.612976074 -1 0
896.468994141 -1 1
897.094970703 -1 2
897.87298584 0 2
898.760009766 0 1
899.575012207 0 0
900.432983398 0 -1
901.062011719 -1 -1
901.931030273 -1 0
902.588989258 -1 1
903.293029785 0 1
903.960021973 0 0
904.789001465 0 -1
905.551025391 -1 -1
906.364990234 -1 0
907.028991699 -1 1
907.913024902 0 1
908.74597168 1 1
909.62701416 2 1
910.231994629 2 2
910.901977539 1 2
911.596008301 2 2
912.403991699 1 2
913.202026367 2 2
913.882019043 1 2
914.523010254 0 2
915.12902832 1 2
915.911010742 0 2
916.596984863 1 2
917.400024414 0 2
918.080993652 0 3
918.973022461 0 2
919.807006836 0 1
920.54699707 -1 1
921.413024902 -1 2
922.148986816 -1 1
922.874023438 -1 2
923.706970215 -1 1
924.392028809 -1 0
925.111022949 -1 1
925.869018555 -1 0
926.75201416 -2 0
927.414001465 -2 1
928.307983398 -1 1
928.926025391 0 1
929.767028809 0 0
930.58001709 0 -1
931.403015137 -1 -1
932.29498291 -1 0
933.088012695 -2 0
933.726013184 -1 0
934.526000977 -2 0
935.341003418 -1 0
936.078979492 0 0
936.729980469 -1 0
937.585998535 0 0
938.349975586 -1 0
939.182006836 0 0
939.961975098 -1 0
940.713989258 -2 0
941.393005371 -1 0
942.064025879 -2 0
942.895019531 -1 0
943.541992188 -2 0
944.42401123 -1 0
945.114013672 0 0
945.916015625 -1 0
946.62902832 0 0
947.307006836 -1 0
948.117980957 0 0
948.741027832 -1 0
949.361999512 -2 0
950.0 -1 0
950.66998291 -2 0
951.473999023 -1 0
952.12701416 -1 1
952.788024902 -1 0
953.439025879 -1 1
954.127990723 -1 0
954.776000977 -1 1
955.442993164 -1 0
956.077026367 -1 1
956.817016602 -1 0
957.669006348 -1 1
958.281005859 -1 0
959.013977051 -1 1
959.903015137 -1 0
960.604980469 -1 1
961.353027344 -1 0
962.096984863 -1 1
962.760009766 -1 0
963.53302002 -1 1
964.252990723 -1 0
965.010986328 -1 1
965.831970215 -1 0
966.596984863 -1 1
967.270996094 -1 2
967.981018066 -1 1
968.693969727 -1 2
969.570007324 0 2
970.265991211 0 1
971.005981445 -1 1
971.62902832 0 1
972.424987793 -1 1
973.145996094 0 1
973.770996094 -1 1
974.638000488 0 1
975.375 -1 1
976.109008789 0 1
976.926025391 -1 1
977.79699707 0 1
978.541992188 -1 1
979.414001465 -2 1
980.273986816 -1 1
981.059997559 0 1
981.74597168 -1 1
982.348999023 0 1
983.179992676 -1 1
983.945007324 0 1
984.650024414 0 0
985.359008789 -1 0
985.994995117 -1 1
986.794006348 0 1
987.583984375 0 0
988.192993164 -1 0
989.025024414 -1 1
989.786987305 0 1
990.5 0 0
991.250976562 -1 0
991.958007812 -1 1
992.588989258 0 1
993.229980469 -1 1
993.989013672 0 1
994.760009766 -1 1
995.37701416 0 1
996.112976074 -1 1
996.835021973 0 1
997.447998047 -1 1
998.106018066 -2 1
998.916992188 -1 1
999.742004395 0 1
1000.4329834 -1 1
1001.07598877 0 1
1001.91101074 -1 1
1002.66998291 0 1
1003.5579834 -1 1
1004.20202637 0 1
1004.80700684 -1 1
1005.59698486 0 1
1006.32598877 -1 1
1007.2119751 -1 2
1007.86798096 0 2
1008.4710083 0 1
1009.30999756 0 0
1010.20898438 0 -1
1010.82501221 -1 -1
1011.44799805 -1 0
1012.33001709 -1 1
1013.11401367 -1 2
1013.92700195 -1 1
1014.76898193 -1 2
1015.39599609 0 2
1016.04302979 0 1
1016.69702148 0 0
1017.50598145 0 -1
1018.11401367 -1 -1
1018.86901855 -1 0
1019.52801514 -1 1
1020.30297852 -1 0
1021.10998535 -1 1
1021.92999268 -1 0
1022.74499512 -1 1
1023.37799072 -1 0
1024.14599609 -1 1
1024.78796387 -1 0
1025.64404297 -1 1
1026.38500977 -1 0
1027.10595703 -1 1
1027.9029541 -1 0
1028.51403809 -1 1
1029.11694336 -1 0
1029.72705078 -1 1
1030.52404785 0 1
1031.41394043 -1 1
1032.03295898 0 1
1032.78503418 -1 1
1033.43395996 0 1
1034.19604492 -1 1
1034.94702148 0 1
1035.8260498 -1 1
1036.70397949 0 1
1037.39501953 -1 1
1038.08398438 -2 1
1038.75097656 -1 1
1039.43603516 0 1
1040.08203125 -1 1
1040.83300781 0 1
1041.62097168 -1 1
1042.43505859 0 1
1043.30505371 -1 1
1043.93395996 0 1
1044.65600586 -1 1
1045.33496094 0 1
1045.97497559 -1 1
1046.61694336 0 1
1047.29003906 -1 1
1047.93200684 0 1
1048.58300781 -1 1
1049.44604492 0 1
1050.34594727 -1 1
1050.99304199 0 1
1051.68994141 -1 1
1052.4329834 0 1
1053.07897949 -1 1
1053.90600586 0 1
1054.69604492 -1 1
1055.39697266 0 1
1056.00805664 -1 1
1056.9029541 -2 1
1057.55895996 -1 1
1058.16503906 0 1
1059.06494141 -1 1
1059.87805176 0 1
1060.67602539 0 0
1061.31799316 0 -1
1061.98706055 -1 -1
1062.63793945 -1 0
1063.30200195 -1 1
1064.13696289 -1 0
1064.85705566 -1 1
1065.73803711 -1 0
1066.33898926 -1 1
1067.04003906 -1 0
1067.76696777 -1 1
1068.42700195 -1 0
1069.19799805 -1 1
1070.06396484 -1 0
1070.90002441 -1 1
1071.60498047 -1 2
1072.23095703 0 2
1073.05297852 0 1
1073.78295898 0 0
1074.59094238 0 -1
1075.20703125 -1 -1
1076.10595703 -1 0
1076.99902344 -1 1
1077.71105957 -1 2
1078.37902832 0 2
1079.13500977 0 1
1079.76904297 0 0
1080.46105957 -1 0
1081.2869873 -1 1
1081.90100098 0 1
1082.6340332 0 0
1083.35900879 -1 0
1084.06103516 -1 1
1084.88793945 0 1
1085.66601562 -1 1
1086.32397461 0 1
1087.20202637 -1 1
1087.81396484 0 1
1088.52905273 -1 1
1089.14599609 0 1
1089.97595215 -1 1
1090.80395508 0 1
1091.4239502 -1 1
1092.31005859 0 1
1092.92700195 -1 1
1093.80603027 0 1
1094.43200684 -1 1
1095.03894043 0 1
1095.7199707 -1 1
1096.4050293 0 1
1097.18798828 -1 1
1097.85803223 0 1
1098.48303223 -1 1
1099.32397461 0 1
1099.96704102 -1 1
1100.66003418 0 1
1101.37402344 -1 1
1101.99694824 0 1
1102.83898926 -1 1
1103.58105469 0 1
1104.24304199 -1 1
1105.11096191 0 1
1105.86999512 -1 1
1106.75500488 -1 2
1107.51904297 0 2
1108.21594238 0 1
1108.89904785 -1 1
1109.62805176 -1 2
1110.48706055 0 2
1111.15002441 0 1
1111.9329834 -1 1
1112.61804199 0 1
1113.48400879 -1 1
1114.35400391 0 1
1115.04797363 -1 1
1115.7869873 0 1
1116.59802246 -1 1
1117.40698242 0 1
1118.17895508 -1 1
1119.02600098 0 1
1119.75195312 -1 1
1120.52099609 -1 0
1121.19104004 -1 1
1122.02294922 -1 0
1122.82202148 -1 1
1123.50805664 -1 0
1124.37194824 -1 1
1125.26000977 -1 0
1125.88500977 -1 1
1126.61804199 -1 0
1127.27197266 -1 1
1128.17199707 -2 1
1128.92700195 -1 1
1129.60095215 -1 0
1130.40405273 -2 0
1131.04003906 -1 0
1131.92504883 -2 0
1132.67004395 -1 0
1133.40100098 -2 0
1134.27001953 -1 0
1135.00805664 0 0
1135.81005859 -1 0
1136.51196289 0 0
1137.17895508 -1 0
1137.89697266 0 0
1138.70300293 -1 0
1139.46203613 0 0
1140.0760498 0 -1
1140.85595703 -1 -1
1141.46899414 0 -1
1142.22302246 -1 -1
1142.94396973 0 -1
1143.59802246 -1 -1
1144.29394531 -1 0
1145.0880127 -1 -1
1145.90698242 -1 0
1146.63696289 -1 -1
1147.27905273 -1 0
1147.98596191 -1 -1
1148.72094727 -1 0
1149.52697754 -1 -1
1150.25805664 -1 0
1150.91101074 -1 -1
1151.6619873 -1 0
1152.4699707 -1 -1
1153.32397461 -1 0
1154.19104004 -1 -1
1154.90698242 -1 0
1155.72900391 -1 -1
1156.43701172 -1 0
1157.1529541 -1 -1
1157.77197266 -1 0
1158.40698242 -1 -1
1159.16796875 -1 0
1159.93798828 -1 -1
1160.57897949 -1 0
1161.41503906 -1 -1
1162.31298828 -1 0
1163.07202148 -1 -1
1163.80004883 -1 0
1164.69799805 -1 -1
1165.32299805 -1 0
1166.09094238 -1 -1
1166.76794434 -1 0
1167.48095703 -1 -1
1168.11206055 -1 0
1168.9909668 -1 -1
1169.75598145 -1 0
1170.54797363 -1 -1
1171.37304688 -1 0
1172.07104492 -1 1
1172.69104004 -1 0
1173.34301758 -1 1
1174.22094727 -1 0
1175.05700684 -1 1
1175.92700195 0 1
1176.55004883 -1 1
1177.28503418 0 1
1178.01196289 -1 1
1178.85205078 0 1
1179.7409668 -1 1
1180.57104492 0 1
1181.41003418 -1 1
1182.18603516 0 1
1182.94799805 -1 1
1183.58605957 0 1
1184.41296387 -1 1
1185.1619873 0 1
1185.88098145 0 2
1186.60803223 1 2
1187.45703125 1 3
1188.07995605 0 3
1188.89001465 0 2
1189.57202148 0 1
1190.34399414 0 2
1191.18505859 0 1
1191.9119873 0 2
1192.69897461 0 1
1193.3659668 0 2
1194.15002441 0 1
1194.93505859 0 0
1195.78796387 0 1
1196.67700195 0 0
1197.5489502 0 1
1198.34399414 0 0
1199.1739502 0 1
1199.90405273 0 0
1200.76000977 0 1
1201.62194824 0 0
1202.23498535 0 1
1203.0579834 0 0
1203.73095703 0 1
1204.35998535 0 0
1205.17297363 0 1
1205.82397461 0 0
1206.52404785 0 1
1207.23596191 0 0
1208.06994629 0 1
1208.92102051 0 2
1209.74694824 0 1
1210.36303711 0 2
1211.07495117 1 2
1211.72802734 2 2
1212.55603027 2 3
1213.38598633 1 3
1214.20605469 1 2
1215.00097656 2 2
1215.82800293 1 2
1216.44396973 0 2
1217.1529541 1 2
1217.8470459 0 2
1218.54504395 1 2
1219.2989502 0 2
1220.00695801 1 2
1220.61096191 0 2
1221.44494629 0 1
1222.08203125 -1 1
1222.97094727 -2 1
1223.76098633 -1 1
1224.49401855 0 1
1225.37805176 -1 1
1226.06201172 0 1
1226.86401367 -1 1
1227.73303223 0 1
1228.5880127 -1 1
1229.22302246 0 1
1229.98706055 -1 1
1230.76904297 0 1
1231.37304688 -1 1
1232.22595215 0 1
1232.95996094 -1 1
1233.66894531 0 1
1234.55004883 -1 1
1235.24304199 0 1
1235.93896484 -1 1
1236.64697266 -1 2
1237.3659668 0 2
1238.21594238 1 2
1238.95300293 0 2
1239.7590332 0 1
1240.42895508 0 2
1241.16101074 0 1
1241.90600586 0 2
1242.66394043 0 1
1243.34204102 0 2
1244.12805176 0 1
1244.76696777 0 2
1245.47802734 0 1
1246.22497559 0 2
1246.85302734 0 1
1247.71801758 0 2
1248.35205078 0 1
1249.21398926 0 0
1249.87402344 0 1
1250.72900391 0 0
1251.61206055 0 1
1252.29101562 0 0
1253.13793945 0 1
1253.87805176 0 0
1254.67797852 0 1
1255.50097656 0 0
1256.38598633 0 1
1257.11303711 0 0
1257.73901367 0 1
1258.55895996 1 1
1259.26196289 2 1
1259.87597656 1 1
1260.75695801 2 1
1261.38598633 1 1
1261.99304199 2 1
1262.82397461 1 1
1263.6920166 0 1
1264.40905762 1 1
1265.22399902 0 1
1266.00097656 1 1
1266.62597656 0 1
1267.47302246 1 1
1268.28295898 0 1
1269.03894043 1 1
1269.83203125 2 1
1270.67602539 1 1
1271.57202148 2 1
1272.41894531 1 1
1273.2779541 2 1
1273.94104004 1 1
1274.59399414 0 1
1275.31201172 0 2
1276.08203125 1 2
1276.98095703 0 2
1277.82299805 0 1
1278.47998047 0 2
1279.22302246 0 1
1279.84301758 0 2
1280.60205078 0 1
1281.3659668 0 2
1282.11901855 0 1
1282.7199707 0 2
1283.61999512 0 1
1284.35400391 0 2
1284.96398926 0 1
1285.59594727 0 2
1286.46496582 0 1
1287.15002441 0 2
1287.89599609 0 1
1288.74597168 0 2
1289.39294434 0 1
1290.11303711 0 0
1290.9510498 0 1
1291.74597168 0 0
1292.36901855 0 1
1293.20703125 0 0
1293.95703125 -1 0
1294.80297852 -1 1
1295.59594727 0 1
1296.38195801 1 1
1297.18603516 0 1
1297.79797363 1 1
1298.4329834 0 1
1299.28503418 1 1
1299.92700195 0 1
1300.8079834 1 1
1301.60998535 0 1
1302.25305176 1 1
1303.06298828 0 1
1303.7590332 1 1
1304.53295898 0 1
1305.29602051 1 1
1306.14501953 2 1
1306.99401855 1 1
1307.68200684 2 1
1308.41296387 1 1
1309.08898926 1 0
1309.70800781 1 -1
1310.4699707 1 0
1311.27099609 1 -1
1312.09094238 1 0
1312.83105469 1 -1
1313.56298828 1 0
1314.21801758 1 -1
1314.96801758 1 0
1315.69494629 1 -1
1316.4510498 1 0
1317.07800293 1 -1
1317.88500977 1 0
1318.68395996 1 -1
1319.40405273 1 0
1320.19494629 1 -1
1320.86499023 1 0
1321.69799805 1 -1
1322.57495117 1 0
1323.27099609 1 -1
1324.08703613 1 0
1324.98400879 1 -1
1325.7010498 1 0
1326.49304199 1 -1
1327.37805176 1 0
1328.13305664 1 -1
1328.93701172 1 0
1329.63098145 1 -1
1330.49597168 2 -1
1331.30505371 2 0
1331.90698242 2 1
1332.66894531 2 2
1333.29003906 1 2
1334.1619873 1 1
1334.79199219 1 0
1335.65600586 1 -1
1336.44995117 2 -1
1337.26599121 2 0
1338.11206055 2 1
1338.87402344 1 1
1339.61499023 1 0
1340.2220459 1 -1
1340.89196777 1 0
1341.62597656 1 -1
1342.51501465 1 0
1343.39599609 1 -1
1344.10803223 1 0
1344.80102539 1 -1
1345.64404297 1 0
1346.30004883 1 -1
1346.95898438 1 0
1347.85705566 1 -1
1348.68103027 1 0
1349.33105469 1 -1
1350.01293945 1 0
1350.86694336 1 -1
1351.55603027 1 0
1352.29394531 1 -1
1352.9699707 1 0
1353.69799805 1 -1
1354.42895508 1 0
1355.2130127 1 -1
1355.88500977 1 0
1356.75598145 1 -1
1357.61901855 1 0
1358.23596191 1 -1
1359.02001953 1 0
1359.83105469 1 -1
1360.68395996 1 0
1361.51293945 1 -1
1362.18505859 0 -1
1362.93603516 -1 -1
1363.54003906 -1 0
1364.3659668 -1 1
1365.04003906 0 1
1365.76403809 1 1
1366.50805664 0 1
1367.38500977 1 1
1368.01794434 0 1
1368.71398926 1 1
1369.46398926 0 1
1370.27001953 1 1
1370.92602539 0 1
1371.74401855 1 1
1372.35302734 0 1
1373.22302246 1 1
1373.89294434 0 1
1374.78894043 1 1
1375.39294434 0 1
1376.01904297 1 1
1376.64904785 1 2
1377.51403809 1 1
1378.32702637 2 1
1379.08105469 1 1
1379.74694824 2 1
1380.52197266 1 1
1381.21899414 2 1
1382.06396484 1 1
1382.69299316 2 1
1383.4630127 1 1
1384.25305176 1 2
1385.1340332 1 1
1385.93994141 1 2
1386.79699707 1 1
1387.50695801 1 0
1388.35803223 1 -1
1388.97595215 0 -1
1389.85205078 -1 -1
1390.59301758 -1 0
1391.22595215 -1 1
1391.98205566 0 1
1392.875 1 1
1393.66796875 1 0
1394.53503418 1 -1
1395.43395996 0 -1
1396.04199219 -1 -1
1396.93200684 -1 0
1397.71801758 -1 1
1398.38793945 0 1
1399.23095703 1 1
1400.00598145 1 0
1400.62695312 1 -1
1401.26904297 0 -1
1401.89294434 -1 -1
1402.54199219 -1 0
1403.40405273 -1 1
1404.10498047 0 1
1404.72094727 1 1
1405.57800293 1 0
1406.1920166 1 -1
1407.0489502 0 -1
1407.82897949 -1 -1
1408.5369873 -1 0
1409.27502441 -1 1
1410.11499023 0 1
1410.93701172 1 1
1411.78198242 1 0
1412.41699219 1 -1
1413.17602539 1 0
1413.89794922 1 -1
1414.5369873 1 0
1415.41894531 1 -1
1416.03405762 1 0
1416.89599609 1 -1
1417.64904785 1 0
1418.36499023 1 -1
1418.97595215 1 0
1419.64196777 1 -1
1420.54003906 1 0
1421.30895996 1 -1
1421.92602539 1 0
1422.61499023 1 -1
1423.49804688 1 0
1424.30297852 1 -1
1425.03894043 1 0
1425.66101074 1 -1
1426.41894531 1 0
1427.20495605 1 -1
1427.93896484 1 0
1428.83898926 1 -1
1429.60498047 1 0
1430.22802734 2 0
1430.85302734 2 1
1431.73205566 1 1
1432.63000488 0 1
1433.34094238 1 1
1434.1619873 0 1
1434.90100098 1 1
1435.52404785 0 1
1436.14196777 1 1
1436.74694824 0 1
1437.39697266 1 1
1438.23498535 0 1
1439.08605957 1 1
1439.71801758 0 1
1440.55200195 1 1
1441.22302246 0 1
1442.05700684 1 1
1442.87805176 2 1
1443.7409668 1 1
1444.43994141 2 1
1445.2989502 1 1
1445.97998047 2 1
1446.76696777 1 1
1447.6619873 2 1
1448.5279541 1 1
1449.28601074 0 1
1449.90698242 1 1
1450.53405762 1 2
1451.20300293 1 1
1451.93005371 1 2
1452.62902832 1 1
1453.2800293 1 2
1454.14099121 1 1
1454.94494629 1 0
1455.61804199 1 -1
1456.51403809 1 0
1457.32897949 1 -1
1458.01501465 1 0
1458.80297852 1 -1
1459.67602539 1 0
1460.56604004 1 -1
1461.39697266 1 0
1462.29602051 1 -1
1462.99499512 1 0
1463.72900391 1 -1
1464.54504395 1 0
1465.38793945 1 -1
1465.99804688 1 0
1466.89599609 1 -1
1467.64294434 1 0
1468.39501953 1 -1
1469.27502441 1 0
1470.13305664 2 0
1470.87194824 2 1
1471.58605957 1 1
1472.2800293 0 1
1473.08605957 0 0
1473.92102051 1 0
1474.56799316 0 0
1475.23303223 1 0
1475.875 0 0
1476.75805664 1 0
1477.49194336 0 0
1478.23095703 1 0
1478.96105957 0 0
1479.66003418 1 0
1480.44104004 2 0
1481.14904785 1 0
1481.75305176 2 0
1482.41894531 1 0
1483.14501953 2 0
1483.74902344 1 0
1484.48596191 2 0
1485.25805664 1 0
1485.86804199 2 0
1486.71105957 1 0
1487.35705566 0 0
1488.10205078 1 0
1488.94104004 0 0
1489.71899414 1 0
1490.5579834 0 0
1491.41394043 1 0
1492.15600586 2 0
1492.97302246 1 0
1493.77197266 2 0
1494.5949707 1 0
1495.19995117 1 -1
1495.87402344 1 0
1496.69799805 1 -1
1497.40100098 1 0
1498.09399414 1 -1
1498.73901367 1 0
1499.45300293 1 -1
1500.21899414 1 0
1501.05297852 1 -1
1501.87805176 1 0
1502.62805176 1 -1
1503.47900391 1 0
1504.2220459 1 -1
1504.83703613 1 0
1505.71899414 1 -1
1506.58996582 1 0
1507.26196289 1 -1
1507.90100098 1 0
1508.55700684 1 -1
1509.34899902 1 0
1510.21899414 2 0
1510.93896484 2 1
1511.79101562 1 1
1512.60400391 1 0
1513.4909668 2 0
1514.33398438 2 1
1515.11401367 1 1
1515.72094727 0 1
1516.37597656 0 0
1516.9909668 1 0
1517.88793945 2 0
1518.62597656 1 0
1519.39904785 2 0
1520.01501465 1 0
1520.68200684 2 0
1521.29394531 1 0
1522.08398438 0 0
1522.69299316 -1 0
1523.4239502 -1 1
1524.30700684 0 1
1525.0760498 0 0
1525.89294434 -1 0
1526.61804199 -2 0
1527.42895508 -1 0
1528.04797363 -2 0
1528.79797363 -1 0
1529.47802734 -2 0
1530.12805176 -1 0
1530.88098145 -2 0
1531.61303711 -1 0
1532.46704102 0 0
1533.29101562 -1 0
1533.90600586 0 0
1534.66601562 -1 0
1535.53503418 0 0
1536.39501953 -1 0
1537.23303223 0 0
1538.04003906 -1 0
1538.78796387 0 0
1539.54199219 -1 0
1540.29797363 0 0
1541.02294922 -1 0
1541.69299316 0 0
1542.35095215 -1 0
1543.14294434 0 0
1543.88500977 -1 0
1544.75 -2 0
1545.56005859 -1 0
1546.41296387 -2 0
1547.0670166 -1 0
1547.79003906 -2 0
1548.54504395 -1 0
1549.40002441 -1 1
1550.15405273 0 1
1550.85595703 0 0
1551.74194336 -1 0
1552.59594727 -1 1
1553.34899902 0 1
1553.9720459 0 0
1554.69396973 -1 0
1555.52600098 -1 1
1556.17895508 0 1
1556.88903809 0 0
1557.67797852 -1 0
1558.40002441 -1 1
1559.09094238 0 1
1559.83300781 0 0
1560.50500488 -1 0
1561.17504883 -1 1
1561.94604492 0 1
1562.70800781 0 0
1563.3470459 -1 0
1564.10205078 -1 1
1564.83496094 0 1
1565.66699219 -1 1
1566.56604004 0 1
1567.32897949 -1 1
1568.06494141 0 1
1568.80102539 -1 1
1569.58996582 0 1
1570.19799805 -1 1
1570.98803711 0 1
1571.70397949 -1 1
1572.35803223 0 1
1573.19604492 -1 1
1574.0970459 0 1
1574.88500977 -1 1
1575.55004883 0 1
1576.26904297 0 2
1576.9699707 0 1
1577.62805176 0 2
1578.51196289 0 1
1579.11901855 0 2
1579.86999512 0 1
1580.59399414 0 2
1581.38305664 0 1
1582.04602051 0 2
1582.68701172 0 1
1583.58496094 0 2
1584.44396973 0 1
1585.05395508 1 1
1585.81005859 0 1
1586.50305176 1 1
1587.14904785 0 1
1587.83605957 1 1
1588.46496582 0 1
1589.23205566 1 1
1590.09204102 0 1
1590.94604492 1 1
1591.59399414 1 2
1592.25695801 1 1
1592.98205566 1 0
1593.76696777 2 0
1594.64501953 2 1
1595.26501465 1 1
1595.97998047 1 0
1596.62902832 2 0
1597.34594727 1 0
1598.09802246 1 -1
1598.71398926 1 0
1599.43994141 1 -1
1600.04504395 1 0
1600.91296387 1 -1
1601.70800781 1 0
1602.40100098 1 1
1603.19396973 1 0
1603.82397461 1 1
1604.5949707 1 0
1605.2409668 1 1
1606.04602051 1 0
1606.92102051 1 1
1607.72705078 1 2
1608.45495605 1 1
1609.0760498 1 0
1609.87902832 1 1
1610.72595215 1 0
1611.39294434 1 1
1612.03796387 1 0
1612.91101074 1 1
1613.66003418 1 0
1614.26794434 1 1
1614.93200684 1 0
1615.78601074 1 1
1616.6619873 0 1
1617.45898438 1 1
1618.0949707 0 1
1618.89404297 1 1
1619.62402344 0 1
1620.26403809 1 1
1620.8659668 0 1
1621.46704102 1 1
1622.22900391 0 1
1622.85400391 1 1
1623.75 0 1
1624.59899902 1 1
1625.4329834 1 2
1626.19604492 1 1
1626.87194824 1 0
1627.76403809 2 0
1628.64001465 1 0
1629.4630127 2 0
1630.35900879 1 0
1631.18005371 2 0
1632.07995605 1 0
1632.68701172 0 0
1633.32104492 1 0
1634.17700195 0 0
1634.7800293 1 0
1635.49804688 0 0
1636.36999512 1 0
1637.15795898 0 0
1637.83300781 1 0
1638.57397461 2 0
1639.23901367 1 0
1640.01196289 2 0
1640.7779541 1 0
1641.45898438 1 1
1642.08703613 1 0
1642.69494629 1 1
1643.30297852 1 0
1643.99194336 1 1
1644.70300293 1 0
1645.33105469 1 1
1645.95800781 1 0
1646.72094727 1 1
1647.5949707 1 0
1648.27099609 1 1
1648.90197754 1 0
1649.68701172 1 1
1650.30200195 1 0
1650.97399902 1 1
1651.62304688 1 0
1652.49804688 1 1
1653.36499023 1 2
1654.04199219 1 1
1654.67504883 1 0
1655.56494141 1 1
1656.2010498 1 0
1657.00598145 1 1
1657.66394043 1 0
1658.33898926 1 1
1658.98901367 1 2
1659.67004395 1 1
1660.38793945 1 0
1661.18200684 1 1
1661.92297363 1 0
1662.66503906 1 1
1663.50305176 1 0
1664.22900391 1 1
1664.84802246 2 1
1665.45605469 1 1
1666.07299805 2 1
1666.95397949 1 1
1667.70605469 2 1
1668.34204102 1 1
1669.10498047 2 1
1669.93896484 1 1
1670.77600098 0 1
1671.5090332 1 1
1672.18994141 0 1
1673.00500488 1 1
1673.81103516 0 1
1674.48498535 1 1
1675.22302246 0 1
1676.0970459 1 1
1676.90100098 0 1
1677.52404785 1 1
1678.2010498 0 1
1678.89794922 1 1
1679.66796875 0 1
1680.32202148 1 1
1681.11694336 0 1
1681.8840332 1 1
1682.62097168 0 1
1683.44897461 1 1
1684.22705078 0 1
1685.01000977 1 1
1685.61206055 1 0
1686.23706055 1 1
1687.12097168 1 0
1687.99194336 1 1
1688.70300293 1 0
1689.36096191 1 1
1690.15698242 1 0
1690.92504883 1 1
1691.67797852 1 0
1692.41894531 1 1
1693.16503906 1 2
1693.95495605 1 1
1694.64099121 1 0
1695.36303711 1 1
1696.08105469 1 0
1696.95703125 1 1
1697.82104492 1 0
1698.48205566 1 1
1699.23803711 1 0
1699.95397949 1 1
1700.55895996 1 0
1701.27001953 1 1
1702.10803223 1 0
1702.92700195 1 1
1703.71398926 1 0
1704.41003418 1 1
1705.28601074 1 2
1706.05297852 1 1
1706.80004883 1 0
1707.45397949 1 1
1708.24804688 1 0
1709.05297852 1 1
1709.90002441 1 0
1710.58105469 1 1
1711.23095703 2 1
1712.00500488 1 1
1712.76098633 2 1
1713.54003906 1 1
1714.28894043 2 1
1715.08996582 1 1
1715.7989502 0 1
1716.53894043 1 1
1717.38903809 0 1
1718.02197266 1 1
1718.72302246 0 1
1719.57202148 1 1
1720.45397949 0 1
1721.06604004 1 1
1721.90002441 0 1
1722.54797363 1 1
1723.37597656 0 1
1724.21105957 1 1
1724.83203125 0 1
1725.69799805 1 1
1726.47900391 0 1
1727.17199707 1 1
1727.80004883 0 1
1728.42297363 1 1
1729.17297363 1 2
1729.89794922 1 1
1730.76293945 1 0
1731.62097168 1 1
1732.35900879 1 0
1733.08496094 1 1
1733.7989502 1 0
1734.49902344 1 1
1735.3170166 1 0
1736.18005371 1 1
1736.91796875 1 0
1737.81005859 1 1
1738.51293945 1 0
1739.34899902 1 1
1740.24597168 1 0
1741.01293945 1 1
1741.81005859 1 0
1742.69494629 1 1
1743.59204102 1 0
1744.27099609 1 1
1745.11901855 1 2
1745.92700195 1 1
1746.70800781 1 0
1747.38000488 1 1
1748.18505859 1 0
1749.06896973 1 1
1749.94995117 1 0
1750.61206055 1 1
1751.44494629 1 0
1752.28503418 1 1
1753.06494141 2 1
1753.88000488 1 1
1754.72302246 2 1
1755.59301758 1 1
1756.23400879 2 1
1757.04199219 1 1
1757.72900391 0 1
1758.58105469 1 1
1759.29101562 0 1
1759.99194336 1 1
1760.75097656 0 1
1761.51098633 1 1
1762.14001465 0 1
1762.7779541 1 1
1763.63098145 0 1
1764.44799805 1 1
1765.21899414 0 1
1766.03295898 1 1
1766.7130127 0 1
1767.44104004 1 1
1768.1920166 0 1
1768.96704102 1 1
1769.79797363 0 1
1770.59301758 1 1
1771.34594727 0 1
1771.97998047 1 1
1772.73999023 0 1
1773.34094238 1 1
1774.02905273 1 2
1774.70605469 1 1
1775.4630127 1 0
1776.35400391 1 1
1776.96203613 1 0
1777.66394043 1 1
1778.37902832 1 0
1779.0670166 1 1
1779.92199707 1 0
1780.73303223 1 1
1781.4029541 1 0
1782.26403809 1 1
1783.07104492 1 0
1783.89099121 1 1
1784.75305176 1 0
1785.52697754 1 1
1786.15905762 1 0
1786.9239502 1 1
1787.69494629 1 0
1788.32800293 1 1
1788.9630127 1 0
1789.5949707 1 1
1790.35705566 1 0
1791.07495117 1 1
1791.88000488 1 0
1792.68103027 1 1
1793.55895996 1 0
1794.28405762 1 1
1795.09802246 1 2
1795.91394043 1 1
1796.56396484 1 0
1797.30297852 1 1
1797.99804688 1 0
1798.61804199 1 1
1799.32702637 1 0
1800.00402832 1 1
1800.66796875 1 0
1801.46704102 1 1
1802.16601562 1 0
1802.94799805 1 1
1803.60498047 2 1
1804.46801758 1 1
1805.35400391 2 1
1805.97094727 1 1
1806.79101562 2 1
1807.45300293 1 1
1808.19299316 2 1
1808.97399902 1 1
1809.85803223 0 1
1810.55004883 1 1
1811.25195312 0 1
1811.90405273 1 1
1812.58703613 0 1
1813.19104004 1 1
1813.93994141 0 1
1814.72094727 1 1
1815.46594238 0 1
1816.18005371 1 1
1816.99499512 0 1
1817.62097168 1 1
1818.48706055 0 1
1819.16503906 1 1
1819.83105469 0 1
1820.61096191 1 1
1821.45605469 0 1
1822.28796387 1 1
1823.05004883 0 1
1823.85205078 1 1
1824.71496582 0 1
1825.33398438 1 1
1825.94702148 0 1
1826.83898926 0 0
1827.62097168 1 0
1828.28796387 1 1
1829.08898926 1 2
1829.85095215 1 1
1830.70397949 1 0
1831.53503418 1 1
1832.34899902 1 0
1833.01403809 1 1
1833.65698242 1 0
1834.31005859 1 1
1835.13305664 1 0
1835.95703125 1 1
1836.67297363 1 0
1837.56799316 1 1
1838.20800781 1 0
1838.88598633 1 1
1839.7409668 1 0
1840.55395508 1 1
1841.44299316 1 0
1842.1619873 1 1
1842.98803711 1 0
1843.70996094 1 1
1844.45397949 1 2
1845.07104492 1 1
1845.87097168 1 0
1846.73706055 1 1
1847.54394531 1 0
1848.43005371 1 1
1849.27502441 1 0
1850.13696289 1 1
1850.7800293 1 0
1851.48803711 2 0
1852.33300781 1 0
1852.9630127 2 0
1853.68200684 1 0
1854.35998535 2 0
1854.9909668 1 0
1855.63000488 0 0
1856.29003906 1 0
1857.13598633 0 0
1857.98303223 1 0
1858.59204102 0 0
1859.47399902 1 0
1860.24304199 0 0
1861.08703613 1 0
1861.76501465 0 0
1862.51403809 1 0
1863.35998535 0 0
1864.20495605 1 0
1864.88500977 0 0
1865.5579834 1 0
1866.18505859 2 0
1867.08300781 1 0
1867.92199707 2 0
1868.6829834 1 0
1869.50305176 2 0
1870.23706055 1 0
1871.0760498 2 0
1871.90698242 1 0
1872.79296875 2 0
1873.49597168 1 0
1874.36999512 0 0
1875.17602539 1 0
1875.92199707 0 0
1876.52294922 1 0
1877.35803223 0 0
1878.08300781 1 0
1878.80505371 1 -1
1879.5 1 0
1880.18505859 1 -1
1880.93005371 1 0
1881.70605469 1 -1
1882.45703125 1 0
1883.19299316 1 -1
1884.01000977 1 0
1884.83996582 1 -1
1885.58703613 1 0
1886.32104492 1 -1
1886.92797852 1 0
1887.54394531 1 -1
1888.39697266 1 0
1889.28503418 1 -1
1890.03198242 1 0
1890.78198242 1 -1
1891.48706055 1 0
1892.31103516 1 -1
1893.11096191 1 0
1893.97802734 1 -1
1894.68603516 1 0
1895.44299316 1 -1
1896.11096191 1 0
1896.80200195 1 -1
1897.69299316 1 0
1898.37805176 1 -1
1899.16503906 1 0
1900.06298828 1 -1
1900.75500488 1 0
1901.44494629 1 -1
1902.05603027 1 0
1902.70300293 1 -1
1903.38195801 1 0
1904.09204102 1 -1
1904.72399902 1 0
1905.53295898 1 -1
1906.16503906 1 0
1906.96398926 1 -1
1907.80700684 1 0
1908.61499023 1 -1
1909.43896484 1 0
1910.15905762 1 -1
1910.78894043 1 0
1911.49194336 1 1
1912.21704102 1 0
1913.09802246 1 1
1913.95703125 1 0
1914.67004395 1 1
1915.27502441 1 0
1915.94702148 1 1
1916.84204102 1 0
1917.59594727 1 1
1918.31005859 1 0
1919.13305664 1 1
1919.86096191 1 0
1920.55102539 1 1
1921.25695801 1 2
1921.97900391 1 1
1922.72802734 1 0
1923.59594727 1 1
1924.35400391 1 2
1925.09594727 1 1
1925.86096191 1 0
1926.64404297 1 1
1927.30297852 1 0
1928.13195801 1 1
1928.98596191 1 0
1929.84301758 1 1
1930.52099609 1 0
1931.30200195 1 1
1932.01501465 1 0
1932.88305664 2 0
1933.59094238 1 0
1934.31994629 2 0
1935.19396973 1 0
1935.86694336 2 0
1936.73803711 1 0
1937.57495117 2 0
1938.4329834 1 0
1939.32702637 2 0
1940.00195312 1 0
1940.64599609 0 0
1941.49304199 1 0
1942.37695312 0 0
1943.17700195 1 0
1943.78503418 0 0
1944.48095703 1 0
1945.09899902 0 0
1945.84301758 1 0
1946.53894043 0 0
1947.2590332 1 0
1947.93103027 0 0
1948.56201172 1 0
1949.24499512 0 0
1949.99194336 1 0
1950.59802246 2 0
1951.38000488 1 0
1952.11499023 2 0
1952.79296875 1 0
1953.39697266 2 0
1954.24401855 1 0
1954.9510498 1 1
1955.81604004 0 1
1956.53601074 1 1
1957.40002441 0 1
1958.20495605 1 1
1958.96105957 0 1
1959.64904785 1 1
1960.43505859 0 1
1961.0369873 1 1
1961.83703613 1 0
1962.56201172 1 1
1963.23999023 1 0
1964.05200195 1 1
1964.76904297 1 0
1965.59301758 1 1
1966.26000977 1 0
1966.9699707 1 1
1967.68103027 1 2
1968.55895996 1 1
1969.18994141 1 0
1969.85205078 1 1
1970.50598145 1 0
1971.125 1 1
1971.82299805 1 0
1972.53503418 1 1
1973.16503906 1 0
1973.83898926 1 1
1974.50097656 1 0
1975.28295898 1 1
1976.01098633 1 0
1976.7199707 1 1
1977.51904297 1 0
1978.3470459 1 1
1978.97302246 1 0
1979.6529541 1 1
1980.30895996 1 0
1981.15795898 1 1
1981.8079834 1 0
1982.42504883 1 1
1983.08605957 1 0
1983.87902832 1 1
1984.71105957 1 0
1985.38000488 1 1
1986.07995605 1 0
1986.75598145 1 1
1987.55004883 1 0
1988.39294434 1 1
1989.23095703 1 0
1990.10705566 1 1
1990.92504883 1 0
1991.55505371 1 1
1992.28405762 1 0
1992.94299316 1 1
1993.81103516 1 2
1994.57495117 1 1
1995.42297363 1 0
1996.31201172 1 1
1996.93798828 1 0
1997.67895508 2 0
1998.33703613 1 0
1999.07897949 2 0
1999.96899414 1 0
2000.74694824 2 0
2001.55603027 1 0
2002.24694824 2 0
2002.95996094 1 0
2003.65905762 0 0
2004.35095215 1 0
2005.23999023 0 0
2006.10595703 1 0
2006.8380127 0 0
2007.49499512 1 0
2008.18603516 0 0
2009.03796387 1 0
2009.70495605 0 0
2010.3659668 1 0
2011.02600098 2 0
2011.76196289 1 0
2012.58398438 0 0
2013.19299316 1 0
2013.80505371 1 1
2014.59594727 1 0
2015.36206055 1 1
2015.98205566 1 0
2016.69897461 1 1
2017.44799805 1 0
2018.18603516 1 1
2018.86499023 1 0
2019.71801758 1 1
2020.49401855 1 0
2021.13793945 1 1
2021.96105957 1 0
2022.69104004 1 1
2023.38903809 1 0
2024.10205078 1 1
2024.75195312 1 0
2025.42602539 1 1
2026.11401367 1 0
2026.78601074 1 1
2027.52697754 1 0
2028.35900879 1 1
2029.05395508 2 1
2029.72998047 1 1
2030.58996582 2 1
2031.28100586 1 1
2032.12097168 0 1
2032.89099121 1 1
2033.69299316 0 1
2034.36694336 1 1
2035.25402832 0 1
2035.9909668 1 1
2036.85998535 0 1
2037.60998535 1 1
2038.25097656 0 1
2038.90795898 1 1
2039.56896973 0 1
2040.22094727 1 1
2041.06994629 0 1
2041.92199707 1 1
2042.61694336 0 1
2043.43395996 1 1
2044.15905762 0 1
2044.82995605 1 1
2045.65905762 0 1
2046.37304688 1 1
2047.05700684 0 1
2047.68701172 1 1
2048.33789062 0 1
2048.9440918 1 1
2049.64599609 0 1
2050.46606445 1 1
2051.19604492 0 1
2052.0859375 1 1
2052.91992188 0 1
2053.81689453 1 1
2054.52709961 1 2
2055.17089844 1 1
2055.83691406 1 2
2056.47290039 1 1
2057.22509766 1 0
2058.09008789 1 1
2058.76293945 1 0
2059.38500977 1 1
2060.08398438 1 0
2060.69604492 1 1
2061.58398438 1 0
2062.24609375 1 1
2062.86108398 1 0
2063.67993164 1 1
2064.51489258 1 0
2065.39111328 1 1
2066.26391602 1 0
2067.10498047 1 1
2067.87109375 1 0
2068.66601562 1 1
2069.53491211 1 0
2070.23291016 1 1
2071.04003906 1 0
2071.9050293 1 1
2072.63891602 1 0
2073.49511719 1 1
2074.10205078 1 0
2074.74804688 1 1
2075.35791016 1 0
2076.23193359 1 1
2077.01708984 1 0
2077.89111328 1 1
2078.49389648 1 0
2079.15209961 1 1
2080.02587891 1 0
2080.63305664 2 0
2081.39599609 1 0
2082.02490234 2 0
2082.69189453 1 0
2083.29711914 2 0
2083.93798828 1 0
2084.56591797 2 0
2085.37988281 1 0
2086.21704102 2 0
2086.97509766 1 0
2087.83105469 1 -1
2088.66699219 0 -1
2089.35888672 0 -2
2090.15795898 0 -1
2090.93994141 0 -2
2091.7980957 0 -1
2092.68798828 0 -2
2093.51806641 0 -1
2094.18896484 0 -2
2094.9519043 0 -1
2095.79101562 0 -2
2096.51708984 0 -1
2097.31201172 0 -2
2097.95996094 0 -1
2098.62988281 0 0
2099.23291016 0 -1
2100.0090332 0 0
2100.83691406 0 -1
2101.54003906 0 0
2102.40893555 0 -1
2103.19702148 0 0
2104.03710938 0 -1
2104.7980957 0 0
2105.41796875 0 -1
2106.12792969 0 0
2106.95800781 0 -1
2107.6730957 0 0
2108.32006836 0 -1
2109.16601562 0 0
2109.85888672 0 -1
2110.75097656 0 0
2111.41210938 0 -1
2112.3059082 0 0
2113.05102539 0 -1
2113.77709961 0 -2
2114.56298828 0 -1
2115.17089844 1 -1
2115.7980957 0 -1
2116.51708984 1 -1
2117.26489258 0 -1
2117.90991211 1 -1
2118.57006836 0 -1
2119.28198242 1 -1
2120.02001953 0 -1
2120.65893555 1 -1
2121.3840332 0 -1
2122.01708984 1 -1
2122.63598633 0 -1
2123.44604492 1 -1
2124.21606445 0 -1
2124.88110352 -1 -1
2125.70996094 -1 0
2126.50195312 -1 1
2127.10693359 -1 0
2127.74389648 -1 1
2128.47998047 -1 0
2129.34106445 -1 1
2129.97290039 -1 0
2130.74389648 -1 1
2131.5480957 -1 0
2132.25390625 -1 1
2133.04003906 -1 0
2133.88598633 -1 1
2134.63305664 -1 0
2135.37402344 -1 1
2136.18896484 -1 0
2136.84106445 -1 1
2137.50708008 -1 0
2138.30493164 -1 1
2138.93603516 -1 0
2139.83398438 -1 1
2140.55908203 -1 0
2141.31396484 -1 1
2142.18994141 -1 0
2142.89306641 -1 -1
2143.62011719 -1 0
2144.28393555 -1 -1
2144.91796875 -1 0
2145.70092773 -1 -1
2146.35107422 -2 -1
2146.99707031 -1 -1
2147.86499023 0 -1
2148.73388672 1 -1
2149.35205078 0 -1
2150.21704102 1 -1
2150.90087891 0 -1
2151.73803711 1 -1
2152.34594727 0 -1
2153.24194336 1 -1
2153.98291016 0 -1
2154.625 -1 -1
2155.25195312 0 -1
2155.94311523 -1 -1
2156.66992188 0 -1
2157.51000977 -1 -1
2158.13110352 0 -1
2158.7800293 0 -2
2159.58789062 0 -1
2160.45507812 0 -2
2161.21191406 0 -1
2161.92895508 -1 -1
2162.64111328 0 -1
2163.27392578 -1 -1
2163.91088867 0 -1
2164.75488281 -1 -1
2165.54394531 0 -1
2166.33105469 -1 -1
2167.06494141 0 -1
2167.86010742 -1 -1
2168.54101562 0 -1
2169.37109375 -1 -1
2170.01196289 0 -1
2170.81298828 -1 -1
2171.54296875 0 -1
2172.20898438 1 -1
2172.90209961 0 -1
2173.55200195 1 -1
2174.2980957 0 -1
2175.09790039 0 -2
2175.75610352 0 -1
2176.6550293 0 -2
2177.54907227 0 -1
2178.42895508 0 0
2179.2590332 0 -1
2180.01806641 0 0
2180.78295898 0 -1
2181.51708984 0 0
2182.29492188 0 -1
2182.93994141 0 0
2183.68408203 0 -1
2184.43505859 0 0
2185.23388672 0 -1
2185.88989258 0 0
2186.69799805 0 -1
2187.33203125 -1 -1
2188.13891602 -1 0
2188.85302734 -1 -1
2189.73095703 -1 0
2190.50292969 -1 -1
2191.39111328 -1 0
2192.26489258 -1 -1
2193.1340332 -1 0
2193.91210938 -1 -1
2194.64404297 0 -1
2195.46191406 1 -1
2196.14892578 0 -1
2196.99389648 1 -1
2197.80395508 0 -1
2198.52294922 -1 -1
2199.29907227 0 -1
2200.15405273 -1 -1
2200.99902344 0 -1
2201.625 -1 -1
2202.46191406 0 -1
2203.19311523 -1 -1
2203.87402344 0 -1
2204.51806641 -1 -1
2205.21801758 0 -1
2205.89794922 -1 -1
2206.67993164 0 -1
2207.5300293 -1 -1
2208.33300781 0 -1
2209.22290039 -1 -1
2209.99804688 0 -1
2210.6550293 -1 -1
2211.31201172 0 -1
2212.01806641 1 -1
2212.67089844 0 -1
2213.43408203 1 -1
2214.14306641 0 -1
2214.8840332 1 -1
2215.77905273 0 -1
2216.47290039 0 -2
2217.23901367 0 -1
2217.87207031 0 -2
2218.5480957 0 -1
2219.36303711 0 -2
2220.20410156 0 -1
2220.99804688 0 0
2221.87402344 0 -1
2222.70800781 0 0
2223.51489258 0 -1
2224.26293945 0 0
2225.11694336 0 -1
2225.8840332 0 0
2226.625 0 -1
2227.35009766 0 0
2228.16308594 0 -1
2228.99511719 0 0
2229.67407227 0 -1
2230.53295898 0 0
2231.35888672 0 -1
2232.02001953 -1 -1
2232.73608398 -1 0
2233.62207031 -1 -1
2234.52099609 -1 0
2235.13110352 -1 -1
2235.89404297 -1 0
2236.60498047 -1 -1
2237.3190918 -1 0
2238.20507812 -1 -1
2239.09106445 -1 0
2239.77197266 -1 -1
2240.56811523 0 -1
2241.2890625 -1 -1
2241.93188477 0 -1
2242.71899414 -1 -1
2243.55810547 0 -1
2244.26611328 -1 -1
2245.0559082 0 -1
2245.90209961 -1 -1
2246.58105469 0 -1
2247.2590332 -1 -1
2247.98388672 0 -1
2248.625 -1 -1
2249.28198242 0 -1
2249.97412109 -1 -1
2250.77490234 0 -1
2251.60498047 -1 -1
2252.33789062 0 -1
2252.95092773 -1 -1
2253.82397461 0 -1
2254.53491211 1 -1
2255.19702148 0 -1
2255.91210938 1 -1
2256.6340332 0 -1
2257.46801758 1 -1
2258.25195312 0 -1
2258.97290039 1 -1
2259.71508789 0 -1
2260.41992188 1 -1
2261.27587891 0 -1
2261.93310547 1 -1
2262.81494141 0 -1
2263.59204102 1 -1
2264.19311523 0 -1
2264.97412109 1 -1
2265.86010742 0 -1
2266.53198242 1 -1
2267.39404297 0 -1
2268.10791016 1 -1
2268.73510742 0 -1
2269.53100586 0 -2
2270.42089844 0 -1
2271.08911133 0 -2
2271.84594727 0 -1
2272.53491211 0 -2
2273.38696289 0 -1
2274.15405273 0 0
2275.04907227 0 -1
2275.84008789 0 0
2276.72412109 0 -1
2277.43896484 0 0
2278.07104492 0 -1
2278.69189453 0 0
2279.39990234 0 -1
2280.12402344 0 0
2280.93505859 0 -1
2281.70898438 0 0
2282.48999023 0 -1
2283.35302734 -1 -1
2284.09912109 -1 0
2284.95288086 -1 -1
2285.59106445 -1 0
2286.37695312 -1 -1
2287.2199707 -1 0
2288.10595703 -2 0
2289.00610352 -1 0
2289.62988281 -2 0
2290.52001953 -1 0
2291.31591797 -1 1
2292.12304688 0 1
2292.84301758 0 0
2293.65600586 0 -1
2294.54394531 -1 -1
2295.38793945 0 -1
2296.12402344 -1 -1
2296.94897461 0 -1
2297.63891602 -1 -1
2298.31298828 0 -1
2299.16601562 -1 -1
2299.7980957 0 -1
2300.63696289 -1 -1
2301.53393555 0 -1
2302.4309082 -1 -1
2303.14111328 0 -1
2303.83398438 -1 -1
2304.66210938 0 -1
2305.35205078 -1 -1
2305.97900391 0 -1
2306.80297852 -1 -1
2307.49902344 0 -1
2308.39208984 -1 -1
2309.24389648 0 -1
2310.06396484 -1 -1
2310.73193359 0 -1
2311.47802734 -1 -1
2312.24902344 0 -1
2312.93603516 -1 -1
2313.78393555 0 -1
2314.64990234 -1 -1
2315.37011719 0 -1
2316.01611328 1 -1
2316.89599609 1 0
2317.53491211 1 -1
2318.16088867 1 0
2318.94897461 1 -1
2319.84106445 1 0
2320.53198242 1 -1
2321.41503906 1 0
2322.12695312 1 -1
2323.01293945 1 0
2323.67895508 1 -1
2324.34912109 1 0
2325.02807617 1 -1
2325.64306641 1 0
2326.27807617 1 -1
2327.04589844 1 0
2327.84106445 1 -1
2328.5300293 1 0
2329.2199707 1 -1
2329.88208008 1 0
2330.66210938 1 -1
2331.34106445 1 0
2332.09106445 1 -1
2332.92993164 1 0
2333.65893555 1 -1
2334.38793945 1 0
2335.07397461 1 -1
2335.74902344 1 0
2336.54907227 1 1
2337.27099609 1 0
2337.97607422 1 1
2338.72509766 1 0
2339.59912109 1 1
2340.21899414 1 0
2341.04711914 1 1
2341.92993164 0 1
2342.65087891 0 0
2343.27807617 1 0
2343.92407227 1 1
2344.64404297 0 1
2345.5390625 0 0
2346.27807617 1 0
2347.10498047 1 1
2347.90698242 0 1
2348.55493164 1 1
2349.43994141 0 1
2350.20898438 1 1
2351.05688477 0 1
2351.73510742 1 1
2352.5300293 0 1
2353.26806641 1 1
2354.07910156 0 1
2354.7800293 1 1
2355.47509766 0 1
2356.10400391 1 1
2356.73388672 0 1
2357.43701172 1 1
2358.11206055 0 1
2358.81396484 1 1
2359.61694336 0 1
2360.30395508 1 1
2360.96289062 2 1
2361.77001953 1 1
2362.54711914 0 1
2363.30102539 1 1
2364.16992188 0 1
2364.96191406 1 1
2365.70507812 0 1
2366.59399414 1 1
2367.38500977 0 1
2368.02001953 1 1
2368.76806641 0 1
2369.49389648 1 1
2370.20507812 0 1
2370.88208008 1 1
2371.71411133 1 2
2372.56494141 1 1
2373.40087891 1 2
2374.13696289 1 1
2374.96411133 1 2
2375.73510742 1 1
2376.625 1 2
2377.34912109 1 1
2378.16210938 1 0
2378.81811523 1 1
2379.47607422 1 0
2380.09912109 1 1
2380.9140625 1 0
2381.6940918 1 1
2382.50488281 1 0
2383.30810547 1 1
2384.05688477 1 0
2384.88110352 1 1
2385.54492188 1 0
2386.42211914 1 1
2387.13793945 1 0
2387.94897461 2 0
2388.66796875 1 0
2389.32495117 2 0
2390.2019043 1 0
2390.86401367 2 0
2391.6159668 1 0
2392.5090332 0 0
2393.26806641 1 0
2394.05810547 0 0
2394.87890625 1 0
2395.54907227 0 0
2396.16210938 1 0
2396.83203125 0 0
2397.45092773 1 0
2398.11791992 0 0
2398.96411133 1 0
2399.61206055 0 0
