0.500999987125 5 4
1.36800003052 5 3
2.11899995804 5 2
2.89400005341 4 2
3.60599994659 4 1
4.34100008011 4 0
5.1859998703 5 0
6.00699996948 5 0
6.84800004959 5 -1
7.56300020218 5 -2
8.44600009918 5 -1
9.0640001297 5 0
9.70199966431 5 1
10.3959999084 5 2
11.1639995575 5 3
11.8009996414 5 3
12.5710000992 4 3
13.4329996109 4 2
14.251999855 4 1
14.8660001755 5 1
15.6379995346 5 1
16.5209999084 4 1
17.4020004272 3 1
18.0100002289 3 0
18.6630001068 4 0
19.3360004425 4 -1
20.1509990692 5 -1
21.0279998779 5 -1
21.8519992828 5 0
22.7220001221 5 1
23.5979995728 5 0
24.4190006256 4 0
25.0550003052 3 0
25.8400001526 2 0
26.7159996033 3 0
27.4780006409 2 0
28.3169994354 1 0
29.061000824 0 0
29.8579998016 -1 0
30.656999588 -1 -1
31.4750003815 -1 -2
32.3429985046 -2 -2
33.1129989624 -2 -3
33.9640007019 -2 -4
34.7980003357 -2 -5
35.6290016174 -3 -5
36.4749984741 -4 -5
37.2589988708 -3 -5
38.0130004883 -2 -5
38.8839988708 -2 -4
39.5289993286 -2 -3
40.3310012817 -2 -4
41.0460014343 -3 -4
41.7659988403 -4 -4
42.641998291 -4 -3
43.3800010681 -4 -2
44.2089996338 -4 -3
44.8559989929 -5 -3
45.6450004578 -4 -3
46.2890014648 -3 -3
47.0379981995 -2 -3
47.8240013123 -1 -3
48.4910011292 -1 -4
49.1689987183 -1 -3
50.0200004578 -1 -4
50.7680015564 -1 -5
51.3829994202 -2 -5
52.2799987793 -3 -5
53.0810012817 -4 -5
53.8709983826 -5 -5
54.5239982605 -5 -4
55.3979988098 -5 -3
56.2760009766 -5 -2
56.9109992981 -5 -3
57.5390014648 -5 -4
58.408000946 -5 -4
59.2879981995 -5 -5
59.9790000916 -5 -5
60.7459983826 -5 -5
61.6170005798 -4 -5
62.3019981384 -5 -5
63.1520004272 -5 -5
63.8759994507 -5 -5
64.7289962769 -5 -5
65.46900177 -5 -5
66.2610015869 -5 -5
67.0889968872 -5 -5
67.9260025024 -5 -5
68.5530014038 -5 -5
69.2880020142 -5 -5
70.125 -5 -5
70.9440002441 -5 -5
71.5650024414 -5 -5
72.3789978027 -5 -5
73.2450027466 -5 -5
73.966003418 -5 -5
74.7269973755 -5 -5
75.5240020752 -5 -5
76.2419967651 -5 -5
77.1299972534 -5 -5
77.8880004883 -5 -5
78.7480010986 -5 -5
79.5159988403 -5 -5
80.4110031128 -5 -5
81.2519989014 -5 -5
82.1179962158 -5 -5
82.9300003052 -5 -5
83.7490005493 -5 -5
84.40599823 -5 -5
85.1279983521 -5 -5
85.9300003052 -5 -5
86.7369995117 -5 -5
87.6159973145 -5 -5
88.4919967651 -5 -5
89.3679962158 -5 -5
90.0220031738 -5 -5
90.7600021362 -5 -5
91.4079971313 -5 -5
92.1409988403 -5 -5
92.7969970703 -5 -5
93.6510009766 -5 -5
94.3349990845 -5 -5
95.1910018921 -5 -5
95.9929962158 -5 -5
96.8809967041 -5 -5
97.6240005493 -5 -5
98.3779983521 -5 -5
99.0650024414 -5 -5
99.9629974365 -5 -5
100.751998901 -5 -5
101.556999207 -5 -5
102.411003113 -5 -5
103.18800354 -5 -5
103.999000549 -5 -5
104.885002136 -5 -5
105.741996765 -5 -5
106.446998596 -5 -5
107.282997131 -5 -5
107.898002625 -5 -5
108.560997009 -5 -5
109.379997253 -5 -5
110.019996643 -5 -5
110.741996765 -5 -5
111.45400238 -5 -5
112.290000916 -5 -5
112.892997742 -5 -5
113.589996338 -5 -5
114.314002991 -5 -5
115.005996704 -5 -5
115.883003235 -5 -5
116.711997986 -5 -5
117.606002808 -5 -5
118.208999634 -5 -5
119.010002136 -5 -5
119.63999939 -5 -5
120.387001038 -5 -5
121.13999939 -5 -5
121.911003113 -5 -5
122.525001526 -5 -5
123.382003784 -5 -5
124.163002014 -5 -5
124.924003601 -5 -5
125.591003418 -5 -5
126.398002625 -5 -5
127.095001221 -5 -5
127.956001282 -5 -5
128.68800354 -5 -5
129.337997437 -5 -5
130.197998047 -5 -5
130.854995728 -5 -5
131.714004517 -5 -5
132.520004272 -5 -5
133.175003052 -5 -5
133.927993774 -5 -5
134.718994141 -5 -5
135.341003418 -5 -5
136.085006714 -5 -5
136.791000366 -5 -5
137.535003662 -5 -5
138.220993042 -5 -5
138.95199585 -5 -5
139.738998413 -5 -5
140.617004395 -5 -5
141.363006592 -5 -5
142.018997192 -5 -5
142.662994385 -5 -5
143.475997925 -5 -5
144.361999512 -5 -5
145.082992554 -5 -5
145.699005127 -5 -5
146.509994507 -5 -5
147.253997803 -5 -5
147.865997314 -5 -5
148.626998901 -5 -5
149.371002197 -5 -5
150.18800354 -5 -5
150.852996826 -5 -5
151.496002197 -5 -5
152.192993164 -5 -5
152.992996216 -5 -5
153.863006592 -5 -5
154.613998413 -5 -5
155.481002808 -5 -5
156.182006836 -5 -5
156.99899292 -5 -5
157.662994385 -5 -5
158.399993896 -5 -5
159.270004272 -5 -5
159.927001953 -5 -5
160.740005493 -5 -5
161.542007446 -5 -5
162.356994629 -5 -5
163.007003784 -5 -5
163.651992798 -5 -5
164.382003784 -5 -5
164.99899292 -5 -5
165.647003174 -5 -5
166.438995361 -5 -5
167.125 -5 -5
167.740997314 -5 -5
168.460998535 -5 -5
169.274002075 -5 -5
169.919998169 -5 -5
170.776992798 -5 -5
171.414001465 -5 -5
172.180999756 -5 -5
173.059005737 -5 -5
173.70300293 -5 -5
174.552993774 -5 -5
175.292007446 -5 -5
176.067001343 -5 -5
176.93800354 -5 -5
177.669998169 -5 -5
178.48399353 -5 -5
179.097000122 -5 -5
179.927001953 -5 -5
180.656997681 -5 -5
181.408996582 -5 -5
182.302001953 -5 -5
183.029998779 -5 -5
183.682006836 -5 -5
184.481002808 -5 -5
185.106994629 -5 -5
185.766998291 -5 -5
186.481002808 -5 -5
187.182998657 -5 -5
187.843002319 -5 -5
188.569000244 -5 -5
189.391998291 -5 -5
190.179992676 -5 -5
190.970993042 -5 -5
191.638000488 -5 -5
192.328994751 -5 -5
193.100997925 -5 -5
193.985992432 -5 -5
194.628005981 -5 -5
195.522003174 -5 -5
196.194000244 -5 -5
196.832992554 -5 -5
197.485992432 -5 -5
198.119995117 -5 -5
198.81300354 -5 -5
199.611999512 -5 -5
200.261993408 -5 -5
200.975997925 -5 -5
201.617004395 -5 -5
202.45300293 -5 -5
203.31199646 -5 -5
204.182998657 -5 -5
204.904998779 -5 -5
205.615997314 -5 -5
206.356994629 -5 -5
207.110992432 -5 -5
207.774002075 -5 -5
208.526000977 -5 -5
209.272003174 -5 -5
210.007995605 -5 -5
210.899002075 -5 -5
211.776992798 -5 -5
212.445999146 -5 -5
213.29699707 -5 -5
214.054992676 -5 -5
214.895996094 -5 -5
215.742004395 -5 -5
216.404006958 -5 -5
217.229003906 -5 -5
217.899002075 -5 -5
218.593994141 -5 -5
219.317001343 -5 -5
219.962005615 -5 -5
220.587997437 -5 -5
221.283004761 -5 -5
222.151992798 -5 -5
222.843994141 -5 -5
223.572998047 -5 -5
224.378005981 -5 -5
225.042999268 -5 -5
225.777999878 -5 -5
226.619995117 -5 -5
227.48399353 -5 -5
228.115005493 -5 -5
228.74899292 -5 -5
229.412994385 -5 -5
230.039993286 -5 -5
230.682006836 -5 -5
231.462997437 -5 -5
232.151000977 -5 -5
232.893997192 -5 -5
233.613998413 -5 -5
234.507995605 -5 -5
235.326004028 -5 -5
236.192993164 -5 -5
237.022994995 -5 -5
237.725997925 -5 -5
238.429000854 -5 -5
239.281005859 -5 -5
240.17300415 -5 -5
240.910995483 -5 -5
241.703994751 -5 -5
242.552001953 -5 -5
243.31199646 -5 -5
243.98399353 -5 -5
244.832992554 -5 -5
245.705993652 -5 -5
246.527999878 -5 -5
247.156997681 -5 -5
247.89100647 -5 -5
248.507003784 -5 -5
249.404006958 -5 -5
250.294998169 -5 -5
251.167007446 -5 -5
252.007995605 -5 -5
252.746002197 -5 -5
253.554000854 -5 -5
254.158996582 -5 -5
255.011001587 -5 -5
255.639007568 -5 -5
256.363006592 -5 -5
257.144012451 -5 -5
257.863006592 -5 -5
258.559997559 -5 -5
259.454986572 -5 -5
260.350006104 -5 -5
261.136993408 -5 -5
261.989013672 -5 -5
262.760986328 -5 -5
263.614990234 -5 -5
264.484008789 -5 -5
265.369995117 -5 -5
266.071990967 -5 -5
266.82598877 -5 -5
267.562988281 -5 -5
268.368011475 -5 -5
269.131988525 -5 -5
269.807006836 -5 -5
270.680999756 -5 -5
271.565002441 -5 -5
272.29699707 -5 -5
273.036010742 -5 -5
273.92098999 -5 -5
274.667999268 -5 -5
275.312988281 -5 -5
275.963012695 -5 -5
276.841003418 -5 -5
277.516998291 -5 -5
278.415008545 -5 -5
279.028991699 -5 -5
279.709991455 -5 -5
280.316986084 -5 -5
281.183013916 -5 -5
282.035003662 -5 -5
282.692993164 -5 -5
283.308013916 -5 -5
284.20300293 -5 -5
284.950012207 -5 -5
285.786010742 -5 -5
286.442993164 -5 -5
287.141998291 -5 -5
287.959014893 -5 -5
288.691986084 -5 -5
289.587005615 -5 -5
290.485992432 -5 -5
291.179992676 -5 -5
291.919006348 -5 -5
292.678985596 -5 -5
293.325012207 -5 -5
293.984985352 -5 -5
294.865997314 -5 -5
295.725006104 -5 -5
296.50201416 -5 -5
297.148986816 -5 -5
297.765991211 -5 -5
298.57901001 -5 -5
299.290008545 -5 -5
299.989990234 -5 -5
300.809997559 -5 -5
301.463989258 -5 -5
302.313995361 -5 -5
303.029998779 -5 -5
303.835998535 -5 -5
304.729003906 -5 -5
305.480987549 -5 -5
306.197998047 -5 -5
306.861999512 -5 -5
307.484985352 -5 -5
308.20199585 -5 -5
309.04699707 -5 -5
309.778991699 -5 -5
310.634002686 -5 -5
311.463012695 -5 -5
312.132995605 -5 -5
312.807006836 -5 -5
313.588989258 -5 -5
314.430999756 -5 -5
315.125 -5 -5
316.013000488 -5 -5
316.760009766 -5 -5
317.483001709 -5 -5
318.333007812 -5 -5
319.092010498 -5 -5
319.819000244 -5 -5
320.690002441 -5 -5
321.330993652 -5 -5
322.007995605 -5 -5
322.772003174 -5 -5
323.657989502 -5 -5
324.404998779 -5 -5
325.291992188 -5 -5
325.967010498 -5 -5
326.691009521 -5 -5
327.363006592 -5 -5
328.010986328 -5 -5
328.726989746 -5 -5
329.57901001 -5 -5
330.350006104 -5 -5
330.977996826 -5 -5
331.79699707 -5 -5
332.466003418 -5 -5
333.342987061 -5 -5
333.989013672 -5 -5
334.605987549 -5 -5
335.411010742 -5 -5
336.239013672 -5 -5
336.87298584 -5 -5
337.640014648 -5 -5
338.532012939 -5 -5
339.295013428 -5 -5
340.054992676 -5 -5
340.756011963 -5 -5
341.467010498 -5 -5
342.12298584 -5 -5
342.938995361 -5 -5
343.821990967 -5 -5
344.636993408 -5 -5
345.294006348 -5 -5
345.920013428 -5 -5
346.739990234 -5 -5
347.470001221 -5 -5
348.356994629 -5 -5
349.246002197 -5 -5
350.102996826 -5 -5
350.704986572 -5 -5
351.45401001 -5 -5
352.286010742 -5 -5
352.990997314 -5 -5
353.773986816 -5 -5
354.630004883 -5 -5
355.514007568 -5 -5
356.287994385 -5 -5
357.084014893 -5 -5
357.696014404 -5 -5
358.32598877 -5 -5
359.183013916 -5 -5
359.925994873 -5 -5
360.625 -5 -5
361.481994629 -5 -5
362.230010986 -5 -5
363.07800293 -5 -5
363.964996338 -5 -5
364.605987549 -5 -5
365.238006592 -5 -5
365.992004395 -5 -5
366.601989746 -5 -5
367.441009521 -5 -5
368.091003418 -5 -5
368.820007324 -5 -5
369.651000977 -5 -5
370.37600708 -5 -5
370.99798584 -5 -5
371.619995117 -5 -5
372.347991943 -5 -5
373.045013428 -5 -5
373.694000244 -5 -5
374.559997559 -5 -5
375.322998047 -5 -5
375.960998535 -5 -5
376.598999023 -5 -5
377.212005615 -5 -5
377.911010742 -5 -5
378.734985352 -5 -5
379.369995117 -5 -5
380.17300415 -5 -5
381.010009766 -5 -5
381.710998535 -5 -5
382.583007812 -5 -5
383.252990723 -5 -5
383.979003906 -5 -5
384.736999512 -5 -5
385.630004883 -5 -5
386.338989258 -5 -5
387.20199585 -5 -5
387.864990234 -5 -5
388.536010742 -5 -5
389.346984863 -5 -5
390.236999512 -5 -5
390.940002441 -5 -5
391.708007812 -5 -5
392.580993652 -5 -5
393.408996582 -5 -5
394.130004883 -5 -5
394.985992432 -5 -5
395.778015137 -5 -5
396.494995117 -5 -5
397.299987793 -5 -5
398.108001709 -5 -5
398.854003906 -5 -5
399.54598999 -5 -5
400.175994873 -5 -5
401.050994873 -5 -5
401.782989502 -5 -5
402.510986328 -5 -5
403.114990234 -5 -5
403.911987305 -5 -5
404.558990479 -5 -5
405.32598877 -5 -5
406.04800415 -5 -5
406.815002441 -5 -5
407.459014893 -5 -5
408.342987061 -5 -5
409.208007812 -5 -5
410.019012451 -5 -5
410.640014648 -5 -5
411.441986084 -5 -5
412.062988281 -5 -5
412.944000244 -5 -5
413.661010742 -5 -5
414.481994629 -5 -5
415.243011475 -5 -5
416.096008301 -5 -5
416.717010498 -5 -5
417.45300293 -5 -5
418.253997803 -5 -5
419.024993896 -5 -5
419.75201416 -5 -5
420.585998535 -5 -5
421.440002441 -5 -5
422.096008301 -5 -5
422.949005127 -5 -5
423.725006104 -5 -5
424.57800293 -5 -5
425.437011719 -5 -5
426.040985107 -5 -5
426.903015137 -5 -5
427.713989258 -5 -5
428.473999023 -5 -5
429.085998535 -5 -5
429.718994141 -5 -5
430.359985352 -5 -5
431.015014648 -5 -5
431.667999268 -5 -5
432.441009521 -5 -5
433.075012207 -5 -5
433.972991943 -5 -5
434.860992432 -5 -5
435.67401123 -5 -5
436.430999756 -5 -5
437.286987305 -5 -5
437.907012939 -5 -5
438.761993408 -5 -5
439.559997559 -5 -5
440.401000977 -5 -5
441.230010986 -5 -5
442.072998047 -5 -5
442.902008057 -5 -5
443.761993408 -5 -5
444.515991211 -5 -5
445.377990723 -5 -5
446.018005371 -5 -5
446.833007812 -5 -5
447.515991211 -5 -5
448.29598999 -5 -5
448.912994385 -5 -5
449.609985352 -5 -5
450.5 -5 -5
451.37399292 -5 -5
452.091003418 -5 -5
452.841003418 -5 -5
453.696014404 -5 -5
454.437988281 -5 -5
455.25100708 -5 -5
456.07800293 -5 -5
456.95199585 -5 -5
457.625 -5 -5
458.468994141 -5 -5
459.220001221 -5 -5
460.082000732 -5 -5
460.837005615 -5 -5
461.669006348 -5 -5
462.54699707 -5 -5
463.442993164 -5 -5
464.165985107 -5 -5
465.040985107 -5 -5
465.739990234 -5 -5
466.601013184 -5 -5
467.485992432 -5 -5
468.335998535 -5 -5
469.160003662 -5 -5
469.851989746 -5 -5
470.584991455 -5 -5
471.475006104 -5 -5
472.084014893 -5 -5
472.772003174 -5 -5
473.610992432 -5 -5
474.350006104 -5 -5
475.061004639 -5 -5
475.911987305 -5 -5
476.744995117 -5 -5
477.541992188 -5 -5
478.260986328 -5 -5
478.988006592 -5 -5
479.605010986 -5 -5
480.5 -5 -5
481.29901123 -5 -5
482.12600708 -5 -5
483.0 -5 -5
483.661987305 -5 -5
484.329986572 -5 -5
484.941009521 -5 -5
485.606994629 -5 -5
486.361999512 -5 -5
487.128997803 -5 -5
487.760986328 -5 -5
488.42098999 -5 -5
489.156005859 -5 -5
489.966003418 -5 -5
490.770996094 -5 -5
491.644012451 -5 -5
492.419006348 -5 -5
493.020996094 -5 -5
493.705993652 -5 -5
494.359008789 -5 -5
495.180999756 -5 -5
495.833007812 -5 -5
496.669006348 -5 -5
497.542999268 -5 -5
498.321014404 -5 -5
499.091003418 -5 -5
499.709991455 -5 -5
500.427001953 -5 -5
501.257995605 -5 -5
501.881988525 -5 -5
502.756011963 -5 -5
503.359985352 -5 -5
503.975006104 -5 -5
504.811004639 -5 -5
505.494995117 -5 -5
506.286987305 -5 -5
507.072998047 -5 -5
507.890014648 -5 -5
508.75 -5 -5
509.424987793 -5 -5
510.131988525 -5 -5
511.022003174 -5 -5
511.717010498 -5 -5
512.32598877 -5 -5
513.112976074 -5 -5
513.752990723 -5 -5
514.505981445 -5 -5
515.291992188 -5 -5
516.028991699 -5 -5
516.911987305 -5 -5
517.523010254 -5 -5
518.213012695 -5 -5
519.081970215 -5 -5
519.781005859 -5 -5
520.517028809 -5 -5
521.205993652 -5 -5
522.034973145 -5 -5
522.92401123 -5 -5
523.776000977 -5 -5
524.478027344 -5 -5
525.255004883 -5 -5
526.030029297 -5 -5
526.630981445 -5 -5
527.492004395 -5 -5
528.111999512 -5 -5
528.961975098 -5 -5
529.831970215 -5 -5
530.677978516 -5 -5
531.340026855 -5 -5
532.114990234 -5 -5
532.718994141 -5 -5
533.395019531 -5 -5
534.114990234 -5 -5
534.973999023 -5 -5
535.835998535 -5 -5
536.53302002 -5 -5
537.304992676 -5 -5
538.081970215 -5 -5
538.846008301 -5 -5
539.49798584 -5 -5
540.125 -5 -5
540.818969727 -5 -5
541.57800293 -5 -5
542.331970215 -5 -5
543.018005371 -5 -5
543.901000977 -5 -5
544.643981934 -5 -5
545.375976562 -5 -5
546.083007812 -5 -5
546.797973633 -5 -5
547.450012207 -5 -5
548.080993652 -5 -5
548.896972656 -5 -5
549.661010742 -5 -5
550.385986328 -5 -5
551.106018066 -5 -5
551.799987793 -5 -5
552.671020508 -5 -5
553.500976562 -5 -5
554.318969727 -5 -5
555.195007324 -5 -5
555.851013184 -5 -5
556.650024414 -5 -5
557.333984375 -5 -5
557.984985352 -5 -5
558.674987793 -5 -5
559.312988281 -5 -5
560.20300293 -5 -5
561.099975586 -5 -5
561.940002441 -5 -5
562.833984375 -5 -5
563.526000977 -5 -5
564.421020508 -5 -5
565.177001953 -5 -5
565.965026855 -5 -5
566.599975586 -5 -5
567.432983398 -5 -5
568.051025391 -5 -5
568.78302002 -5 -5
569.62701416 -5 -5
570.318969727 -5 -5
571.192016602 -5 -5
571.862976074 -5 -5
572.611022949 -5 -5
573.492004395 -5 -5
574.351989746 -5 -5
575.148010254 -5 -5
575.971984863 -5 -5
576.726013184 -5 -5
577.421020508 -5 -5
578.289978027 -5 -5
578.981018066 -5 -5
579.801025391 -5 -5
580.596984863 -5 -5
581.226989746 -5 -5
581.896972656 -5 -5
582.708984375 -5 -5
583.560974121 -5 -5
584.301025391 -5 -5
585.017028809 -5 -5
585.658996582 -5 -5
586.429016113 -5 -5
587.138000488 -5 -5
587.784973145 -5 -5
588.526977539 -5 -5
589.148010254 -5 -5
590.002990723 -5 -5
590.734008789 -5 -5
591.356018066 -5 -5
592.239990234 -5 -5
592.994995117 -5 -5
593.87097168 -5 -5
594.731018066 -5 -5
595.53302002 -5 -5
596.416992188 -5 -5
597.135009766 -5 -5
597.984985352 -5 -5
598.776977539 -5 -5
599.669006348 -5 -5
600.505981445 -5 -5
601.226013184 -5 -5
602.03302002 -5 -5
602.806030273 -5 -5
603.45501709 -5 -5
604.09197998 -5 -5
604.723022461 -5 -5
605.471008301 -5 -5
606.231018066 -5 -5
607.122009277 -5 -5
608.0 -5 -5
608.763000488 -5 -5
609.635009766 -5 -5
610.288024902 -5 -5
610.981018066 -5 -5
611.646972656 -5 -5
612.322998047 -5 -5
613.192993164 -5 -5
613.874023438 -5 -5
614.599975586 -5 -5
615.338012695 -5 -5
616.190979004 -5 -5
617.072021484 -5 -5
617.939025879 -5 -5
618.71697998 -5 -5
619.497009277 -5 -5
620.349975586 -5 -5
621.187988281 -5 -5
621.999023438 -5 -5
622.822021484 -5 -5
623.515014648 -5 -5
624.304016113 -5 -5
625.135009766 -5 -5
625.895996094 -5 -5
626.575012207 -5 -5
627.181030273 -5 -5
628.049987793 -5 -5
628.885986328 -5 -5
629.520019531 -5 -5
630.408996582 -5 -5
631.031982422 -5 -5
631.768005371 -5 -5
632.525024414 -5 -5
633.336975098 -5 -5
634.03302002 -5 -5
634.82800293 -5 -5
635.685974121 -5 -5
636.562011719 -5 -5
637.392028809 -5 -5
638.008972168 -5 -5
638.666015625 -5 -5
639.416992188 -5 -5
640.242980957 -5 -5
640.859008789 -5 -5
641.622009277 -5 -5
642.354003906 -5 -5
643.124023438 -5 -5
643.919006348 -5 -5
644.789001465 -5 -5
645.666015625 -5 -5
646.439025879 -5 -5
647.306030273 -5 -5
647.935974121 -5 -5
648.651000977 -5 -5
649.299987793 -5 -5
650.013000488 -5 -5
650.755004883 -5 -5
651.427978516 -5 -5
652.202026367 -5 -5
652.984008789 -5 -5
653.726013184 -5 -5
654.585998535 -5 -5
655.302978516 -5 -5
655.92401123 -5 -5
656.528015137 -5 -5
657.348999023 -5 -5
658.17401123 -5 -5
658.869018555 -5 -5
659.617004395 -5 -5
660.452026367 -5 -5
661.054016113 -5 -5
661.92199707 -5 -5
662.771972656 -5 -5
663.599975586 -5 -5
664.382019043 -5 -5
665.153015137 -5 -5
665.99798584 -5 -5
666.794006348 -5 -5
667.479980469 -5 -5
668.151977539 -5 -5
668.797973633 -5 -5
669.541015625 -5 -5
670.403991699 -5 -5
671.24798584 -5 -5
672.04901123 -5 -5
672.711975098 -5 -5
673.552001953 -5 -5
674.328979492 -5 -5
675.161010742 -5 -5
675.82800293 -5 -5
676.598022461 -5 -5
677.466003418 -5 -5
678.109985352 -5 -5
678.820983887 -5 -5
679.448974609 -5 -5
680.135009766 -5 -5
680.828979492 -5 -5
681.661987305 -5 -5
682.479003906 -5 -5
683.125976562 -5 -5
683.797973633 -5 -5
684.53302002 -5 -5
685.182983398 -5 -5
685.916015625 -5 -5
686.70501709 -5 -5
687.33001709 -5 -5
688.059020996 -5 -5
688.661987305 -5 -5
689.54498291 -5 -5
690.388000488 -5 -5
691.276000977 -5 -5
692.002990723 -5 -5
692.75 -5 -5
693.400024414 -5 -5
694.263977051 -5 -5
694.869018555 -5 -5
695.484985352 -5 -5
696.179016113 -5 -5
696.849975586 -5 -5
697.638000488 -5 -5
698.45501709 -5 -5
699.142028809 -5 -5
699.893005371 -5 -5
700.747009277 -5 -5
701.5 -5 -5
702.16998291 -5 -5
702.940002441 -5 -5
703.689025879 -5 -5
704.37701416 -5 -5
705.146972656 -5 -5
705.903015137 -5 -5
706.70501709 -5 -5
707.432006836 -5 -5
708.179016113 -5 -5
708.875976562 -5 -5
709.481994629 -5 -5
710.109985352 -5 -5
710.903991699 -5 -5
711.633972168 -5 -5
712.484008789 -5 -5
713.117980957 -5 -5
713.84197998 -5 -5
714.70501709 -5 -5
715.331970215 -5 -5
716.054016113 -5 -5
716.689025879 -5 -5
717.369995117 -5 -5
718.234008789 -5 -5
719.077026367 -5 -5
719.78302002 -5 -5
720.497009277 -5 -5
721.255004883 -5 -5
721.942993164 -5 -5
722.773010254 -5 -5
723.557983398 -5 -5
724.241027832 -5 -5
725.09197998 -5 -5
725.952026367 -5 -5
726.820007324 -5 -5
727.616027832 -5 -5
728.330993652 -5 -5
729.195983887 -5 -5
730.025024414 -5 -5
730.750976562 -5 -5
731.484985352 -5 -5
732.168029785 -5 -5
732.973999023 -5 -5
733.773986816 -5 -5
734.614013672 -5 -5
735.260986328 -5 -5
736.008972168 -5 -5
736.820007324 -5 -5
737.604980469 -5 -5
738.463012695 -5 -5
739.349975586 -5 -5
740.017028809 -5 -5
740.692993164 -5 -5
741.572998047 -5 -5
742.270019531 -5 -5
743.117980957 -5 -5
743.851989746 -5 -5
744.732971191 -5 -5
745.440002441 -5 -5
746.041015625 -5 -5
746.780029297 -5 -5
747.643981934 -5 -5
748.315979004 -5 -5
749.093017578 -5 -5
749.700012207 -5 -5
750.489990234 -5 -5
751.101013184 -5 -5
751.74597168 -5 -5
752.489990234 -5 -5
753.166015625 -5 -5
753.846008301 -5 -5
754.684020996 -5 -5
755.536987305 -5 -5
756.164001465 -5 -5
756.789001465 -5 -5
757.640991211 -5 -5
758.414978027 -5 -5
759.130004883 -5 -5
759.833007812 -5 -5
760.453979492 -5 -5
761.114990234 -5 -5
761.825012207 -5 -5
762.596008301 -5 -5
763.318969727 -5 -5
764.145019531 -5 -5
764.760986328 -5 -5
765.479980469 -5 -5
766.301025391 -5 -5
766.931030273 -5 -5
767.638977051 -5 -5
768.432983398 -5 -5
769.257019043 -5 -5
769.864013672 -5 -5
770.729980469 -5 -5
771.507019043 -5 -5
772.107971191 -5 -5
772.880981445 -5 -5
773.601989746 -5 -5
774.289001465 -5 -5
775.172973633 -5 -5
775.797973633 -5 -5
776.672973633 -5 -5
777.304016113 -5 -5
777.92401123 -5 -5
778.695983887 -5 -5
779.442016602 -5 -5
780.258972168 -5 -5
780.96697998 -5 -5
781.856018066 -5 -5
782.734008789 -5 -5
783.617004395 -5 -5
784.226013184 -5 -5
785.033996582 -5 -5
785.682006836 -5 -5
786.460998535 -5 -5
787.234985352 -5 -5
788.065979004 -5 -5
788.762023926 -5 -5
789.552001953 -5 -5
790.331970215 -5 -5
791.062988281 -5 -5
791.840026855 -5 -5
792.570007324 -5 -5
793.171020508 -5 -5
793.971984863 -5 -5
794.718017578 -5 -5
795.557983398 -5 -5
796.161987305 -5 -5
797.013977051 -5 -5
797.718994141 -5 -5
798.601013184 -5 -5
799.486999512 -5 -5
800.289001465 -5 -5
800.895996094 -5 -5
801.789001465 -5 -5
802.591003418 -5 -5
803.357971191 -5 -5
804.229980469 -5 -5
804.882995605 -5 -5
805.661987305 -5 -5
806.528991699 -5 -5
807.202026367 -5 -5
807.849975586 -5 -5
808.57598877 -5 -5
809.422973633 -5 -5
810.286987305 -5 -5
811.103027344 -5 -5
811.713012695 -5 -5
812.408996582 -5 -5
813.25201416 -5 -5
814.130981445 -5 -5
814.859008789 -5 -5
815.708984375 -5 -5
816.465026855 -5 -5
817.137023926 -5 -5
817.848999023 -5 -5
818.54498291 -5 -5
819.280029297 -5 -5
819.934997559 -5 -5
820.575012207 -5 -5
821.317993164 -5 -5
821.92199707 -5 -5
822.585998535 -5 -5
823.385009766 -5 -5
824.09197998 -5 -5
824.721984863 -5 -5
825.557006836 -5 -5
826.380981445 -5 -5
827.125976562 -5 -5
827.893981934 -5 -5
828.687988281 -5 -5
829.559997559 -5 -5
830.354980469 -5 -5
831.226013184 -5 -5
832.020996094 -5 -5
832.672973633 -5 -5
833.382995605 -5 -5
834.065979004 -5 -5
834.669006348 -5 -5
835.469970703 -5 -5
836.315979004 -5 -5
837.192993164 -5 -5
837.840026855 -5 -5
838.565002441 -5 -5
839.403991699 -5 -5
840.135009766 -5 -5
840.978027344 -5 -5
841.849975586 -5 -5
842.656982422 -5 -5
843.416992188 -5 -5
844.25402832 -5 -5
845.111999512 -5 -5
845.773986816 -5 -5
846.549987793 -5 -5
847.289978027 -5 -5
847.895996094 -5 -5
848.721984863 -5 -5
849.549987793 -5 -5
850.293029785 -5 -5
851.164978027 -5 -5
852.015991211 -5 -5
852.768981934 -5 -5
853.5 -5 -5
854.203979492 -5 -5
854.83001709 -5 -5
855.46697998 -5 -5
856.077026367 -5 -5
856.947998047 -5 -5
857.692993164 -5 -5
858.331970215 -5 -5
859.145019531 -5 -5
859.900024414 -5 -5
860.687988281 -5 -5
861.505004883 -5 -5
862.289001465 -5 -5
862.999023438 -5 -5
863.784973145 -5 -5
864.619018555 -5 -5
865.280029297 -5 -5
865.997009277 -5 -5
866.630981445 -5 -5
867.414001465 -5 -5
868.059020996 -5 -5
868.927978516 -5 -5
869.760986328 -5 -5
870.502990723 -5 -5
871.286010742 -5 -5
872.054016113 -5 -5
872.693969727 -5 -5
873.489990234 -5 -5
874.132019043 -5 -5
874.818969727 -5 -5
875.482971191 -5 -5
876.099975586 -5 -5
876.914978027 -5 -5
877.692993164 -5 -5
878.307983398 -5 -5
879.067016602 -5 -5
879.75 -5 -5
880.58001709 -5 -5
881.275024414 -5 -5
882.000976562 -5 -5
882.697021484 -5 -5
883.435974121 -5 -5
884.268005371 -5 -5
885.020019531 -5 -5
885.846984863 -5 -5
886.546020508 -5 -5
887.242980957 -5 -5
887.877990723 -5 -5
888.538024902 -5 -5
889.419006348 -5 -5
890.208007812 -5 -5
890.827026367 -5 -5
891.526977539 -5 -5
892.314025879 -5 -5
892.974975586 -5 -5
893.603027344 -5 -5
894.442016602 -5 -5
895.280029297 -5 -5
896.12097168 -5 -5
896.92401123 -5 -5
897.62701416 -5 -5
898.479003906 -5 -5
899.33001709 -5 -5
900.034973145 -5 -5
900.789978027 -5 -5
901.434020996 -5 -5
902.062011719 -5 -5
902.718994141 -5 -5
903.424987793 -5 -5
904.190979004 -5 -5
905.051025391 -5 -5
905.880981445 -5 -5
906.744995117 -5 -5
907.432006836 -5 -5
908.330993652 -5 -5
909.12097168 -5 -5
909.768981934 -5 -5
910.528015137 -5 -5
911.367980957 -5 -5
912.085998535 -5 -5
912.95501709 -5 -5
913.79498291 -5 -5
914.484985352 -5 -5
915.221984863 -5 -5
915.882019043 -5 -5
916.731018066 -5 -5
917.403015137 -5 -5
918.28302002 -5 -5
918.989013672 -5 -5
919.835021973 -5 -5
920.65802002 -5 -5
921.390014648 -5 -5
922.203979492 -5 -5
923.059020996 -5 -5
923.773010254 -5 -5
924.447998047 -5 -5
925.340026855 -5 -5
926.16998291 -5 -5
926.898986816 -5 -5
927.758972168 -5 -5
928.406982422 -5 -5
929.020996094 -5 -5
929.648986816 -5 -5
930.278991699 -5 -5
931.04498291 -5 -5
931.913024902 -5 -5
932.810974121 -5 -5
933.601013184 -5 -5
934.41998291 -5 -5
935.174987793 -5 -5
935.851013184 -5 -5
936.573974609 -5 -5
937.348999023 -5 -5
938.077026367 -5 -5
938.911987305 -5 -5
939.62902832 -5 -5
940.517028809 -5 -5
941.322021484 -5 -5
941.960998535 -5 -5
942.814025879 -5 -5
943.706970215 -5 -5
944.374023438 -5 -5
945.125 -5 -5
946.013977051 -5 -5
946.854003906 -5 -5
947.67401123 -5 -5
948.570007324 -5 -5
949.302001953 -5 -5
950.148986816 -5 -5
950.802978516 -5 -5
951.440002441 -5 -5
952.205993652 -5 -5
953.00201416 -5 -5
953.781982422 -5 -5
954.458007812 -5 -5
955.231994629 -5 -5
955.958007812 -5 -5
956.804992676 -5 -5
957.689025879 -5 -5
958.442016602 -5 -5
959.093017578 -5 -5
959.867004395 -5 -5
960.721984863 -5 -5
961.494995117 -5 -5
962.359985352 -5 -5
963.197021484 -5 -5
963.844970703 -5 -5
964.650024414 -5 -5
965.526000977 -5 -5
966.409973145 -5 -5
967.179992676 -5 -5
967.958984375 -5 -5
968.603027344 -5 -5
969.260009766 -5 -5
969.958007812 -5 -5
970.75 -5 -5
971.395019531 -5 -5
972.018005371 -5 -5
972.794006348 -5 -5
973.632995605 -5 -5
974.280029297 -5 -5
975.179992676 -5 -5
975.943969727 -5 -5
976.614990234 -5 -5
977.289978027 -5 -5
977.892028809 -5 -5
978.653991699 -5 -5
979.491027832 -5 -5
980.255004883 -5 -5
980.856994629 -5 -5
981.536010742 -5 -5
982.239990234 -5 -5
983.049987793 -5 -5
983.776977539 -5 -5
984.572998047 -5 -5
985.437988281 -5 -5
986.070007324 -5 -5
986.956970215 -5 -5
987.562011719 -5 -5
988.387023926 -5 -5
989.145996094 -5 -5
989.885009766 -5 -5
990.765991211 -5 -5
991.570983887 -5 -5
992.42199707 -5 -5
993.293029785 -5 -5
994.057983398 -5 -5
994.791015625 -5 -5
995.583984375 -5 -5
996.458984375 -5 -5
997.184020996 -5 -5
998.081970215 -5 -5
998.804992676 -5 -5
999.687011719 -5 -5
1000.3079834 -5 -5
1001.18103027 -5 -5
1001.93200684 -5 -5
1002.71002197 -5 -5
1003.58099365 -5 -5
1004.22497559 -5 -5
1004.90997314 -5 -5
1005.74298096 -5 -5
1006.52600098 -5 -5
1007.1630249 -5 -5
1007.77001953 -5 -5
1008.38500977 -5 -5
1009.2210083 -5 -5
1009.86999512 -5 -5
1010.73101807 -5 -5
1011.59698486 -5 -5
1012.42401123 -5 -5
1013.0960083 -5 -5
1013.89398193 -5 -5
1014.75799561 -5 -5
1015.59698486 -5 -5
1016.3079834 -5 -5
1017.0369873 -5 -5
1017.6829834 -5 -5
1018.35198975 -5 -5
1019.0670166 -5 -5
1019.69799805 -5 -5
1020.37902832 -5 -5
1021.22900391 -5 -5
1021.9420166 -5 -5
1022.72399902 -5 -5
1023.39501953 -5 -5
1024.00402832 -5 -5
1024.86499023 -5 -5
1025.76098633 -5 -5
1026.52905273 -5 -5
1027.18603516 -5 -5
1027.96105957 -5 -5
1028.81396484 -5 -5
1029.44799805 -5 -5
1030.0970459 -5 -5
1030.93994141 -5 -5
1031.69995117 -5 -5
1032.58203125 -5 -5
1033.43505859 -5 -5
1034.20202637 -5 -5
1035.09899902 -5 -5
1035.85705566 -5 -5
1036.51403809 -5 -5
1037.40197754 -5 -5
1038.04003906 -5 -5
1038.82104492 -5 -5
1039.60498047 -5 -5
1040.50305176 -5 -5
1041.375 -5 -5
1042.04699707 -5 -5
1042.66003418 -5 -5
1043.3260498 -5 -5
1043.96203613 -5 -5
1044.84399414 -5 -5
1045.54797363 -5 -5
1046.17199707 -5 -5
1047.03503418 -5 -5
1047.74304199 -5 -5
1048.61694336 -5 -5
1049.27905273 -5 -5
1050.01196289 -5 -5
1050.79003906 -5 -5
1051.53295898 -5 -5
1052.27697754 -5 -5
1052.90405273 -5 -5
1053.55102539 -5 -5
1054.19104004 -5 -5
1054.99902344 -5 -5
1055.83605957 -5 -5
1056.57702637 -5 -5
1057.34899902 -5 -5
1058.0300293 -5 -5
1058.80505371 -5 -5
1059.43603516 -5 -5
1060.14001465 -5 -5
1061.03601074 -5 -5
1061.77502441 -5 -5
1062.39001465 -5 -5
1063.20800781 -5 -5
1063.9630127 -5 -5
1064.64904785 -5 -5
1065.27294922 -5 -5
1065.99804688 -5 -5
1066.72497559 -5 -5
1067.37097168 -5 -5
1068.13000488 -5 -5
1069.00402832 -5 -5
1069.71704102 -5 -5
1070.36804199 -5 -5
1071.25195312 -5 -5
1072.09594727 -5 -5
1072.87304688 -5 -5
1073.53796387 -5 -5
1074.34594727 -5 -5
1075.15100098 -5 -5
1076.00195312 -5 -5
1076.7869873 -5 -5
1077.67297363 -5 -5
1078.42602539 -5 -5
1079.3170166 -5 -5
1079.98803711 -5 -5
1080.75402832 -5 -5
1081.58996582 -5 -5
1082.35498047 -5 -5
1083.08996582 -5 -5
1083.90197754 -5 -5
1084.67004395 -5 -5
1085.29504395 -5 -5
1086.18505859 -5 -5
1086.81396484 -5 -5
1087.5949707 -5 -5
1088.29504395 -5 -5
1088.98706055 -5 -5
1089.76794434 -5 -5
1090.64099121 -5 -5
1091.34899902 -5 -5
1092.20800781 -5 -5
1093.0300293 -5 -5
1093.77905273 -5 -5
1094.46899414 -5 -5
1095.15600586 -5 -5
1096.05297852 -5 -5
1096.6920166 -5 -5
1097.37805176 -5 -5
1098.23706055 -5 -5
1098.92602539 -5 -5
1099.65698242 -5 -5
1100.46704102 -5 -5
1101.07800293 -5 -5
1101.81994629 -5 -5
1102.44604492 -5 -5
1103.21398926 -5 -5
1103.85998535 -5 -5
1104.62805176 -5 -5
1105.38696289 -5 -5
1106.26794434 -5 -5
1107.07397461 -5 -5
1107.70397949 -5 -5
1108.54003906 -5 -5
1109.24304199 -5 -5
1110.12902832 -5 -5
1110.97399902 -5 -5
1111.66394043 -5 -5
1112.35803223 -5 -5
1113.06396484 -5 -5
1113.77697754 -5 -5
1114.63903809 -5 -5
1115.47497559 -5 -5
1116.28601074 -5 -5
1117.15905762 -5 -5
1118.00805664 -5 -5
1118.76196289 -5 -5
1119.39404297 -5 -5
1120.08203125 -5 -5
1120.83898926 -5 -5
1121.56896973 -5 -5
1122.19995117 -5 -5
1122.98400879 -5 -5
1123.63195801 -5 -5
1124.48498535 -5 -5
1125.25402832 -5 -5
1126.10900879 -5 -5
1126.92700195 -5 -5
1127.59094238 -5 -5
1128.45495605 -5 -5
1129.19995117 -5 -5
1129.9510498 -5 -5
1130.77404785 -5 -5
1131.54699707 -5 -5
1132.38500977 -5 -5
1133.03894043 -5 -5
1133.6619873 -5 -5
1134.35498047 -5 -5
1135.09094238 -5 -5
1135.75305176 -5 -5
1136.38598633 -5 -5
1137.18395996 -5 -5
1137.93005371 -5 -5
1138.62194824 -5 -5
1139.37805176 -5 -5
1140.20996094 -5 -5
1141.04602051 -5 -5
1141.79504395 -5 -5
1142.52001953 -5 -5
1143.14404297 -5 -5
1143.78796387 -5 -5
1144.42004395 -5 -5
1145.18701172 -5 -5
1146.06494141 -5 -5
1146.72998047 -5 -5
1147.46496582 -5 -5
1148.27001953 -5 -5
1149.10900879 -5 -5
1149.97802734 -5 -5
1150.83898926 -5 -5
1151.68603516 -5 -5
1152.37194824 -5 -5
1153.0760498 -5 -5
1153.89599609 -5 -5
1154.73498535 -5 -5
1155.54199219 -5 -5
1156.24597168 -5 -5
1157.125 -5 -5
1158.01293945 -5 -5
1158.68798828 -5 -5
1159.47802734 -5 -5
1160.08496094 -5 -5
1160.89794922 -5 -5
1161.71496582 -5 -5
1162.51293945 -5 -5
1163.11901855 -5 -5
1163.84802246 -5 -5
1164.71398926 -5 -5
1165.48803711 -5 -5
1166.14697266 -5 -5
1166.90100098 -5 -5
1167.7989502 -5 -5
1168.48400879 -5 -5
1169.35400391 -5 -5
1170.05505371 -5 -5
1170.66394043 -5 -5
1171.53894043 -5 -5
1172.34094238 -5 -5
1173.08398438 -5 -5
1173.92602539 -5 -5
1174.78295898 -5 -5
1175.46899414 -5 -5
1176.07495117 -5 -5
1176.81896973 -5 -5
1177.67797852 -5 -5
1178.42297363 -5 -5
1179.15405273 -5 -5
1179.83496094 -5 -5
1180.72302246 -5 -5
1181.41796875 -5 -5
1182.15100098 -5 -5
1182.85900879 -5 -5
1183.71594238 -5 -5
1184.61206055 -5 -5
1185.28100586 -5 -5
1185.88305664 -5 -5
1186.67895508 -5 -5
1187.28295898 -5 -5
1188.06896973 -5 -5
1188.9510498 -5 -5
1189.62402344 -5 -5
1190.31396484 -5 -5
1190.92297363 -5 -5
1191.80895996 -5 -5
1192.42797852 -5 -5
1193.18701172 -5 -5
1193.97802734 -5 -5
1194.71594238 -5 -5
1195.56396484 -5 -5
1196.40795898 -5 -5
1197.22399902 -5 -5
1197.95202637 -5 -5
1198.67602539 -5 -5
1199.30895996 -5 -5
1199.91003418 -5 -5
1200.74401855 -5 -5
1201.44995117 -5 -5
1202.17895508 -5 -5
1202.99902344 -5 -5
1203.85400391 -5 -5
1204.53503418 -5 -5
1205.14904785 -5 -5
1205.85998535 -5 -5
1206.72094727 -5 -5
1207.38305664 -5 -5
1208.09399414 -5 -5
1208.98803711 -5 -5
1209.84301758 -5 -5
1210.70898438 -5 -5
1211.34301758 -5 -5
1212.2130127 -5 -5
1212.95605469 -5 -5
1213.85400391 -5 -5
1214.64697266 -5 -5
1215.47802734 -5 -5
1216.26904297 -5 -5
1217.14501953 -5 -5
1217.80102539 -5 -5
1218.63305664 -5 -5
1219.38598633 -5 -5
1220.20898438 -5 -5
1220.98706055 -5 -5
1221.84301758 -5 -5
1222.68798828 -5 -5
1223.56799316 -5 -5
1224.19396973 -5 -5
1224.97998047 -5 -5
1225.85803223 -5 -5
1226.72497559 -5 -5
1227.34802246 -5 -5
1228.24804688 -5 -5
1228.88598633 -5 -5
1229.61499023 -5 -5
1230.46594238 -5 -5
1231.33605957 -5 -5
1231.98901367 -5 -5
1232.68701172 -5 -5
1233.34204102 -5 -5
1234.16796875 -5 -5
1234.97497559 -5 -5
1235.66796875 -5 -5
1236.52600098 -5 -5
1237.27404785 -5 -5
1238.03796387 -5 -5
1238.6739502 -5 -5
1239.44494629 -5 -5
1240.11401367 -5 -5
1240.9510498 -5 -5
1241.5670166 -5 -5
1242.40905762 -5 -5
1243.01794434 -5 -5
1243.88305664 -5 -5
1244.69799805 -5 -5
1245.54699707 -5 -5
1246.19702148 -5 -5
1246.88098145 -5 -5
1247.77697754 -5 -5
1248.4029541 -5 -5
1249.21398926 -5 -5
1249.97705078 -5 -5
1250.79602051 -5 -5
1251.52600098 -5 -5
1252.28198242 -5 -5
1252.90600586 -5 -5
1253.63098145 -5 -5
1254.29797363 -5 -5
1255.0880127 -5 -5
1255.87902832 -5 -5
1256.6739502 -5 -5
1257.32995605 -5 -5
1258.04504395 -5 -5
1258.78198242 -5 -5
1259.54394531 -5 -5
1260.3380127 -5 -5
1261.23303223 -5 -5
1262.06994629 -5 -5
1262.6739502 -5 -5
1263.34094238 -5 -5
1264.23400879 -5 -5
1265.12695312 -5 -5
1265.83605957 -5 -5
1266.59997559 -5 -5
1267.32702637 -5 -5
1267.95300293 -5 -5
1268.82995605 -5 -5
1269.43701172 -5 -5
1270.33300781 -5 -5
1271.02502441 -5 -5
1271.65002441 -5 -5
1272.51196289 -5 -5
1273.3079834 -5 -5
1274.16894531 -5 -5
1275.05895996 -5 -5
1275.93505859 -5 -5
1276.69702148 -5 -5
1277.40197754 -5 -5
1278.18505859 -5 -5
1278.97900391 -5 -5
1279.58605957 -5 -5
1280.35900879 -5 -5
1281.21801758 -5 -5
1281.84802246 -5 -5
1282.61206055 -5 -5
1283.29797363 -5 -5
1283.97094727 -5 -5
1284.60498047 -5 -5
1285.36694336 -5 -5
1286.19897461 -5 -5
1286.93103027 -5 -5
1287.56103516 -5 -5
1288.23498535 -5 -5
1289.00402832 -5 -5
1289.80297852 -5 -5
1290.54199219 -5 -5
1291.3659668 -5 -5
1291.99304199 -5 -5
1292.81799316 -5 -5
1293.48901367 -5 -5
1294.11901855 -5 -5
1294.9909668 -5 -5
1295.80102539 -5 -5
1296.43603516 -5 -5
1297.11499023 -5 -5
1297.92797852 -5 -5
1298.65905762 -5 -5
1299.42297363 -5 -5
1300.17297363 -5 -5
1301.02905273 -5 -5
1301.80895996 -5 -5
1302.64001465 -5 -5
1303.24194336 -5 -5
1304.01794434 -5 -5
1304.81103516 -5 -5
1305.44104004 -5 -5
1306.28601074 -5 -5
1307.01794434 -5 -5
1307.8470459 -5 -5
1308.67797852 -5 -5
1309.38696289 -5 -5
1310.16503906 -5 -5
1310.79394531 -5 -5
1311.64196777 -5 -5
1312.48498535 -5 -5
1313.38000488 -5 -5
1314.00805664 -5 -5
1314.75097656 -5 -5
1315.59594727 -5 -5
1316.26599121 -5 -5
1316.91101074 -5 -5
1317.5670166 -5 -5
1318.2989502 -5 -5
1318.9420166 -5 -5
1319.69604492 -5 -5
1320.48999023 -5 -5
1321.33496094 -5 -5
1322.13098145 -5 -5
1322.99499512 -5 -5
1323.6920166 -5 -5
1324.45300293 -5 -5
1325.25097656 -5 -5
1325.93005371 -5 -5
1326.5489502 -5 -5
1327.42297363 -5 -5
1328.03503418 -5 -5
1328.81896973 -5 -5
1329.57995605 -5 -5
1330.46704102 -5 -5
1331.21594238 -5 -5
1332.11401367 -5 -5
1332.98303223 -5 -5
1333.70300293 -5 -5
1334.51403809 -5 -5
1335.22900391 -5 -5
1335.89501953 -5 -5
1336.52600098 -5 -5
1337.19396973 -5 -5
1338.04504395 -5 -5
1338.81201172 -5 -5
1339.41296387 -5 -5
1340.12402344 -5 -5
1340.79296875 -5 -5
1341.5760498 -5 -5
1342.47399902 -5 -5
1343.36303711 -5 -5
1344.2409668 -5 -5
1345.13305664 -5 -5
1345.85595703 -5 -5
1346.61804199 -5 -5
1347.32800293 -5 -5
1348.21105957 -5 -5
1348.87597656 -5 -5
1349.51098633 -5 -5
1350.13305664 -5 -5
1350.91894531 -5 -5
1351.69897461 -5 -5
1352.56103516 -5 -5
1353.33605957 -5 -5
1354.2130127 -5 -5
1354.95605469 -5 -5
1355.79003906 -5 -5
1356.54699707 -5 -5
1357.35095215 -5 -5
1358.0369873 -5 -5
1358.64001465 -5 -5
1359.37304688 -5 -5
1360.14501953 -5 -5
1360.91601562 -5 -5
1361.69104004 -5 -5
1362.30505371 -5 -5
1362.96203613 -5 -5
1363.86206055 -5 -5
1364.54699707 -5 -5
1365.18200684 -5 -5
1366.03894043 -5 -5
1366.93701172 -5 -5
1367.61096191 -5 -5
1368.45202637 -5 -5
1369.06896973 -5 -5
1369.82995605 -5 -5
1370.48596191 -5 -5
1371.36804199 -5 -5
1372.1739502 -5 -5
1372.93103027 -5 -5
1373.59301758 -5 -5
1374.39294434 -5 -5
1375.06494141 -5 -5
1375.92004395 -5 -5
1376.70703125 -5 -5
1377.31103516 -5 -5
1377.96203613 -5 -5
1378.69299316 -5 -5
1379.30895996 -5 -5
1380.20800781 -5 -5
1380.98596191 -5 -5
1381.76000977 -5 -5
1382.42700195 -5 -5
1383.16101074 -5 -5
1383.81994629 -5 -5
1384.50695801 -5 -5
1385.30004883 -5 -5
1385.91503906 -5 -5
1386.5369873 -5 -5
1387.38903809 -5 -5
1388.08398438 -5 -5
1388.69494629 -5 -5
1389.52197266 -5 -5
1390.22497559 -5 -5
1390.85998535 -5 -5
1391.60498047 -5 -5
1392.29394531 -5 -5
1393.17102051 -5 -5
1393.87097168 -5 -5
1394.63098145 -5 -5
1395.41101074 -5 -5
1396.04003906 -5 -5
1396.69604492 -5 -5
1397.49597168 -5 -5
1398.31994629 -5 -5
1398.92504883 -5 -5
1399.72998047 -5 -5
1400.55395508 -5 -5
1401.17297363 -5 -5
1401.9239502 -5 -5
1402.65698242 -5 -5
1403.48803711 -5 -5
1404.10095215 -5 -5
1404.76196289 -5 -5
1405.48999023 -5 -5
1406.13098145 -5 -5
1406.79797363 -5 -5
1407.64904785 -5 -5
1408.41296387 -5 -5
1409.25 -5 -5
1409.86499023 -5 -5
1410.52001953 -5 -5
1411.2130127 -5 -5
1412.01904297 -5 -5
1412.83898926 -5 -5
1413.52600098 -5 -5
1414.27697754 -5 -5
1414.88903809 -5 -5
1415.73498535 -5 -5
1416.51696777 -5 -5
1417.38098145 -5 -5
1418.02294922 -5 -5
1418.89501953 -5 -5
1419.71203613 -5 -5
1420.44702148 -5 -5
1421.27197266 -5 -5
1422.04296875 -5 -5
1422.92297363 -5 -5
1423.77905273 -5 -5
1424.67004395 -5 -5
1425.56604004 -5 -5
1426.23706055 -5 -5
1427.02697754 -5 -5
1427.85400391 -5 -5
1428.52905273 -5 -5
1429.17199707 -5 -5
1430.05505371 -5 -5
1430.83605957 -5 -5
1431.63000488 -5 -5
1432.35095215 -5 -5
1433.09301758 -5 -5
1433.84301758 -5 -5
1434.54504395 -5 -5
1435.38696289 -5 -5
1436.20300293 -5 -5
1437.04394531 -5 -5
1437.68701172 -5 -5
1438.39196777 -5 -5
1439.27600098 -5 -5
1440.10998535 -5 -5
1441.00402832 -5 -5
1441.68701172 -5 -5
1442.38598633 -5 -5
1443.0489502 -5 -5
1443.85498047 -5 -5
1444.47998047 -5 -5
1445.27697754 -5 -5
1446.16503906 -5 -5
1446.93505859 -5 -5
1447.54504395 -5 -5
1448.18005371 -5 -5
1448.91296387 -5 -5
1449.78894043 -5 -5
1450.58605957 -5 -5
1451.27294922 -5 -5
1452.0489502 -5 -5
1452.76501465 -5 -5
1453.49499512 -5 -5
1454.21594238 -5 -5
1454.91503906 -5 -5
1455.69494629 -5 -5
1456.33703613 -5 -5
1457.05700684 -5 -5
1457.85803223 -5 -5
1458.74499512 -5 -5
1459.46704102 -5 -5
1460.08105469 -5 -5
1460.69396973 -5 -5
1461.56005859 -5 -5
1462.3079834 -5 -5
1463.10900879 -5 -5
1464.00805664 -5 -5
1464.64404297 -5 -5
1465.5 -5 -5
1466.26000977 -5 -5
1466.95605469 -5 -5
1467.79101562 -5 -5
1468.60705566 -5 -5
1469.23706055 -5 -5
1469.91796875 -5 -5
1470.54699707 -5 -5
1471.37695312 -5 -5
1472.17297363 -5 -5
1473.06799316 -5 -5
1473.86499023 -5 -5
1474.47497559 -5 -5
1475.30200195 -5 -5
1476.19604492 -5 -5
1477.08898926 -5 -5
1477.79003906 -5 -5
1478.42004395 -5 -5
1479.15905762 -5 -5
1480.03796387 -5 -5
1480.88000488 -5 -5
1481.50598145 -5 -5
1482.17504883 -5 -5
1482.9050293 -5 -5
1483.68395996 -5 -5
1484.42895508 -5 -5
1485.04699707 -5 -5
1485.72900391 -5 -5
1486.49597168 -5 -5
1487.35595703 -5 -5
1488.25097656 -5 -5
1489.0300293 -5 -5
1489.72595215 -5 -5
1490.51293945 -5 -5
1491.13793945 -5 -5
1492.03100586 -5 -5
1492.7220459 -5 -5
1493.41796875 -5 -5
1494.14404297 -5 -5
1494.8470459 -5 -5
1495.51794434 -5 -5
1496.15698242 -5 -5
1496.8079834 -5 -5
1497.49804688 -5 -5
1498.38305664 -5 -5
1499.2779541 -5 -5
1499.98498535 -5 -5
1500.73901367 -5 -5
1501.58605957 -5 -5
1502.35705566 -5 -5
1503.0670166 -5 -5
1503.95703125 -5 -5
1504.73706055 -5 -5
1505.43798828 -5 -5
1506.33105469 -5 -5
1507.15905762 -5 -5
1507.81604004 -5 -5
1508.65600586 -5 -5
1509.51293945 -5 -5
1510.15100098 -5 -5
1511.03405762 -5 -5
1511.71899414 -5 -5
1512.40197754 -5 -5
1513.0090332 -5 -5
1513.84802246 -5 -5
1514.52502441 -5 -5
1515.2199707 -5 -5
1515.94299316 -5 -5
1516.57397461 -5 -5
1517.4720459 -5 -5
1518.35998535 -5 -5
1519.23095703 -5 -5
1519.85803223 -5 -5
1520.52600098 -5 -5
1521.22595215 -5 -5
1522.11804199 -5 -5
1522.89697266 -5 -5
1523.70898438 -5 -5
1524.53405762 -5 -5
1525.24499512 -5 -5
1525.92504883 -5 -5
1526.65795898 -5 -5
1527.38000488 -5 -5
1528.1529541 -5 -5
1528.84094238 -5 -5
1529.58300781 -5 -5
1530.27294922 -5 -5
1531.04797363 -5 -5
1531.86303711 -5 -5
1532.61999512 -5 -5
1533.33703613 -5 -5
1533.97399902 -5 -5
1534.72998047 -5 -5
1535.33300781 -5 -5
1535.98303223 -5 -5
1536.82202148 -5 -5
1537.6920166 -5 -5
1538.30895996 -5 -5
1539.03796387 -5 -5
1539.71398926 -5 -5
1540.53295898 -5 -5
1541.14697266 -5 -5
1541.92102051 -5 -5
1542.69897461 -5 -5
1543.50402832 -5 -5
1544.22705078 -5 -5
1545.05700684 -5 -5
1545.9050293 -5 -5
1546.60302734 -5 -5
1547.4699707 -5 -5
1548.34094238 -5 -5
1549.21398926 -5 -5
1549.93505859 -5 -5
1550.69604492 -5 -5
1551.5880127 -5 -5
1552.32495117 -5 -5
1553.10095215 -5 -5
1553.73596191 -5 -5
1554.36206055 -5 -5
1555.16101074 -5 -5
1555.81896973 -5 -5
1556.51794434 -5 -5
1557.24304199 -5 -5
1557.9720459 -5 -5
1558.81896973 -5 -5
1559.58703613 -5 -5
1560.3260498 -5 -5
1561.18505859 -5 -5
1561.875 -5 -5
1562.58203125 -5 -5
1563.21704102 -5 -5
1564.00097656 -5 -5
1564.64099121 -5 -5
1565.24902344 -5 -5
1566.05297852 -5 -5
1566.81396484 -5 -5
1567.5489502 -5 -5
1568.44104004 -5 -5
1569.10595703 -5 -5
1569.7779541 -5 -5
1570.51293945 -5 -5
1571.23596191 -5 -5
1572.04003906 -5 -5
1572.91101074 -5 -5
1573.67504883 -5 -5
1574.32800293 -5 -5
1575.16101074 -5 -5
1575.96398926 -5 -5
1576.78405762 -5 -5
1577.42797852 -5 -5
1578.31201172 -5 -5
1579.08398438 -5 -5
1579.72705078 -5 -5
1580.53405762 -5 -5
1581.31201172 -5 -5
1582.07104492 -5 -5
1582.8079834 -5 -5
1583.45397949 -5 -5
1584.19702148 -5 -5
1585.01293945 -5 -5
1585.7800293 -5 -5
1586.42102051 -5 -5
1587.09399414 -5 -5
1587.90905762 -5 -5
1588.75695801 -5 -5
1589.57299805 -5 -5
1590.22595215 -5 -5
1590.97302246 -5 -5
1591.74401855 -5 -5
1592.43395996 -5 -5
1593.20996094 -5 -5
1593.90905762 -5 -5
1594.59899902 -5 -5
1595.49597168 -5 -5
1596.29504395 -5 -5
1596.93798828 -5 -5
1597.54797363 -5 -5
1598.39001465 -5 -5
1599.10498047 -5 -5
1599.84594727 -5 -5
1600.56201172 -5 -5
1601.45495605 -5 -5
1602.24304199 -5 -5
1603.03503418 -5 -5
1603.89501953 -5 -5
1604.73095703 -5 -5
1605.57702637 -5 -5
1606.28198242 -5 -5
1607.12097168 -5 -5
1607.81201172 -5 -5
1608.49902344 -5 -5
1609.30200195 -5 -5
1609.96704102 -5 -5
1610.64599609 -5 -5
1611.25305176 -5 -5
1611.94995117 -5 -5
1612.66601562 -5 -5
1613.27697754 -5 -5
1614.05200195 -5 -5
1614.77404785 -5 -5
1615.62805176 -5 -5
1616.34899902 -5 -5
1617.22497559 -5 -5
1618.02600098 -5 -5
1618.78100586 -5 -5
1619.49304199 -5 -5
1620.11096191 -5 -5
1620.81396484 -5 -5
1621.69897461 -5 -5
1622.54797363 -5 -5
1623.14904785 -5 -5
1623.83496094 -5 -5
1624.6550293 -5 -5
1625.26794434 -5 -5
1626.08703613 -5 -5
1626.73400879 -5 -5
1627.62402344 -5 -5
1628.42004395 -5 -5
1629.27197266 -5 -5
1630.05297852 -5 -5
1630.92297363 -5 -5
1631.70495605 -5 -5
1632.38598633 -5 -5
1633.10095215 -5 -5
1633.74304199 -5 -5
1634.625 -5 -5
1635.34997559 -5 -5
1636.0670166 -5 -5
1636.72705078 -5 -5
1637.36206055 -5 -5
1638.0579834 -5 -5
1638.74194336 -5 -5
1639.60302734 -5 -5
1640.41101074 -5 -5
1641.19897461 -5 -5
1641.88098145 -5 -5
1642.66699219 -5 -5
1643.50097656 -5 -5
1644.34802246 -5 -5
1645.03100586 -5 -5
1645.65197754 -5 -5
1646.45605469 -5 -5
1647.21105957 -5 -5
1647.83398438 -5 -5
1648.68798828 -5 -5
1649.4510498 -5 -5
1650.24194336 -5 -5
1651.08898926 -5 -5
1651.7220459 -5 -5
1652.50097656 -5 -5
1653.13000488 -5 -5
1653.85095215 -5 -5
1654.65698242 -5 -5
1655.50195312 -5 -5
1656.34094238 -5 -5
1657.1159668 -5 -5
1657.73901367 -5 -5
1658.46801758 -5 -5
1659.30895996 -5 -5
1659.91003418 -5 -5
1660.63903809 -5 -5
1661.45605469 -5 -5
1662.13793945 -5 -5
1662.79699707 -5 -5
1663.51696777 -5 -5
1664.125 -5 -5
1665.01098633 -5 -5
1665.85595703 -5 -5
1666.6920166 -5 -5
1667.4630127 -5 -5
1668.07202148 -5 -5
1668.71801758 -5 -5
1669.34204102 -5 -5
1669.99804688 -5 -5
1670.83105469 -5 -5
1671.68395996 -5 -5
1672.37304688 -5 -5
1673.10498047 -5 -5
1673.91503906 -5 -5
1674.65197754 -5 -5
1675.26904297 -5 -5
1676.1159668 -5 -5
1676.96203613 -5 -5
1677.59997559 -5 -5
1678.30895996 -5 -5
1678.94995117 -5 -5
1679.63793945 -5 -5
1680.27404785 -5 -5
1681.02404785 -5 -5
1681.62805176 -5 -5
1682.49304199 -5 -5
1683.25097656 -5 -5
1683.93395996 -5 -5
1684.78601074 -5 -5
1685.5760498 -5 -5
1686.38000488 -5 -5
1686.98303223 -5 -5
1687.86901855 -5 -5
1688.68103027 -5 -5
1689.32299805 -5 -5
1690.19995117 -5 -5
1690.85595703 -5 -5
1691.60705566 -5 -5
1692.2869873 -5 -5
1692.89294434 -5 -5
1693.5369873 -5 -5
1694.1739502 -5 -5
1694.90405273 -5 -5
1695.51403809 -5 -5
1696.32897949 -5 -5
1697.14099121 -5 -5
1698.01904297 -5 -5
1698.89794922 -5 -5
1699.60998535 -5 -5
1700.3260498 -5 -5
1701.07495117 -5 -5
1701.70703125 -5 -5
1702.54699707 -5 -5
1703.28796387 -5 -5
1703.94995117 -5 -5
1704.76098633 -5 -5
1705.42797852 -5 -5
1706.28100586 -5 -5
1706.89404297 -5 -5
1707.63000488 -5 -5
1708.39697266 -5 -5
1709.2800293 -5 -5
1709.95800781 -5 -5
1710.85498047 -5 -5
1711.53796387 -5 -5
1712.20605469 -5 -5
1713.09399414 -5 -5
1713.98205566 -5 -5
1714.68603516 -5 -5
1715.5 -5 -5
1716.36694336 -5 -5
1716.96899414 -5 -5
1717.62402344 -5 -5
1718.28198242 -5 -5
1719.05395508 -5 -5
1719.79699707 -5 -5
1720.6529541 -5 -5
1721.41503906 -5 -5
1722.12695312 -5 -5
1722.94494629 -5 -5
1723.61999512 -5 -5
1724.49304199 -5 -5
1725.3840332 -5 -5
1726.2800293 -5 -5
1727.13903809 -5 -5
1727.98706055 -5 -5
1728.87194824 -5 -5
1729.50805664 -5 -5
1730.19494629 -5 -5
1731.02697754 -5 -5
1731.63098145 -5 -5
1732.51293945 -5 -5
1733.17102051 -5 -5
1733.90002441 -5 -5
1734.58605957 -5 -5
1735.33605957 -5 -5
1736.17797852 -5 -5
1736.96203613 -5 -5
1737.82104492 -5 -5
1738.54101562 -5 -5
1739.2800293 -5 -5
1740.14501953 -5 -5
1740.86096191 -5 -5
1741.51794434 -5 -5
1742.36206055 -5 -5
1743.24499512 -5 -5
1743.89794922 -5 -5
1744.76794434 -5 -5
1745.54797363 -5 -5
1746.19396973 -5 -5
1746.98596191 -5 -5
1747.61499023 -5 -5
1748.46398926 -5 -5
1749.09204102 -5 -5
1749.78796387 -5 -5
1750.43005371 -5 -5
1751.11096191 -5 -5
1751.83496094 -5 -5
1752.45996094 -5 -5
1753.33203125 -5 -5
1754.18994141 -5 -5
1754.88500977 -5 -5
1755.54003906 -5 -5
1756.42504883 -5 -5
1757.22595215 -5 -5
1757.99304199 -5 -5
1758.60302734 -5 -5
1759.48400879 -5 -5
1760.20495605 -5 -5
1760.86401367 -5 -5
1761.61999512 -5 -5
1762.25598145 -5 -5
1762.95898438 -5 -5
1763.67700195 -5 -5
1764.46496582 -5 -5
1765.34899902 -5 -5
1766.19396973 -5 -5
1767.07299805 -5 -5
1767.93798828 -5 -5
1768.54699707 -5 -5
1769.43200684 -5 -5
1770.25305176 -5 -5
1771.15002441 -5 -5
1771.85998535 -5 -5
1772.61804199 -5 -5
1773.31494141 -5 -5
1774.06494141 -5 -5
1774.72595215 -5 -5
1775.375 -5 -5
1776.22497559 -5 -5
1776.82800293 -5 -5
1777.6619873 -5 -5
1778.55505371 -5 -5
1779.33105469 -5 -5
1780.16296387 -5 -5
1780.82202148 -5 -5
1781.45800781 -5 -5
1782.31298828 -5 -5
1783.20800781 -5 -5
1783.99194336 -5 -5
1784.66796875 -5 -5
1785.3470459 -5 -5
1786.00695801 -5 -5
1786.73596191 -5 -5
1787.36804199 -5 -5
1788.08300781 -5 -5
1788.8659668 -5 -5
1789.57202148 -5 -5
1790.41101074 -5 -5
1791.27001953 -5 -5
1792.12304688 -5 -5
1793.0 -5 -5
1793.72094727 -5 -5
1794.37304688 -5 -5
1794.98596191 -5 -5
1795.82702637 -5 -5
1796.63195801 -5 -5
1797.23999023 -5 -5
1798.06604004 -5 -5
1798.96105957 -5 -5
1799.69494629 -5 -5
1800.44494629 -5 -5
1801.05895996 -5 -5
1801.69104004 -5 -5
1802.37597656 -5 -5
1803.07397461 -5 -5
1803.94104004 -5 -5
1804.64697266 -5 -5
1805.47998047 -5 -5
1806.37304688 -5 -5
1807.10595703 -5 -5
1807.89501953 -5 -5
1808.61206055 -5 -5
1809.2199707 -5 -5
1809.95898438 -5 -5
1810.67102051 -5 -5
1811.38696289 -5 -5
1812.18505859 -5 -5
1812.89001465 -5 -5
1813.75805664 -5 -5
1814.37194824 -5 -5
1815.08496094 -5 -5
1815.91894531 -5 -5
1816.54003906 -5 -5
1817.27502441 -5 -5
1818.09204102 -5 -5
1818.98706055 -5 -5
1819.62597656 -5 -5
1820.44104004 -5 -5
1821.11901855 -5 -5
1822.01000977 -5 -5
1822.72595215 -5 -5
1823.50195312 -5 -5
1824.14196777 -5 -5
1825.0279541 -5 -5
1825.69494629 -5 -5
1826.4420166 -5 -5
1827.13903809 -5 -5
1827.79504395 -5 -5
1828.64294434 -5 -5
1829.26904297 -5 -5
1829.88000488 -5 -5
1830.58203125 -5 -5
1831.19299316 -5 -5
1831.93603516 -5 -5
1832.79199219 -5 -5
1833.44299316 -5 -5
1834.12194824 -5 -5
1834.94702148 -5 -5
1835.78894043 -5 -5
1836.39794922 -5 -5
1837.11901855 -5 -5
1837.90795898 -5 -5
1838.5300293 -5 -5
1839.20996094 -5 -5
1840.04199219 -5 -5
1840.7409668 -5 -5
1841.63500977 -5 -5
1842.23706055 -5 -5
1842.92895508 -5 -5
1843.69299316 -5 -5
1844.46496582 -5 -5
1845.15100098 -5 -5
1845.93103027 -5 -5
1846.73498535 -5 -5
1847.49401855 -5 -5
1848.29504395 -5 -5
1848.90100098 -5 -5
1849.5279541 -5 -5
1850.14697266 -5 -5
1850.98498535 -5 -5
1851.79699707 -5 -5
1852.42004395 -5 -5
1853.06494141 -5 -5
1853.7590332 -5 -5
1854.42199707 -5 -5
1855.27502441 -5 -5
1856.0970459 -5 -5
1856.90698242 -5 -5
1857.66003418 -5 -5
1858.37902832 -5 -5
1859.15002441 -5 -5
1859.85998535 -5 -5
1860.54797363 -5 -5
1861.36206055 -5 -5
1862.20495605 -5 -5
1862.88793945 -5 -5
1863.71105957 -5 -5
1864.31896973 -5 -5
1864.9329834 -5 -5
1865.54003906 -5 -5
1866.30603027 -5 -5
1866.97399902 -5 -5
1867.59899902 -5 -5
1868.48303223 -5 -5
1869.23706055 -5 -5
1870.06298828 -5 -5
1870.82800293 -5 -5
1871.53405762 -5 -5
1872.37097168 -5 -5
1873.06994629 -5 -5
1873.86694336 -5 -5
1874.61206055 -5 -5
1875.22399902 -5 -5
1876.12304688 -5 -5
1876.80395508 -5 -5
1877.41296387 -5 -5
1878.16894531 -5 -5
1878.99401855 -5 -5
1879.60095215 -5 -5
1880.33300781 -5 -5
1881.13000488 -5 -5
1881.75402832 -5 -5
1882.50195312 -5 -5
1883.18200684 -5 -5
1884.08203125 -5 -5
1884.73400879 -5 -5
1885.40100098 -5 -5
1886.29504395 -5 -5
1887.18701172 -5 -5
1887.93994141 -5 -5
1888.83605957 -5 -5
1889.61804199 -5 -5
1890.40002441 -5 -5
1891.25695801 -5 -5
1892.11206055 -5 -5
1892.83398438 -5 -5
1893.55102539 -5 -5
1894.25305176 -5 -5
1894.96801758 -5 -5
1895.75805664 -5 -5
1896.44604492 -5 -5
1897.17297363 -5 -5
1898.0670166 -5 -5
1898.69104004 -5 -5
1899.38305664 -5 -5
1900.03100586 -5 -5
1900.70397949 -5 -5
1901.53405762 -5 -5
1902.19494629 -5 -5
1903.07202148 -5 -5
1903.78405762 -5 -5
1904.5369873 -5 -5
1905.33996582 -5 -5
1906.03100586 -5 -5
1906.86901855 -5 -5
1907.68005371 -5 -5
1908.48901367 -5 -5
1909.21704102 -5 -5
1909.97802734 -5 -5
1910.81396484 -5 -5
1911.67102051 -5 -5
1912.33996582 -5 -5
1913.09594727 -5 -5
1913.75195312 -5 -5
1914.42700195 -5 -5
1915.24804688 -5 -5
1915.98400879 -5 -5
1916.79296875 -5 -5
1917.63696289 -5 -5
1918.31604004 -5 -5
1918.9329834 -5 -5
1919.5670166 -5 -5
1920.19604492 -5 -5
1920.80004883 -5 -5
1921.42797852 -5 -5
1922.07299805 -5 -5
1922.71704102 -5 -5
1923.34594727 -5 -5
1923.98706055 -5 -5
1924.65600586 -5 -5
1925.41601562 -5 -5
1926.11694336 -5 -5
1927.01696777 -5 -5
1927.83996582 -5 -5
1928.60095215 -5 -5
1929.4239502 -5 -5
1930.17199707 -5 -5
1931.03198242 -5 -5
1931.70495605 -5 -5
1932.46105957 -5 -5
1933.23303223 -5 -5
1934.02294922 -5 -5
1934.78503418 -5 -5
1935.64904785 -5 -5
1936.53405762 -5 -5
1937.28894043 -5 -5
1937.91503906 -5 -5
1938.74499512 -5 -5
1939.60205078 -5 -5
1940.20703125 -5 -5
1941.0579834 -5 -5
1941.87695312 -5 -5
1942.53100586 -5 -5
1943.17797852 -5 -5
1943.82702637 -5 -5
1944.69494629 -5 -5
1945.56994629 -5 -5
1946.43896484 -5 -5
1947.15002441 -5 -5
1948.02197266 -5 -5
1948.86401367 -5 -5
1949.6529541 -5 -5
1950.31201172 -5 -5
1950.98095703 -5 -5
1951.62304688 -5 -5
1952.50195312 -5 -5
1953.40197754 -5 -5
1954.28503418 -5 -5
1955.12194824 -5 -5
1955.88195801 -5 -5
1956.60498047 -5 -5
1957.34997559 -5 -5
1957.96899414 -5 -5
1958.73205566 -5 -5
1959.49804688 -5 -5
1960.21203613 -5 -5
1960.92297363 -5 -5
1961.62902832 -5 -5
1962.39196777 -5 -5
1963.02294922 -5 -5
1963.77197266 -5 -5
1964.55395508 -5 -5
1965.28295898 -5 -5
1966.06396484 -5 -5
1966.9510498 -5 -5
1967.81298828 -5 -5
1968.61694336 -5 -5
1969.50598145 -5 -5
1970.14099121 -5 -5
1970.84399414 -5 -5
1971.5 -5 -5
1972.36499023 -5 -5
1973.1739502 -5 -5
1973.7800293 -5 -5
1974.66101074 -5 -5
1975.38000488 -5 -5
1976.21203613 -5 -5
1976.89501953 -5 -5
1977.69494629 -5 -5
1978.36694336 -5 -5
1979.17797852 -5 -5
1979.99304199 -5 -5
1980.68701172 -5 -5
1981.55700684 -5 -5
1982.20495605 -5 -5
1982.9239502 -5 -5
1983.7199707 -5 -5
1984.35498047 -5 -5
1984.98803711 -5 -5
1985.71594238 -5 -5
1986.3659668 -5 -5
1986.98400879 -5 -5
1987.77404785 -5 -5
1988.62597656 -5 -5
1989.27294922 -5 -5
1990.17199707 -5 -5
1990.90197754 -5 -5
1991.62194824 -5 -5
1992.26196289 -5 -5
1993.00097656 -5 -5
1993.68603516 -5 -5
1994.51196289 -5 -5
1995.31994629 -5 -5
1996.04003906 -5 -5
1996.91796875 -5 -5
1997.77294922 -5 -5
1998.51501465 -5 -5
1999.32897949 -5 -5
2000.10595703 -5 -5
2000.75598145 -5 -5
2001.43994141 -5 -5
2002.32897949 -5 -5
2003.21105957 -5 -5
2003.97802734 -5 -5
2004.62304688 -5 -5
2005.45495605 -5 -5
2006.12805176 -5 -5
2007.0279541 -5 -5
2007.91699219 -5 -5
2008.65698242 -5 -5
2009.38098145 -5 -5
2010.16796875 -5 -5
2010.80505371 -5 -5
2011.48303223 -5 -5
2012.36999512 -5 -5
2013.14599609 -5 -5
2013.77099609 -5 -5
2014.38696289 -5 -5
2014.98999023 -5 -5
2015.7130127 -5 -5
2016.5090332 -5 -5
2017.23498535 -5 -5
2017.93798828 -5 -5
2018.62597656 -5 -5
2019.41003418 -5 -5
2020.01403809 -5 -5
2020.79602051 -5 -5
2021.63903809 -5 -5
2022.4239502 -5 -5
2023.29504395 -5 -5
2023.96496582 -5 -5
2024.59802246 -5 -5
2025.28198242 -5 -5
2026.13793945 -5 -5
2026.74902344 -5 -5
2027.48205566 -5 -5
2028.12194824 -5 -5
2028.89904785 -5 -5
2029.78295898 -5 -5
2030.4909668 -5 -5
2031.18505859 -5 -5
2031.94104004 -5 -5
2032.65698242 -5 -5
2033.39099121 -5 -5
2034.28503418 -5 -5
2034.89904785 -5 -5
2035.625 -5 -5
2036.47094727 -5 -5
2037.36303711 -5 -5
2037.9720459 -5 -5
2038.63305664 -5 -5
2039.49304199 -5 -5
2040.27197266 -5 -5
2040.98498535 -5 -5
2041.64697266 -5 -5
2042.53198242 -5 -5
2043.21899414 -5 -5
2044.07202148 -5 -5
2044.78894043 -5 -5
2045.65600586 -5 -5
2046.4630127 -5 -5
2047.23901367 -5 -5
2048.06396484 -5 -5
2048.66503906 -5 -5
2049.44897461 -5 -5
2050.27294922 -5 -5
2051.09008789 -5 -5
2051.81689453 -5 -5
2052.63110352 -5 -5
2053.43701172 -5 -5
2054.16894531 -5 -5
2054.84008789 -5 -5
2055.69897461 -5 -5
2056.32397461 -5 -5
2056.98193359 -5 -5
2057.79589844 -5 -5
2058.61108398 -5 -5
2059.24804688 -5 -5
2059.95410156 -5 -5
2060.69604492 -5 -5
2061.50805664 -5 -5
2062.28491211 -5 -5
2063.07202148 -5 -5
2063.68603516 -5 -5
2064.39697266 -5 -5
2065.10107422 -5 -5
2065.90893555 -5 -5
2066.7199707 -5 -5
2067.59912109 -5 -5
2068.2590332 -5 -5
2068.9519043 -5 -5
2069.76806641 -5 -5
2070.41503906 -5 -5
2071.17700195 -5 -5
2071.87792969 -5 -5
2072.65600586 -5 -5
2073.48388672 -5 -5
2074.2409668 -5 -5
2075.01196289 -5 -5
2075.85888672 -5 -5
2076.46801758 -5 -5
2077.31298828 -5 -5
2078.20605469 -5 -5
2079.08911133 -5 -5
2079.98291016 -5 -5
2080.86108398 -5 -5
2081.60888672 -5 -5
2082.36108398 -5 -5
2082.96289062 -5 -5
2083.70605469 -5 -5
2084.54711914 -5 -5
2085.30810547 -5 -5
2086.19506836 -5 -5
2086.90600586 -5 -5
2087.58496094 -5 -5
2088.42504883 -5 -5
2089.1809082 -5 -5
2089.79492188 -5 -5
2090.60009766 -5 -5
2091.48608398 -5 -5
2092.10791016 -5 -5
2092.84106445 -5 -5
2093.69091797 -5 -5
2094.33203125 -5 -5
2095.08911133 -5 -5
2095.75805664 -5 -5
2096.44604492 -5 -5
2097.11010742 -5 -5
2097.73095703 -5 -5
2098.41699219 -5 -5
2099.27490234 -5 -5
2099.91699219 -5 -5
2100.70288086 -5 -5
2101.3059082 -5 -5
2102.10791016 -5 -5
2102.82006836 -5 -5
2103.51708984 -5 -5
2104.20507812 -5 -5
2104.84790039 -5 -5
2105.56005859 -5 -5
2106.37792969 -5 -5
2107.12988281 -5 -5
2107.77099609 -5 -5
2108.50097656 -5 -5
2109.13793945 -5 -5
2109.97509766 -5 -5
2110.86791992 -5 -5
2111.48706055 -5 -5
2112.10693359 -5 -5
2112.81005859 -5 -5
2113.57104492 -5 -5
2114.22290039 -5 -5
2114.92993164 -5 -5
2115.56591797 -5 -5
2116.21899414 -5 -5
2116.82202148 -5 -5
2117.56811523 -5 -5
2118.34912109 -5 -5
2119.02709961 -5 -5
2119.85595703 -5 -5
2120.54101562 -5 -5
2121.37792969 -5 -5
2122.19189453 -5 -5
2122.84692383 -5 -5
2123.56103516 -5 -5
2124.35791016 -5 -5
2125.12011719 -5 -5
2125.81201172 -5 -5
2126.48608398 -5 -5
2127.27392578 -5 -5
2127.91088867 -5 -5
2128.74291992 -5 -5
2129.56494141 -5 -5
2130.30004883 -5 -5
2131.16601562 -5 -5
2131.94702148 -5 -5
2132.69506836 -5 -5
2133.33007812 -5 -5
2134.00390625 -5 -5
2134.7890625 -5 -5
2135.4140625 -5 -5
2136.30810547 -5 -5
2137.13110352 -5 -5
2137.98095703 -5 -5
2138.72607422 -5 -5
2139.42504883 -5 -5
2140.29296875 -5 -5
2140.98706055 -5 -5
2141.68310547 -5 -5
2142.31005859 -5 -5
2143.1159668 -5 -5
2144.00097656 -5 -5
2144.70507812 -5 -5
2145.34204102 -5 -5
2146.08398438 -5 -5
2146.82299805 -5 -5
2147.65405273 -5 -5
2148.50805664 -5 -5
2149.34204102 -5 -5
2150.22900391 -5 -5
2150.94189453 -5 -5
2151.71508789 -5 -5
2152.5390625 -5 -5
2153.37402344 -5 -5
2154.24511719 -5 -5
2154.85009766 -5 -5
2155.70410156 -5 -5
2156.41796875 -5 -5
2157.22509766 -5 -5
2158.05200195 -5 -5
2158.70898438 -5 -5
2159.33911133 -5 -5
2160.10009766 -5 -5
2160.86108398 -5 -5
2161.71411133 -5 -5
2162.48706055 -5 -5
2163.23095703 -5 -5
2163.93188477 -5 -5
2164.73193359 -5 -5
2165.47192383 -5 -5
2166.23388672 -5 -5
2167.10888672 -5 -5
2167.87597656 -5 -5
2168.70092773 -5 -5
2169.44311523 -5 -5
2170.24291992 -5 -5
2170.94506836 -5 -5
2171.79101562 -5 -5
2172.47412109 -5 -5
2173.36206055 -5 -5
2174.05688477 -5 -5
2174.88208008 -5 -5
2175.63110352 -5 -5
2176.3059082 -5 -5
2176.93188477 -5 -5
2177.54492188 -5 -5
2178.24804688 -5 -5
2178.94189453 -5 -5
2179.67211914 -5 -5
2180.29589844 -5 -5
2180.99511719 -5 -5
2181.84594727 -5 -5
2182.68798828 -5 -5
2183.37304688 -5 -5
2184.07910156 -5 -5
2184.87695312 -5 -5
2185.65405273 -5 -5
2186.44506836 -5 -5
2187.09594727 -5 -5
2187.83398438 -5 -5
2188.55004883 -5 -5
2189.41503906 -5 -5
2190.24511719 -5 -5
2191.02490234 -5 -5
2191.73388672 -5 -5
2192.38208008 -5 -5
2193.10791016 -5 -5
2193.77905273 -5 -5
2194.45288086 -5 -5
2195.14892578 -5 -5
2195.78198242 -5 -5
2196.53491211 -5 -5
2197.30810547 -5 -5
2198.02490234 -5 -5
2198.82299805 -5 -5
2199.63500977 -5 -5
2200.44091797 -5 -5
2201.32910156 -5 -5
2202.22509766 -5 -5
2203.1159668 -5 -5
2203.79711914 -5 -5
2204.50805664 -5 -5
2205.39697266 -5 -5
2206.29492188 -5 -5
2207.04101562 -5 -5
2207.81005859 -5 -5
2208.64111328 -5 -5
2209.39306641 -5 -5
2210.09912109 -5 -5
2210.85009766 -5 -5
2211.72607422 -5 -5
2212.38110352 -5 -5
2213.12207031 -5 -5
2213.96899414 -5 -5
2214.84204102 -5 -5
2215.66503906 -5 -5
2216.36108398 -5 -5
2217.01391602 -5 -5
2217.6340332 -5 -5
2218.40307617 -5 -5
2219.29711914 -5 -5
2220.01489258 -5 -5
2220.66796875 -5 -5
2221.33911133 -5 -5
2222.10009766 -5 -5
2222.73803711 -5 -5
2223.50292969 -5 -5
2224.31103516 -5 -5
2225.0559082 -5 -5
2225.70410156 -5 -5
2226.39697266 -5 -5
2227.16796875 -5 -5
2227.77905273 -5 -5
2228.64111328 -5 -5
2229.31298828 -5 -5
2230.05004883 -5 -5
2230.88110352 -5 -5
2231.70288086 -5 -5
2232.5769043 -5 -5
2233.32006836 -5 -5
2234.15600586 -5 -5
2235.00610352 -5 -5
2235.79589844 -5 -5
2236.55493164 -5 -5
2237.28491211 -5 -5
2238.01904297 -5 -5
2238.7800293 -5 -5
2239.39892578 -5 -5
2240.25488281 -5 -5
2240.85693359 -5 -5
2241.51611328 -5 -5
2242.40087891 -5 -5
2243.1730957 -5 -5
2243.8359375 -5 -5
2244.51904297 -5 -5
2245.25097656 -5 -5
2245.85302734 -5 -5
2246.55004883 -5 -5
2247.17602539 -5 -5
2247.97607422 -5 -5
2248.57910156 -5 -5
2249.23193359 -5 -5
2249.94506836 -5 -5
2250.63110352 -5 -5
2251.40600586 -5 -5
2252.01098633 -5 -5
2252.71508789 -5 -5
2253.41601562 -5 -5
2254.11889648 -5 -5
2254.72607422 -5 -5
2255.51293945 -5 -5
2256.1640625 -5 -5
2256.98193359 -5 -5
2257.77197266 -5 -5
2258.6640625 -5 -5
2259.4699707 -5 -5
2260.27709961 -5 -5
2260.92407227 -5 -5
2261.67993164 -5 -5
2262.48095703 -5 -5
2263.17602539 -5 -5
2263.94897461 -5 -5
2264.71801758 -5 -5
2265.37890625 -5 -5
2266.26000977 -5 -5
2266.95898438 -5 -5
2267.72900391 -5 -5
2268.50292969 -5 -5
2269.14892578 -5 -5
2269.82104492 -5 -5
2270.51489258 -5 -5
2271.11889648 -5 -5
2271.97094727 -5 -5
2272.69604492 -5 -5
2273.32788086 -5 -5
2274.16601562 -5 -5
2274.84399414 -5 -5
2275.48803711 -5 -5
2276.2890625 -5 -5
2276.94702148 -5 -5
2277.63696289 -5 -5
2278.32788086 -5 -5
2279.09204102 -5 -5
2279.87597656 -5 -5
2280.58911133 -5 -5
2281.39208984 -5 -5
2282.25610352 -5 -5
2283.11791992 -5 -5
2283.90893555 -5 -5
2284.55810547 -5 -5
2285.44091797 -5 -5
2286.21704102 -5 -5
2287.10693359 -5 -5
2287.7800293 -5 -5
2288.43408203 -5 -5
2289.28491211 -5 -5
2290.10302734 -5 -5
2290.88208008 -5 -5
2291.56103516 -5 -5
2292.19189453 -5 -5
2292.88208008 -5 -5
2293.50390625 -5 -5
2294.25097656 -5 -5
2295.02001953 -5 -5
2295.7019043 -5 -5
2296.40698242 -5 -5
2297.24194336 -5 -5
2297.96508789 -5 -5
2298.72412109 -5 -5
2299.59008789 -5 -5
2300.4140625 -5 -5
2301.26904297 -5 -5
2302.06298828 -5 -5
2302.85595703 -5 -5
2303.5949707 -5 -5
2304.40893555 -5 -5
2305.21801758 -5 -5
2305.86694336 -5 -5
2306.55004883 -5 -5
2307.2890625 -5 -5
2308.17993164 -5 -5
2308.87207031 -5 -5
2309.54589844 -5 -5
2310.30688477 -5 -5
2310.95996094 -5 -5
2311.79711914 -5 -5
2312.66210938 -5 -5
2313.41088867 -5 -5
2314.1550293 -5 -5
2314.83105469 -5 -5
2315.61303711 -5 -5
2316.37988281 -5 -5
2317.27001953 -5 -5
2317.94702148 -5 -5
2318.68603516 -5 -5
2319.38598633 -5 -5
2320.07202148 -5 -5
2320.9609375 -5 -5
2321.81298828 -5 -5
2322.56811523 -5 -5
2323.40893555 -5 -5
2324.22802734 -5 -5
2324.94995117 -5 -5
2325.68188477 -5 -5
2326.29492188 -5 -5
2326.91503906 -5 -5
2327.77807617 -5 -5
2328.66992188 -5 -5
2329.29199219 -5 -5
2330.0859375 -5 -5
2330.71289062 -5 -5
2331.42211914 -5 -5
2332.09399414 -5 -5
2332.73803711 -5 -5
2333.52099609 -5 -5
2334.41088867 -5 -5
2335.2890625 -5 -5
2336.08300781 -5 -5
2336.7199707 -5 -5
2337.51098633 -5 -5
2338.40991211 -5 -5
2339.11303711 -5 -5
2339.73388672 -5 -5
2340.60498047 -5 -5
2341.24707031 -5 -5
2341.84912109 -5 -5
2342.53393555 -5 -5
2343.29003906 -5 -5
2344.10302734 -5 -5
2344.84106445 -5 -5
2345.70410156 -5 -5
2346.36499023 -5 -5
2347.13208008 -5 -5
2348.00708008 -5 -5
2348.67797852 -5 -5
2349.49804688 -5 -5
2350.35009766 -5 -5
2351.11694336 -5 -5
2351.96801758 -5 -5
2352.70898438 -5 -5
2353.37792969 -5 -5
2354.0390625 -5 -5
2354.77807617 -5 -5
2355.56689453 -5 -5
2356.36889648 -5 -5
2357.04907227 -5 -5
2357.83203125 -5 -5
2358.5300293 -5 -5
2359.28588867 -5 -5
2359.99902344 -5 -5
2360.60595703 -5 -5
2361.34912109 -5 -5
2362.2409668 -5 -5
2362.94702148 -5 -5
2363.78710938 -5 -5
2364.42700195 -5 -5
2365.27099609 -5 -5
2365.90405273 -5 -5
2366.52490234 -5 -5
2367.35107422 -5 -5
2368.15991211 -5 -5
2368.82299805 -5 -5
2369.69799805 -5 -5
2370.34692383 -5 -5
2371.14599609 -5 -5
2371.90209961 -5 -5
2372.57006836 -5 -5
2373.37304688 -5 -5
2374.06201172 -5 -5
2374.75805664 -5 -5
2375.36694336 -5 -5
2375.98510742 -5 -5
2376.7019043 -5 -5
2377.55493164 -5 -5
2378.23388672 -5 -5
2378.93505859 -5 -5
2379.61303711 -5 -5
2380.47412109 -5 -5
2381.10791016 -5 -5
2381.88891602 -5 -5
2382.65307617 -5 -5
2383.37695312 -5 -5
2384.18188477 -5 -5
2384.82910156 -5 -5
2385.68896484 -5 -5
2386.31591797 -5 -5
2387.02294922 -5 -5
2387.64892578 -5 -5
2388.48608398 -5 -5
2389.37890625 -5 -5
2390.01489258 -5 -5
2390.79296875 -5 -5
2391.50708008 -5 -5
2392.39306641 -5 -5
2393.27807617 -5 -5
2394.13598633 -5 -5
2395.03393555 -5 -5
2395.87890625 -5 -5
2396.69189453 -5 -5
2397.36010742 -5 -5
2397.99194336 -5 -5
2398.6809082 -5 -5
2399.31396484 -5 -5
