0.500999987125 5 4
1.36800003052 5 3
2.11899995804 5 2
2.89400005341 4 2
3.60599994659 4 1
4.34100008011 4 0
5.1859998703 5 0
6.00699996948 5 0
6.84800004959 5 1
7.56300020218 5 2
8.44600009918 5 1
9.0640001297 5 0
9.70199966431 5 1
10.3959999084 5 2
11.1639995575 5 2
11.8009996414 4 2
12.5710000992 4 3
13.4329996109 4 4
14.251999855 5 4
14.8660001755 5 4
15.6379995346 5 3
16.5209999084 5 2
17.4020004272 5 1
18.0100002289 5 0
18.6630001068 5 1
19.3360004425 5 2
20.1509990692 5 2
21.0279998779 4 2
21.8519992828 3 2
22.7220001221 3 1
23.5979995728 3 0
24.4190006256 2 0
25.0550003052 1 0
25.8400001526 0 0
26.7159996033 -1 0
27.4780006409 -1 -1
28.3169994354 -1 -2
29.061000824 -1 -3
29.8579998016 -1 -4
30.656999588 -2 -4
31.4750003815 -3 -4
32.3429985046 -4 -4
33.1129989624 -3 -4
33.9640007019 -2 -4
34.7980003357 -2 -5
35.6290016174 -2 -5
36.4749984741 -2 -4
37.2589988708 -2 -3
38.0130004883 -3 -3
38.8839988708 -4 -3
39.5289993286 -4 -4
40.3310012817 -4 -5
41.0460014343 -3 -5
41.7659988403 -2 -5
42.641998291 -2 -4
43.3800010681 -2 -3
44.2089996338 -3 -3
44.8559989929 -4 -3
45.6450004578 -4 -2
46.2890014648 -4 -1
47.0379981995 -4 -2
47.8240013123 -4 -3
48.4910011292 -3 -3
49.1689987183 -2 -3
50.0200004578 -1 -3
50.7680015564 -1 -4
51.3829994202 -1 -5
52.2799987793 -2 -5
53.0810012817 -3 -5
53.8709983826 -4 -5
54.5239982605 -4 -4
55.3979988098 -4 -3
56.2760009766 -4 -2
56.9109992981 -3 -2
57.5390014648 -4 -2
58.408000946 -3 -2
59.2879981995 -2 -2
59.9790000916 -1 -2
60.7459983826 0 -2
61.6170005798 -1 -2
62.3019981384 0 -2
63.1520004272 -1 -2
63.8759994507 0 -2
64.7289962769 -1 -2
65.46900177 -1 -3
66.2610015869 -1 -2
67.0889968872 -1 -3
67.9260025024 -1 -2
68.5530014038 0 -2
69.2880020142 0 -1
70.125 0 -2
70.9440002441 1 -2
71.5650024414 0 -2
72.3789978027 0 -3
73.2450027466 1 -3
73.966003418 2 -3
74.7269973755 1 -3
75.5240020752 2 -3
76.2419967651 2 -2
77.1299972534 2 -3
77.8880004883 2 -2
78.7480010986 3 -2
79.5159988403 4 -2
80.4110031128 4 -1
81.2519989014 4 0
82.1179962158 4 1
82.9300003052 4 2
83.7490005493 4 1
84.40599823 3 1
85.1279983521 3 0
85.9300003052 3 -1
86.7369995117 3 -2
87.6159973145 3 -3
88.4919967651 2 -3
89.3679962158 1 -3
90.0220031738 1 -2
90.7600021362 1 -1
91.4079971313 0 -1
92.1409988403 0 -2
92.7969970703 1 -2
93.6510009766 1 -1
94.3349990845 1 -2
95.1910018921 1 -1
95.9929962158 1 -2
96.8809967041 1 -1
97.6240005493 1 -2
98.3779983521 1 -1
99.0650024414 0 -1
99.9629974365 0 -2
100.751998901 1 -2
101.556999207 0 -2
102.411003113 1 -2
103.18800354 0 -2
103.999000549 0 -1
104.885002136 0 -2
105.741996765 0 -1
106.446998596 -1 -1
107.282997131 -1 -2
107.898002625 -1 -3
108.560997009 -1 -2
109.379997253 -2 -2
110.019996643 -1 -2
110.741996765 -2 -2
111.45400238 -1 -2
112.290000916 -1 -1
112.892997742 -1 -2
113.589996338 -1 -1
114.314002991 -1 -2
115.005996704 -2 -2
115.883003235 -1 -2
116.711997986 -1 -1
117.606002808 -1 -2
118.208999634 -1 -1
119.010002136 -1 -2
119.63999939 -2 -2
120.387001038 -1 -2
121.13999939 0 -2
121.911003113 -1 -2
122.525001526 0 -2
123.382003784 -1 -2
124.163002014 0 -2
124.924003601 1 -2
125.591003418 0 -2
126.398002625 1 -2
127.095001221 1 -1
127.956001282 1 -2
128.68800354 1 -3
129.337997437 1 -2
130.197998047 2 -2
130.854995728 2 -1
131.714004517 2 -2
132.520004272 2 -1
133.175003052 1 -1
133.927993774 2 -1
134.718994141 1 -1
135.341003418 2 -1
136.085006714 1 -1
136.791000366 0 -1
137.535003662 1 -1
138.220993042 0 -1
138.95199585 1 -1
139.738998413 0 -1
140.617004395 1 -1
141.363006592 0 -1
142.018997192 1 -1
142.662994385 0 -1
143.475997925 1 -1
144.361999512 0 -1
145.082992554 1 -1
145.699005127 1 -2
146.509994507 1 -1
147.253997803 1 -2
147.865997314 1 -1
148.626998901 1 -2
149.371002197 1 -1
150.18800354 1 -2
150.852996826 1 -1
151.496002197 1 -2
152.192993164 1 -1
152.992996216 1 0
153.863006592 1 -1
154.613998413 1 0
155.481002808 1 -1
156.182006836 1 -2
156.99899292 1 -1
157.662994385 2 -1
158.399993896 3 -1
159.270004272 2 -1
159.927001953 3 -1
160.740005493 2 -1
161.542007446 3 -1
162.356994629 2 -1
163.007003784 2 0
163.651992798 1 0
164.382003784 1 -1
164.99899292 1 0
165.647003174 1 -1
166.438995361 1 0
167.125 1 -1
167.740997314 1 0
168.460998535 1 -1
169.274002075 1 -2
169.919998169 1 -1
170.776992798 1 -2
171.414001465 1 -1
172.180999756 0 -1
173.059005737 0 -2
173.70300293 0 -1
174.552993774 0 -2
175.292007446 0 -1
176.067001343 0 -2
176.93800354 0 -1
177.669998169 -1 -1
178.48399353 0 -1
179.097000122 -1 -1
179.927001953 -1 -2
180.656997681 0 -2
181.408996582 -1 -2
182.302001953 0 -2
183.029998779 -1 -2
183.682006836 -2 -2
184.481002808 -1 -2
185.106994629 -1 -1
185.766998291 -1 -2
186.481002808 -1 -1
187.182998657 -1 -2
187.843002319 -1 -1
188.569000244 -1 -2
189.391998291 -1 -1
190.179992676 -1 -2
190.970993042 -1 -1
191.638000488 -1 -2
192.328994751 -1 -1
193.100997925 -2 -1
193.985992432 -1 -1
194.628005981 -2 -1
195.522003174 -2 0
196.194000244 -1 0
196.832992554 -2 0
197.485992432 -1 0
198.119995117 -2 0
198.81300354 -1 0
199.611999512 -2 0
200.261993408 -1 0
200.975997925 -2 0
201.617004395 -3 0
202.45300293 -2 0
203.31199646 -3 0
204.182998657 -3 1
204.904998779 -3 2
205.615997314 -3 1
206.356994629 -4 1
207.110992432 -5 1
207.774002075 -5 0
208.526000977 -5 1
209.272003174 -4 1
210.007995605 -3 1
210.899002075 -2 1
211.776992798 -2 0
212.445999146 -2 -1
213.29699707 -2 0
214.054992676 -2 -1
214.895996094 -2 0
215.742004395 -2 -1
216.404006958 -2 0
217.229003906 -2 1
217.899002075 -2 0
218.593994141 -1 0
219.317001343 -1 -1
219.962005615 -1 0
220.587997437 -1 -1
221.283004761 -1 0
222.151992798 -1 -1
222.843994141 -1 0
223.572998047 -1 -1
224.378005981 -1 0
225.042999268 -1 -1
225.777999878 -2 -1
226.619995117 -2 0
227.48399353 -1 0
228.115005493 -1 -1
228.74899292 -2 -1
229.412994385 -1 -1
230.039993286 -2 -1
230.682006836 -1 -1
231.462997437 -2 -1
232.151000977 -1 -1
232.893997192 -2 -1
233.613998413 -1 -1
234.507995605 0 -1
235.326004028 -1 -1
236.192993164 0 -1
237.022994995 -1 -1
237.725997925 0 -1
238.429000854 -1 -1
239.281005859 0 -1
240.17300415 -1 -1
240.910995483 -1 -2
241.703994751 -1 -1
242.552001953 -1 -2
243.31199646 -1 -1
243.98399353 -1 -2
244.832992554 -1 -1
245.705993652 -1 -2
246.527999878 -1 -1
247.156997681 -1 -2
247.89100647 -1 -1
248.507003784 -1 -2
249.404006958 -1 -1
250.294998169 -1 -2
251.167007446 -1 -1
252.007995605 -2 -1
252.746002197 -1 -1
253.554000854 -2 -1
254.158996582 -2 0
255.011001587 -1 0
255.639007568 -1 -1
256.363006592 -2 -1
257.144012451 -2 0
257.863006592 -1 0
258.559997559 -1 -1
259.454986572 -1 0
260.350006104 -1 -1
261.136993408 -1 0
261.989013672 -1 -1
262.760986328 -1 0
263.614990234 -1 -1
264.484008789 -1 0
265.369995117 -1 -1
266.071990967 0 -1
266.82598877 -1 -1
267.562988281 0 -1
268.368011475 -1 -1
269.131988525 0 -1
269.807006836 -1 -1
270.680999756 0 -1
271.565002441 -1 -1
272.29699707 -2 -1
273.036010742 -2 0
273.92098999 -1 0
274.667999268 -1 -1
275.312988281 -2 -1
275.963012695 -2 0
276.841003418 -2 1
277.516998291 -2 0
278.415008545 -2 1
279.028991699 -2 0
279.709991455 -2 1
280.316986084 -2 0
281.183013916 -3 0
282.035003662 -2 0
282.692993164 -2 -1
283.308013916 -2 0
284.20300293 -2 -1
284.950012207 -2 0
285.786010742 -1 0
286.442993164 -1 -1
287.141998291 -2 -1
287.959014893 -2 0
288.691986084 -1 0
289.587005615 -1 -1
290.485992432 -1 0
291.179992676 -1 -1
291.919006348 -1 -2
292.678985596 -1 -1
293.325012207 -1 -2
293.984985352 -1 -1
294.865997314 -1 -2
295.725006104 -1 -1
296.50201416 0 -1
297.148986816 -1 -1
297.765991211 0 -1
298.57901001 -1 -1
299.290008545 0 -1
299.989990234 -1 -1
300.809997559 0 -1
301.463989258 -1 -1
302.313995361 -1 -2
303.029998779 -1 -1
303.835998535 -2 -1
304.729003906 -2 0
305.480987549 -1 0
306.197998047 -1 -1
306.861999512 -1 0
307.484985352 -1 -1
308.20199585 -1 0
309.04699707 -1 -1
309.778991699 -1 0
310.634002686 -1 -1
311.463012695 -1 0
312.132995605 -1 -1
312.807006836 -1 0
313.588989258 -1 -1
314.430999756 -1 0
315.125 -1 -1
316.013000488 -1 0
316.760009766 -1 -1
317.483001709 -1 0
318.333007812 -1 -1
319.092010498 -2 -1
319.819000244 -2 0
320.690002441 -1 0
321.330993652 -1 -1
322.007995605 -2 -1
322.772003174 -2 0
323.657989502 -1 0
324.404998779 -1 -1
325.291992188 -2 -1
325.967010498 -2 0
326.691009521 -1 0
327.363006592 -1 -1
328.010986328 -2 -1
328.726989746 -2 0
329.57901001 -1 0
330.350006104 -1 -1
330.977996826 -2 -1
331.79699707 -2 0
332.466003418 -2 1
333.342987061 -1 1
333.989013672 -1 0
334.605987549 -1 -1
335.411010742 -2 -1
336.239013672 -2 0
336.87298584 -2 1
337.640014648 -1 1
338.532012939 -1 0
339.295013428 -1 -1
340.054992676 -2 -1
340.756011963 -2 0
341.467010498 -1 0
342.12298584 -1 -1
342.938995361 0 -1
343.821990967 -1 -1
344.636993408 0 -1
345.294006348 -1 -1
345.920013428 0 -1
346.739990234 -1 -1
347.470001221 0 -1
348.356994629 -1 -1
349.246002197 -1 -2
350.102996826 -1 -1
350.704986572 -1 -2
351.45401001 -1 -1
352.286010742 -1 -2
352.990997314 -1 -1
353.773986816 -1 -2
354.630004883 -1 -1
355.514007568 -1 0
356.287994385 -1 -1
357.084014893 -1 0
357.696014404 -1 -1
358.32598877 -1 0
359.183013916 -1 -1
359.925994873 -1 0
360.625 -1 -1
361.481994629 -1 0
362.230010986 -1 -1
363.07800293 -1 0
363.964996338 -1 -1
364.605987549 -1 0
365.238006592 -1 -1
365.992004395 -1 0
366.601989746 -1 -1
367.441009521 -1 0
368.091003418 -1 -1
368.820007324 -1 0
369.651000977 -1 -1
370.37600708 -1 0
370.99798584 -1 -1
371.619995117 -1 0
372.347991943 -1 -1
373.045013428 -1 0
373.694000244 -1 -1
374.559997559 -1 0
375.322998047 -1 -1
375.960998535 -1 0
376.598999023 -1 -1
377.212005615 0 -1
377.911010742 -1 -1
378.734985352 0 -1
379.369995117 -1 -1
380.17300415 0 -1
381.010009766 -1 -1
381.710998535 0 -1
382.583007812 -1 -1
383.252990723 0 -1
383.979003906 -1 -1
384.736999512 0 -1
385.630004883 -1 -1
386.338989258 -2 -1
387.20199585 -1 -1
387.864990234 -2 -1
388.536010742 -2 0
389.346984863 -1 0
390.236999512 -2 0
390.940002441 -1 0
391.708007812 -2 0
392.580993652 -1 0
393.408996582 -2 0
394.130004883 -1 0
394.985992432 -2 0
395.778015137 -1 0
396.494995117 -1 -1
397.299987793 -2 -1
398.108001709 -2 0
398.854003906 -2 1
399.54598999 -1 1
400.175994873 -1 0
401.050994873 -1 -1
401.782989502 -1 -2
402.510986328 -1 -1
403.114990234 -1 -2
403.911987305 -1 -1
404.558990479 -1 -2
405.32598877 -1 -1
406.04800415 -1 -2
406.815002441 -1 -1
407.459014893 -1 -2
408.342987061 -1 -1
409.208007812 -1 0
410.019012451 -1 -1
410.640014648 -1 0
411.441986084 -1 -1
412.062988281 -1 0
412.944000244 -1 -1
413.661010742 -1 0
414.481994629 -1 -1
415.243011475 -1 0
416.096008301 -1 -1
416.717010498 -1 0
417.45300293 -1 -1
418.253997803 -1 0
419.024993896 -1 -1
419.75201416 -1 0
420.585998535 -1 -1
421.440002441 -1 0
422.096008301 -2 0
422.949005127 -1 0
423.725006104 -2 0
424.57800293 -1 0
425.437011719 -2 0
426.040985107 -1 0
426.903015137 -2 0
427.713989258 -1 0
428.473999023 -2 0
429.085998535 -1 0
429.718994141 -2 0
430.359985352 -1 0
431.015014648 -2 0
431.667999268 -1 0
432.441009521 -2 0
433.075012207 -1 0
433.972991943 -2 0
434.860992432 -1 0
435.67401123 -2 0
436.430999756 -1 0
437.286987305 -2 0
437.907012939 -1 0
438.761993408 -1 -1
439.559997559 -1 0
440.401000977 -1 -1
441.230010986 -1 0
442.072998047 -1 -1
442.902008057 0 -1
443.761993408 0 -2
444.515991211 0 -1
445.377990723 0 -2
446.018005371 0 -1
446.833007812 0 -2
447.515991211 0 -1
448.29598999 0 -2
448.912994385 0 -1
449.609985352 0 -2
450.5 1 -2
451.37399292 0 -2
452.091003418 1 -2
452.841003418 2 -2
453.696014404 1 -2
454.437988281 1 -3
455.25100708 1 -2
456.07800293 0 -2
456.95199585 1 -2
457.625 0 -2
458.468994141 0 -1
459.220001221 -1 -1
460.082000732 0 -1
460.837005615 -1 -1
461.669006348 0 -1
462.54699707 -1 -1
463.442993164 0 -1
464.165985107 -1 -1
465.040985107 0 -1
465.739990234 -1 -1
466.601013184 0 -1
467.485992432 -1 -1
468.335998535 0 -1
469.160003662 -1 -1
469.851989746 -2 -1
470.584991455 -2 0
471.475006104 -2 1
472.084014893 -1 1
472.772003174 -2 1
473.610992432 -1 1
474.350006104 0 1
475.061004639 0 0
475.911987305 0 -1
476.744995117 -1 -1
477.541992188 -1 0
478.260986328 -1 -1
478.988006592 -1 -2
479.605010986 -1 -1
480.5 -1 -2
481.29901123 -1 -1
482.12600708 -1 -2
483.0 -1 -1
483.661987305 -1 0
484.329986572 -1 -1
484.941009521 -1 0
485.606994629 -1 -1
486.361999512 -1 0
487.128997803 -1 -1
487.760986328 -1 0
488.42098999 -1 -1
489.156005859 -1 0
489.966003418 -1 -1
490.770996094 -1 0
491.644012451 -1 -1
492.419006348 -1 0
493.020996094 -1 -1
493.705993652 -1 0
494.359008789 -1 -1
495.180999756 -1 0
495.833007812 -1 -1
496.669006348 -1 0
497.542999268 -1 -1
498.321014404 -1 0
499.091003418 -1 -1
499.709991455 -2 -1
500.427001953 -2 0
501.257995605 -1 0
501.881988525 0 0
502.756011963 1 0
503.359985352 0 0
503.975006104 -1 0
504.811004639 0 0
505.494995117 1 0
506.286987305 0 0
507.072998047 -1 0
507.890014648 0 0
508.75 0 -1
509.424987793 -1 -1
510.131988525 -2 -1
511.022003174 -2 0
511.717010498 -2 1
512.32598877 -1 1
513.112976074 -2 1
513.752990723 -1 1
514.505981445 -2 1
515.291992188 -1 1
516.028991699 0 1
516.911987305 1 1
517.523010254 1 0
518.213012695 0 0
519.081970215 -1 0
519.781005859 -1 -1
520.517028809 -2 -1
521.205993652 -2 0
522.034973145 -2 1
522.92401123 -1 1
523.776000977 0 1
524.478027344 1 1
525.255004883 1 0
526.030029297 0 0
526.630981445 -1 0
527.492004395 0 0
528.111999512 0 -1
528.961975098 -1 -1
529.831970215 -1 0
530.677978516 -1 -1
531.340026855 -1 0
532.114990234 -1 -1
532.718994141 -1 0
533.395019531 -1 -1
534.114990234 -1 -2
534.973999023 -1 -1
535.835998535 -1 -2
536.53302002 -1 -1
537.304992676 -1 -2
538.081970215 -1 -1
538.846008301 -1 0
539.49798584 -1 -1
540.125 -1 0
540.818969727 -1 -1
541.57800293 -1 0
542.331970215 -1 -1
543.018005371 -1 0
543.901000977 -1 -1
544.643981934 -1 0
545.375976562 -1 -1
546.083007812 -1 0
546.797973633 -1 -1
547.450012207 -1 0
548.080993652 -1 -1
548.896972656 -1 0
549.661010742 -1 -1
550.385986328 -1 0
551.106018066 -1 -1
551.799987793 -1 0
552.671020508 -1 -1
553.500976562 -2 -1
554.318969727 -2 0
555.195007324 -1 0
555.851013184 0 0
556.650024414 0 -1
557.333984375 -1 -1
557.984985352 -2 -1
558.674987793 -2 0
559.312988281 -1 0
560.20300293 -2 0
561.099975586 -2 1
561.940002441 -1 1
562.833984375 0 1
563.526000977 1 1
564.421020508 1 0
565.177001953 1 -1
565.965026855 0 -1
566.599975586 -1 -1
567.432983398 -2 -1
568.051025391 -2 0
568.78302002 -2 1
569.62701416 -1 1
570.318969727 0 1
571.192016602 1 1
571.862976074 1 0
572.611022949 2 0
573.492004395 2 -1
574.351989746 2 0
575.148010254 3 0
575.971984863 4 0
576.726013184 4 1
577.421020508 4 2
578.289978027 5 2
578.981018066 5 2
579.801025391 5 2
580.596984863 4 2
581.226989746 5 2
581.896972656 4 2
582.708984375 5 2
583.560974121 5 2
584.301025391 5 2
585.017028809 5 3
585.658996582 5 3
586.429016113 5 3
587.138000488 4 3
587.784973145 5 3
588.526977539 4 3
589.148010254 3 3
590.002990723 2 3
590.734008789 1 3
591.356018066 0 3
592.239990234 -1 3
592.994995117 0 3
593.87097168 1 3
594.731018066 0 3
595.53302002 0 4
596.416992188 0 5
597.135009766 -1 5
597.984985352 -2 5
598.776977539 -1 5
599.669006348 -2 5
600.505981445 -3 5
601.226013184 -4 5
602.03302002 -3 5
602.806030273 -3 4
603.45501709 -2 4
604.09197998 -2 3
604.723022461 -1 3
605.471008301 0 3
606.231018066 -1 3
607.122009277 0 3
608.0 0 2
608.763000488 0 1
609.635009766 0 0
610.288024902 0 -1
610.981018066 1 -1
611.646972656 1 0
612.322998047 1 1
613.192993164 1 0
613.874023438 1 1
614.599975586 1 0
615.338012695 2 0
616.190979004 2 1
617.072021484 1 1
617.939025879 1 0
618.71697998 2 0
619.497009277 1 0
620.349975586 2 0
621.187988281 1 0
621.999023438 2 0
622.822021484 1 0
623.515014648 2 0
624.304016113 1 0
625.135009766 2 0
625.895996094 1 0
626.575012207 2 0
627.181030273 1 0
628.049987793 1 -1
628.885986328 2 -1
629.520019531 2 0
630.408996582 2 -1
631.031982422 2 0
631.768005371 2 -1
632.525024414 2 0
633.336975098 2 -1
634.03302002 2 0
634.82800293 2 1
635.685974121 1 1
636.562011719 1 0
637.392028809 2 0
638.008972168 2 1
638.666015625 1 1
639.416992188 0 1
640.242980957 0 0
640.859008789 0 -1
641.622009277 1 -1
642.354003906 1 0
643.124023438 2 0
643.919006348 2 1
644.789001465 1 1
645.666015625 0 1
646.439025879 0 0
647.306030273 0 -1
647.935974121 0 -2
648.651000977 0 -1
649.299987793 0 -2
650.013000488 0 -1
650.755004883 0 -2
651.427978516 0 -1
652.202026367 0 -2
652.984008789 0 -1
653.726013184 0 -2
654.585998535 0 -1
655.302978516 0 -2
655.92401123 0 -1
656.528015137 0 -2
657.348999023 0 -1
658.17401123 0 -2
658.869018555 1 -2
659.617004395 1 -1
660.452026367 2 -1
661.054016113 2 0
661.92199707 1 0
662.771972656 2 0
663.599975586 1 0
664.382019043 2 0
665.153015137 1 0
665.99798584 2 0
666.794006348 1 0
667.479980469 2 0
668.151977539 1 0
668.797973633 2 0
669.541015625 1 0
670.403991699 2 0
671.24798584 1 0
672.04901123 2 0
672.711975098 1 0
673.552001953 2 0
674.328979492 1 0
675.161010742 2 0
675.82800293 2 1
676.598022461 1 1
677.466003418 0 1
678.109985352 0 0
678.820983887 0 -1
679.448974609 0 -2
680.135009766 1 -2
680.828979492 1 -1
681.661987305 1 0
682.479003906 1 1
683.125976562 0 1
683.797973633 0 0
684.53302002 0 -1
685.182983398 0 -2
685.916015625 0 -1
686.70501709 0 -2
687.33001709 0 -1
688.059020996 0 -2
688.661987305 0 -1
689.54498291 0 -2
690.388000488 0 -1
691.276000977 0 -2
692.002990723 0 -1
692.75 0 -2
693.400024414 0 -1
694.263977051 0 -2
694.869018555 0 -1
695.484985352 0 -2
696.179016113 0 -1
696.849975586 0 -2
697.638000488 0 -1
698.45501709 0 -2
699.142028809 0 -1
699.893005371 0 -2
700.747009277 1 -2
701.5 1 -1
702.16998291 1 0
702.940002441 2 0
703.689025879 2 1
704.37701416 1 1
705.146972656 0 1
705.903015137 -1 1
706.70501709 0 1
707.432006836 -1 1
708.179016113 0 1
708.875976562 -1 1
709.481994629 0 1
710.109985352 -1 1
710.903991699 0 1
711.633972168 -1 1
712.484008789 0 1
713.117980957 -1 1
713.84197998 0 1
714.70501709 -1 1
715.331970215 0 1
716.054016113 -1 1
716.689025879 0 1
717.369995117 -1 1
718.234008789 0 1
719.077026367 -1 1
719.78302002 -2 1
720.497009277 -1 1
721.255004883 -2 1
721.942993164 -1 1
722.773010254 -2 1
723.557983398 -1 1
724.241027832 0 1
725.09197998 -1 1
725.952026367 0 1
726.820007324 -1 1
727.616027832 0 1
728.330993652 -1 1
729.195983887 0 1
730.025024414 -1 1
730.750976562 0 1
731.484985352 -1 1
732.168029785 0 1
732.973999023 -1 1
733.773986816 0 1
734.614013672 -1 1
735.260986328 -1 2
736.008972168 0 2
736.820007324 -1 2
737.604980469 0 2
738.463012695 1 2
739.349975586 0 2
740.017028809 0 3
740.692993164 1 3
741.572998047 0 3
742.270019531 0 2
743.117980957 0 3
743.851989746 0 2
744.732971191 0 1
745.440002441 -1 1
746.041015625 -1 2
746.780029297 -1 1
747.643981934 -1 2
748.315979004 -1 1
749.093017578 -1 0
749.700012207 -1 -1
750.489990234 0 -1
751.101013184 0 -2
751.74597168 1 -2
752.489990234 1 -1
753.166015625 1 0
753.846008301 1 1
754.684020996 0 1
755.536987305 0 0
756.164001465 0 -1
756.789001465 0 -2
757.640991211 0 -1
758.414978027 0 -2
759.130004883 0 -1
759.833007812 0 -2
760.453979492 0 -1
761.114990234 0 -2
761.825012207 0 -1
762.596008301 0 -2
763.318969727 0 -1
764.145019531 0 -2
764.760986328 0 -1
765.479980469 0 -2
766.301025391 -1 -2
766.931030273 -1 -1
767.638977051 0 -1
768.432983398 1 -1
769.257019043 1 0
769.864013672 2 0
770.729980469 1 0
771.507019043 2 0
772.107971191 1 0
772.880981445 2 0
773.601989746 1 0
774.289001465 1 -1
775.172973633 1 -2
775.797973633 1 -1
776.672973633 1 0
777.304016113 1 -1
777.92401123 1 0
778.695983887 1 -1
779.442016602 1 0
780.258972168 1 -1
780.96697998 1 0
781.856018066 1 -1
782.734008789 1 0
783.617004395 1 -1
784.226013184 1 0
785.033996582 2 0
785.682006836 1 0
786.460998535 2 0
787.234985352 1 0
788.065979004 0 0
788.762023926 -1 0
789.552001953 -1 -1
790.331970215 0 -1
791.062988281 0 -2
791.840026855 1 -2
792.570007324 1 -1
793.171020508 1 0
793.971984863 0 0
794.718017578 1 0
795.557983398 0 0
796.161987305 0 -1
797.013977051 1 -1
797.718994141 1 0
798.601013184 1 -1
799.486999512 1 0
800.289001465 1 -1
800.895996094 1 0
801.789001465 1 -1
802.591003418 1 0
803.357971191 1 -1
804.229980469 1 0
804.882995605 1 -1
805.661987305 1 0
806.528991699 1 -1
807.202026367 1 -2
807.849975586 1 -1
808.57598877 1 -2
809.422973633 1 -1
810.286987305 1 0
811.103027344 2 0
811.713012695 1 0
812.408996582 2 0
813.25201416 1 0
814.130981445 2 0
814.859008789 2 -1
815.708984375 2 0
816.465026855 1 0
817.137023926 2 0
817.848999023 1 0
818.54498291 2 0
819.280029297 2 1
819.934997559 1 1
820.575012207 0 1
821.317993164 0 0
821.92199707 0 -1
822.585998535 1 -1
823.385009766 1 0
824.09197998 2 0
824.721984863 2 1
825.557006836 1 1
826.380981445 0 1
827.125976562 0 0
827.893981934 0 -1
828.687988281 1 -1
829.559997559 1 0
830.354980469 2 0
831.226013184 1 0
832.020996094 2 0
832.672973633 1 0
833.382995605 2 0
834.065979004 1 0
834.669006348 2 0
835.469970703 1 0
836.315979004 0 0
837.192993164 1 0
837.840026855 0 0
838.565002441 -1 0
839.403991699 -1 -1
840.135009766 0 -1
840.978027344 -1 -1
841.849975586 0 -1
842.656982422 -1 -1
843.416992188 0 -1
844.25402832 -1 -1
845.111999512 0 -1
845.773986816 -1 -1
846.549987793 0 -1
847.289978027 -1 -1
847.895996094 0 -1
848.721984863 -1 -1
849.549987793 -2 -1
850.293029785 -2 0
851.164978027 -2 1
852.015991211 -2 2
852.768981934 -1 2
853.5 -1 1
854.203979492 -1 0
854.83001709 -1 -1
855.46697998 -2 -1
856.077026367 -2 0
856.947998047 -2 1
857.692993164 -1 1
858.331970215 -1 0
859.145019531 -1 -1
859.900024414 -2 -1
860.687988281 -2 0
861.505004883 -1 0
862.289001465 -1 -1
862.999023438 0 -1
863.784973145 -1 -1
864.619018555 0 -1
865.280029297 1 -1
865.997009277 1 0
866.630981445 2 0
867.414001465 1 0
868.059020996 2 0
868.927978516 1 0
869.760986328 1 -1
870.502990723 1 0
871.286010742 1 -1
872.054016113 1 0
872.693969727 1 -1
873.489990234 1 0
874.132019043 1 -1
874.818969727 1 0
875.482971191 1 -1
876.099975586 1 0
876.914978027 1 -1
877.692993164 1 0
878.307983398 1 -1
879.067016602 1 0
879.75 1 -1
880.58001709 1 0
881.275024414 1 -1
882.000976562 1 0
882.697021484 1 -1
883.435974121 1 0
884.268005371 1 -1
885.020019531 1 -2
885.846984863 1 -1
886.546020508 1 0
887.242980957 1 -1
887.877990723 1 0
888.538024902 1 -1
889.419006348 1 0
890.208007812 1 -1
890.827026367 1 0
891.526977539 1 -1
892.314025879 1 0
892.974975586 1 -1
893.603027344 1 0
894.442016602 1 -1
895.280029297 0 -1
896.12097168 -1 -1
896.92401123 0 -1
897.62701416 -1 -1
898.479003906 0 -1
899.33001709 -1 -1
900.034973145 0 -1
900.789978027 1 -1
901.434020996 0 -1
902.062011719 1 -1
902.718994141 0 -1
903.424987793 1 -1
904.190979004 2 -1
905.051025391 1 -1
905.880981445 0 -1
906.744995117 1 -1
907.432006836 0 -1
908.330993652 1 -1
909.12097168 0 -1
909.768981934 1 -1
910.528015137 0 -1
911.367980957 1 -1
912.085998535 0 -1
912.95501709 1 -1
913.79498291 0 -1
914.484985352 1 -1
915.221984863 0 -1
915.882019043 1 -1
916.731018066 0 -1
917.403015137 1 -1
918.28302002 1 -2
918.989013672 1 -1
919.835021973 1 -2
920.65802002 1 -1
921.390014648 1 0
922.203979492 1 -1
923.059020996 1 0
923.773010254 1 -1
924.447998047 1 0
925.340026855 1 -1
926.16998291 1 0
926.898986816 1 -1
927.758972168 1 0
928.406982422 2 0
929.020996094 1 0
929.648986816 2 0
930.278991699 1 0
931.04498291 2 0
931.913024902 1 0
932.810974121 2 0
933.601013184 1 0
934.41998291 0 0
935.174987793 -1 0
935.851013184 -1 -1
936.573974609 -1 0
937.348999023 -1 -1
938.077026367 -1 0
938.911987305 -1 -1
939.62902832 -1 0
940.517028809 -1 -1
941.322021484 -1 0
941.960998535 -1 -1
942.814025879 -1 0
943.706970215 -1 -1
944.374023438 -1 0
945.125 -1 -1
946.013977051 -1 0
946.854003906 -1 -1
947.67401123 -1 0
948.570007324 -1 -1
949.302001953 -1 0
950.148986816 -1 -1
950.802978516 -1 0
951.440002441 -1 -1
952.205993652 -1 0
953.00201416 -1 -1
953.781982422 -1 0
954.458007812 -1 -1
955.231994629 -1 0
955.958007812 -1 -1
956.804992676 -1 0
957.689025879 -1 -1
958.442016602 -1 0
959.093017578 -1 -1
959.867004395 -1 0
960.721984863 -1 -1
961.494995117 -1 0
962.359985352 -1 -1
963.197021484 -1 0
963.844970703 -1 -1
964.650024414 -2 -1
965.526000977 -2 0
966.409973145 -1 0
967.179992676 -1 -1
967.958984375 0 -1
968.603027344 -1 -1
969.260009766 0 -1
969.958007812 -1 -1
970.75 0 -1
971.395019531 -1 -1
972.018005371 0 -1
972.794006348 -1 -1
973.632995605 0 -1
974.280029297 -1 -1
975.179992676 0 -1
975.943969727 -1 -1
976.614990234 0 -1
977.289978027 -1 -1
977.892028809 0 -1
978.653991699 -1 -1
979.491027832 0 -1
980.255004883 -1 -1
980.856994629 0 -1
981.536010742 -1 -1
982.239990234 0 -1
983.049987793 -1 -1
983.776977539 0 -1
984.572998047 -1 -1
985.437988281 0 -1
986.070007324 -1 -1
986.956970215 0 -1
987.562011719 -1 -1
988.387023926 -2 -1
989.145996094 -2 0
989.885009766 -1 0
990.765991211 -1 -1
991.570983887 -1 0
992.42199707 -1 -1
993.293029785 -1 0
994.057983398 -1 -1
994.791015625 -1 0
995.583984375 -1 -1
996.458984375 -1 0
997.184020996 -1 -1
998.081970215 -1 0
998.804992676 -1 -1
999.687011719 -1 0
1000.3079834 -1 -1
1001.18103027 -1 0
1001.93200684 -1 -1
1002.71002197 -1 0
1003.58099365 -1 -1
1004.22497559 -1 0
1004.90997314 -1 -1
1005.74298096 -1 0
1006.52600098 -1 -1
1007.1630249 -1 0
1007.77001953 -1 -1
1008.38500977 -1 0
1009.2210083 -1 -1
1009.86999512 -1 0
1010.73101807 -1 -1
1011.59698486 -1 0
1012.42401123 -1 -1
1013.0960083 -1 0
1013.89398193 -1 -1
1014.75799561 -2 -1
1015.59698486 -2 0
1016.3079834 -1 0
1017.0369873 -1 -1
1017.6829834 -2 -1
1018.35198975 -1 -1
1019.0670166 0 -1
1019.69799805 1 -1
1020.37902832 1 0
1021.22900391 0 0
1021.9420166 0 1
1022.72399902 -1 1
1023.39501953 0 1
1024.00402832 -1 1
1024.86499023 0 1
1025.76098633 -1 1
1026.52905273 0 1
1027.18603516 -1 1
1027.96105957 0 1
1028.81396484 -1 1
1029.44799805 0 1
1030.0970459 -1 1
1030.93994141 0 1
1031.69995117 -1 1
1032.58203125 0 1
1033.43505859 -1 1
1034.20202637 0 1
1035.09899902 -1 1
1035.85705566 0 1
1036.51403809 -1 1
1037.40197754 0 1
1038.04003906 -1 1
1038.82104492 0 1
1039.60498047 -1 1
1040.50305176 0 1
1041.375 -1 1
1042.04699707 0 1
1042.66003418 -1 1
1043.3260498 0 1
1043.96203613 -1 1
1044.84399414 0 1
1045.54797363 -1 1
1046.17199707 -1 2
1047.03503418 0 2
1047.74304199 -1 2
1048.61694336 0 2
1049.27905273 -1 2
1050.01196289 0 2
1050.79003906 -1 2
1051.53295898 0 2
1052.27697754 1 2
1052.90405273 0 2
1053.55102539 1 2
1054.19104004 0 2
1054.99902344 1 2
1055.83605957 0 2
1056.57702637 0 3
1057.34899902 0 2
1058.0300293 0 3
1058.80505371 0 2
1059.43603516 0 1
1060.14001465 0 0
1061.03601074 0 -1
1061.77502441 1 -1
1062.39001465 1 0
1063.20800781 1 1
1063.9630127 1 0
1064.64904785 1 1
1065.27294922 1 0
1065.99804688 1 1
1066.72497559 1 0
1067.37097168 1 1
1068.13000488 1 0
1069.00402832 1 1
1069.71704102 1 0
1070.36804199 1 1
1071.25195312 1 0
1072.09594727 1 1
1072.87304688 2 1
1073.53796387 1 1
1074.34594727 2 1
1075.15100098 1 1
1076.00195312 0 1
1076.7869873 0 0
1077.67297363 0 -1
1078.42602539 1 -1
1079.3170166 1 0
1079.98803711 1 1
1080.75402832 0 1
1081.58996582 0 0
1082.35498047 0 -1
1083.08996582 1 -1
1083.90197754 1 0
1084.67004395 1 1
1085.29504395 0 1
1086.18505859 -1 1
1086.81396484 -1 2
1087.5949707 0 2
1088.29504395 -1 2
1088.98706055 0 2
1089.76794434 -1 2
1090.64099121 0 2
1091.34899902 -1 2
1092.20800781 0 2
1093.0300293 1 2
1093.77905273 0 2
1094.46899414 1 2
1095.15600586 0 2
1096.05297852 0 1
1096.6920166 0 2
1097.37805176 0 1
1098.23706055 0 2
1098.92602539 0 1
1099.65698242 0 2
1100.46704102 0 1
1101.07800293 -1 1
1101.81994629 -1 2
1102.44604492 -1 1
1103.21398926 -1 0
1103.85998535 -1 -1
1104.62805176 0 -1
1105.38696289 1 -1
1106.26794434 1 0
1107.07397461 1 1
1107.70397949 0 1
1108.54003906 -1 1
1109.24304199 -1 0
1110.12902832 -1 -1
1110.97399902 0 -1
1111.66394043 1 -1
1112.35803223 1 0
1113.06396484 1 1
1113.77697754 0 1
1114.63903809 0 0
1115.47497559 -1 0
1116.28601074 -1 -1
1117.15905762 0 -1
1118.00805664 1 -1
1118.76196289 1 0
1119.39404297 1 1
1120.08203125 0 1
1120.83898926 -1 1
1121.56896973 -1 0
1122.19995117 -1 -1
1122.98400879 0 -1
1123.63195801 0 -2
1124.48498535 0 -1
1125.25402832 1 -1
1126.10900879 1 0
1126.92700195 1 1
1127.59094238 0 1
1128.45495605 -1 1
1129.19995117 -1 0
1129.9510498 -1 -1
1130.77404785 0 -1
1131.54699707 1 -1
1132.38500977 1 0
1133.03894043 1 1
1133.6619873 0 1
1134.35498047 -1 1
1135.09094238 0 1
1135.75305176 -1 1
1136.38598633 0 1
1137.18395996 -1 1
1137.93005371 0 1
1138.62194824 -1 1
1139.37805176 0 1
1140.20996094 -1 1
1141.04602051 0 1
1141.79504395 -1 1
1142.52001953 0 1
1143.14404297 -1 1
1143.78796387 0 1
1144.42004395 -1 1
1145.18701172 0 1
1146.06494141 -1 1
1146.72998047 0 1
1147.46496582 -1 1
1148.27001953 0 1
1149.10900879 -1 1
1149.97802734 -1 2
1150.83898926 -1 1
1151.68603516 -1 2
1152.37194824 -1 1
1153.0760498 -1 0
1153.89599609 -1 -1
1154.73498535 -1 -2
1155.54199219 -1 -1
1156.24597168 -1 -2
1157.125 -1 -1
1158.01293945 -1 0
1158.68798828 -1 -1
1159.47802734 -1 0
1160.08496094 -1 -1
1160.89794922 -1 0
1161.71496582 -1 -1
1162.51293945 -1 0
1163.11901855 -1 -1
1163.84802246 -1 0
1164.71398926 -1 -1
1165.48803711 -1 0
1166.14697266 -1 -1
1166.90100098 -2 -1
1167.7989502 -2 0
1168.48400879 -1 0
1169.35400391 -2 0
1170.05505371 -1 0
1170.66394043 -2 0
1171.53894043 -1 0
1172.34094238 -2 0
1173.08398438 -1 0
1173.92602539 -1 -1
1174.78295898 0 -1
1175.46899414 1 -1
1176.07495117 1 0
1176.81896973 1 1
1177.67797852 0 1
1178.42297363 -1 1
1179.15405273 -1 0
1179.83496094 -1 -1
1180.72302246 0 -1
1181.41796875 1 -1
1182.15100098 1 0
1182.85900879 1 1
1183.71594238 0 1
1184.61206055 0 0
1185.28100586 0 -1
1185.88305664 1 -1
1186.67895508 1 0
1187.28295898 1 1
1188.06896973 0 1
1188.9510498 1 1
1189.62402344 0 1
1190.31396484 1 1
1190.92297363 0 1
1191.80895996 1 1
1192.42797852 0 1
1193.18701172 1 1
1193.97802734 0 1
1194.71594238 1 1
1195.56396484 0 1
1196.40795898 1 1
1197.22399902 0 1
1197.95202637 1 1
1198.67602539 0 1
1199.30895996 1 1
1199.91003418 0 1
1200.74401855 1 1
1201.44995117 0 1
1202.17895508 1 1
1202.99902344 0 1
1203.85400391 1 1
1204.53503418 0 1
1205.14904785 1 1
1205.85998535 0 1
1206.72094727 1 1
1207.38305664 1 2
1208.09399414 1 1
1208.98803711 1 2
1209.84301758 1 1
1210.70898438 1 2
1211.34301758 1 1
1212.2130127 1 0
1212.95605469 1 1
1213.85400391 1 0
1214.64697266 1 -1
1215.47802734 1 0
1216.26904297 1 -1
1217.14501953 1 -2
1217.80102539 1 -1
1218.63305664 1 -2
1219.38598633 1 -1
1220.20898438 1 0
1220.98706055 1 -1
1221.84301758 1 0
1222.68798828 2 0
1223.56799316 1 0
1224.19396973 2 0
1224.97998047 1 0
1225.85803223 2 0
1226.72497559 1 0
1227.34802246 2 0
1228.24804688 1 0
1228.88598633 0 0
1229.61499023 -1 0
1230.46594238 -1 -1
1231.33605957 0 -1
1231.98901367 1 -1
1232.68701172 0 -1
1233.34204102 1 -1
1234.16796875 0 -1
1234.97497559 1 -1
1235.66796875 0 -1
1236.52600098 1 -1
1237.27404785 0 -1
1238.03796387 1 -1
1238.6739502 0 -1
1239.44494629 1 -1
1240.11401367 0 -1
1240.9510498 1 -1
1241.5670166 0 -1
1242.40905762 1 -1
1243.01794434 1 0
1243.88305664 1 1
1244.69799805 0 1
1245.54699707 0 0
1246.19702148 0 -1
1246.88098145 1 -1
1247.77697754 1 0
1248.4029541 1 1
1249.21398926 0 1
1249.97705078 0 0
1250.79602051 0 -1
1251.52600098 1 -1
1252.28198242 1 0
1252.90600586 1 1
1253.63098145 0 1
1254.29797363 0 0
1255.0880127 0 -1
1255.87902832 0 -2
1256.6739502 0 -1
1257.32995605 1 -1
1258.04504395 1 0
1258.78198242 1 1
1259.54394531 0 1
1260.3380127 0 0
1261.23303223 0 -1
1262.06994629 1 -1
1262.6739502 1 0
1263.34094238 1 1
1264.23400879 0 1
1265.12695312 0 0
1265.83605957 1 0
1266.59997559 1 1
1267.32702637 0 1
1267.95300293 1 1
1268.82995605 0 1
1269.43701172 1 1
1270.33300781 0 1
1271.02502441 1 1
1271.65002441 0 1
1272.51196289 1 1
1273.3079834 0 1
1274.16894531 1 1
1275.05895996 0 1
1275.93505859 1 1
1276.69702148 0 1
1277.40197754 0 2
1278.18505859 1 2
1278.97900391 0 2
1279.58605957 0 3
1280.35900879 0 2
1281.21801758 0 1
1281.84802246 0 2
1282.61206055 0 1
1283.29797363 -1 1
1283.97094727 -1 2
1284.60498047 -1 1
1285.36694336 -1 0
1286.19897461 -2 0
1286.93103027 -1 0
1287.56103516 -2 0
1288.23498535 -1 0
1289.00402832 -2 0
1289.80297852 -1 0
1290.54199219 0 0
1291.3659668 0 -1
1291.99304199 1 -1
1292.81799316 1 0
1293.48901367 1 1
1294.11901855 0 1
1294.9909668 -1 1
1295.80102539 0 1
1296.43603516 -1 1
1297.11499023 0 1
1297.92797852 -1 1
1298.65905762 0 1
1299.42297363 -1 1
1300.17297363 0 1
1301.02905273 -1 1
1301.80895996 0 1
1302.64001465 -1 1
1303.24194336 0 1
1304.01794434 -1 1
1304.81103516 0 1
1305.44104004 -1 1
1306.28601074 0 1
1307.01794434 -1 1
1307.8470459 -1 0
1308.67797852 -1 -1
1309.38696289 0 -1
1310.16503906 0 -2
1310.79394531 0 -1
1311.64196777 0 -2
1312.48498535 0 -1
1313.38000488 0 -2
1314.00805664 0 -1
1314.75097656 0 -2
1315.59594727 0 -1
1316.26599121 0 -2
1316.91101074 0 -1
1317.5670166 0 -2
1318.2989502 0 -1
1318.9420166 0 -2
1319.69604492 0 -1
1320.48999023 0 -2
1321.33496094 0 -1
1322.13098145 0 0
1322.99499512 0 -1
1323.6920166 0 0
1324.45300293 0 -1
1325.25097656 0 0
1325.93005371 0 -1
1326.5489502 0 0
1327.42297363 0 -1
1328.03503418 0 -2
1328.81896973 0 -1
1329.57995605 -1 -1
1330.46704102 -1 0
1331.21594238 -1 -1
1332.11401367 -1 0
1332.98303223 -1 -1
1333.70300293 -1 0
1334.51403809 -1 -1
1335.22900391 -1 0
1335.89501953 -1 -1
1336.52600098 -1 0
1337.19396973 -1 -1
1338.04504395 -1 0
1338.81201172 -1 -1
1339.41296387 0 -1
1340.12402344 1 -1
1340.79296875 1 0
1341.5760498 1 1
1342.47399902 0 1
1343.36303711 -1 1
1344.2409668 -1 0
1345.13305664 -1 -1
1345.85595703 0 -1
1346.61804199 1 -1
1347.32800293 0 -1
1348.21105957 1 -1
1348.87597656 0 -1
1349.51098633 1 -1
1350.13305664 0 -1
1350.91894531 1 -1
1351.69897461 0 -1
1352.56103516 1 -1
1353.33605957 0 -1
1354.2130127 -1 -1
1354.95605469 0 -1
1355.79003906 -1 -1
1356.54699707 0 -1
1357.35095215 -1 -1
1358.0369873 0 -1
1358.64001465 -1 -1
1359.37304688 0 -1
1360.14501953 -1 -1
1360.91601562 0 -1
1361.69104004 -1 -1
1362.30505371 0 -1
1362.96203613 -1 -1
1363.86206055 0 -1
1364.54699707 -1 -1
1365.18200684 0 -1
1366.03894043 -1 -1
1366.93701172 0 -1
1367.61096191 -1 -1
1368.45202637 0 -1
1369.06896973 -1 -1
1369.82995605 0 -1
1370.48596191 -1 -1
1371.36804199 0 -1
1372.1739502 -1 -1
1372.93103027 0 -1
1373.59301758 -1 -1
1374.39294434 0 -1
1375.06494141 -1 -1
1375.92004395 -1 0
1376.70703125 -1 -1
1377.31103516 -1 0
1377.96203613 -2 0
1378.69299316 -1 0
1379.30895996 -2 0
1380.20800781 -1 0
1380.98596191 -2 0
1381.76000977 -1 0
1382.42700195 0 0
1383.16101074 0 -1
1383.81994629 -1 -1
1384.50695801 0 -1
1385.30004883 0 -2
1385.91503906 0 -1
1386.5369873 0 -2
1387.38903809 0 -1
1388.08398438 0 -2
1388.69494629 0 -1
1389.52197266 0 -2
1390.22497559 0 -1
1390.85998535 0 -2
1391.60498047 0 -1
1392.29394531 0 -2
1393.17102051 0 -1
1393.87097168 0 -2
1394.63098145 0 -1
1395.41101074 0 -2
1396.04003906 0 -1
1396.69604492 1 -1
1397.49597168 0 -1
1398.31994629 1 -1
1398.92504883 0 -1
1399.72998047 1 -1
1400.55395508 2 -1
1401.17297363 1 -1
1401.9239502 2 -1
1402.65698242 1 -1
1403.48803711 0 -1
1404.10095215 -1 -1
1404.76196289 -1 0
1405.48999023 0 0
1406.13098145 0 -1
1406.79797363 -1 -1
1407.64904785 -1 0
1408.41296387 0 0
1409.25 0 -1
1409.86499023 -1 -1
1410.52001953 -1 0
1411.2130127 -1 -1
1412.01904297 -1 0
1412.83898926 -1 -1
1413.52600098 -1 0
1414.27697754 -1 -1
1414.88903809 -1 0
1415.73498535 -1 -1
1416.51696777 -1 0
1417.38098145 -1 -1
1418.02294922 -1 0
1418.89501953 -1 -1
1419.71203613 -1 0
1420.44702148 -2 0
1421.27197266 -1 0
1422.04296875 -2 0
1422.92297363 -1 0
1423.77905273 -1 -1
1424.67004395 -1 0
1425.56604004 -1 -1
1426.23706055 -1 0
1427.02697754 -1 -1
1427.85400391 -1 0
1428.52905273 -1 -1
1429.17199707 -1 0
1430.05505371 -1 -1
1430.83605957 -1 0
1431.63000488 -2 0
1432.35095215 -1 0
1433.09301758 -2 0
1433.84301758 -1 0
1434.54504395 0 0
1435.38696289 0 -1
1436.20300293 -1 -1
1437.04394531 -1 0
1437.68701172 0 0
1438.39196777 0 -1
1439.27600098 -1 -1
1440.10998535 -1 0
1441.00402832 0 0
1441.68701172 0 -1
1442.38598633 -1 -1
1443.0489502 -1 0
1443.85498047 -1 -1
1444.47998047 -1 0
1445.27697754 -1 -1
1446.16503906 -1 0
1446.93505859 -1 -1
1447.54504395 -1 0
1448.18005371 -1 -1
1448.91296387 -1 0
1449.78894043 -1 -1
1450.58605957 -1 0
1451.27294922 -1 -1
1452.0489502 -1 0
1452.76501465 -1 -1
1453.49499512 -1 0
1454.21594238 -1 -1
1454.91503906 -1 0
1455.69494629 -1 -1
1456.33703613 -1 0
1457.05700684 -1 -1
1457.85803223 -1 0
1458.74499512 -1 -1
1459.46704102 -1 0
1460.08105469 -2 0
1460.69396973 -1 0
1461.56005859 -2 0
1462.3079834 -1 0
1463.10900879 -2 0
1464.00805664 -1 0
1464.64404297 -1 -1
1465.5 -1 0
1466.26000977 0 0
1466.95605469 0 -1
1467.79101562 -1 -1
1468.60705566 -1 0
1469.23706055 0 0
1469.91796875 0 -1
1470.54699707 -1 -1
1471.37695312 0 -1
1472.17297363 -1 -1
1473.06799316 0 -1
1473.86499023 -1 -1
1474.47497559 0 -1
1475.30200195 -1 -1
1476.19604492 0 -1
1477.08898926 -1 -1
1477.79003906 0 -1
1478.42004395 -1 -1
1479.15905762 0 -1
1480.03796387 -1 -1
1480.88000488 0 -1
1481.50598145 -1 -1
1482.17504883 -1 0
1482.9050293 -1 -1
1483.68395996 -1 0
1484.42895508 -1 -1
1485.04699707 -1 0
1485.72900391 -1 -1
1486.49597168 -1 0
1487.35595703 -1 -1
1488.25097656 -1 0
1489.0300293 -1 -1
1489.72595215 -1 0
1490.51293945 -1 -1
1491.13793945 -1 0
1492.03100586 -1 -1
1492.7220459 -1 0
1493.41796875 -1 -1
1494.14404297 -1 0
1494.8470459 -1 -1
1495.51794434 -1 0
1496.15698242 -1 -1
1496.8079834 -1 0
1497.49804688 -1 -1
1498.38305664 -1 0
1499.2779541 -1 -1
1499.98498535 -1 0
1500.73901367 -1 -1
1501.58605957 -1 0
1502.35705566 -1 -1
1503.0670166 -1 0
1503.95703125 -1 -1
1504.73706055 -1 0
1505.43798828 -1 -1
1506.33105469 0 -1
1507.15905762 -1 -1
1507.81604004 0 -1
1508.65600586 -1 -1
1509.51293945 0 -1
1510.15100098 -1 -1
1511.03405762 0 -1
1511.71899414 -1 -1
1512.40197754 0 -1
1513.0090332 -1 -1
1513.84802246 0 -1
1514.52502441 -1 -1
1515.2199707 0 -1
1515.94299316 0 -2
1516.57397461 0 -1
1517.4720459 0 -2
1518.35998535 0 -1
1519.23095703 0 -2
1519.85803223 0 -1
1520.52600098 0 -2
1521.22595215 0 -1
1522.11804199 0 -2
1522.89697266 0 -1
1523.70898438 0 -2
1524.53405762 0 -1
1525.24499512 0 -2
1525.92504883 0 -1
1526.65795898 0 -2
1527.38000488 0 -1
1528.1529541 -1 -1
1528.84094238 -1 0
1529.58300781 0 0
1530.27294922 0 -1
1531.04797363 -1 -1
1531.86303711 -1 0
1532.61999512 0 0
1533.33703613 -1 0
1533.97399902 0 0
1534.72998047 -1 0
1535.33300781 0 0
1535.98303223 -1 0
1536.82202148 -2 0
1537.6920166 -1 0
1538.30895996 -2 0
1539.03796387 -1 0
1539.71398926 -2 0
1540.53295898 -1 0
1541.14697266 -2 0
1541.92102051 -1 0
1542.69897461 -1 1
1543.50402832 -1 2
1544.22705078 -1 1
1545.05700684 -1 2
1545.9050293 -1 1
1546.60302734 -1 0
1547.4699707 -1 -1
1548.34094238 -1 0
1549.21398926 -1 -1
1549.93505859 -1 0
1550.69604492 -1 -1
1551.5880127 -1 0
1552.32495117 -1 -1
1553.10095215 -1 0
1553.73596191 -1 -1
1554.36206055 -1 0
1555.16101074 -1 -1
1555.81896973 -1 0
1556.51794434 -1 -1
1557.24304199 -1 0
1557.9720459 -1 -1
1558.81896973 -1 0
1559.58703613 -1 -1
1560.3260498 0 -1
1561.18505859 -1 -1
1561.875 0 -1
1562.58203125 -1 -1
1563.21704102 0 -1
1564.00097656 1 -1
1564.64099121 0 -1
1565.24902344 1 -1
1566.05297852 0 -1
1566.81396484 1 -1
1567.5489502 0 -1
1568.44104004 1 -1
1569.10595703 1 0
1569.7779541 1 1
1570.51293945 0 1
1571.23596191 0 0
1572.04003906 0 -1
1572.91101074 1 -1
1573.67504883 1 0
1574.32800293 1 1
1575.16101074 0 1
1575.96398926 0 0
1576.78405762 0 -1
1577.42797852 1 -1
1578.31201172 1 0
1579.08398438 1 1
1579.72705078 0 1
1580.53405762 0 0
1581.31201172 0 -1
1582.07104492 1 -1
1582.8079834 1 0
1583.45397949 1 1
1584.19702148 0 1
1585.01293945 0 0
1585.7800293 -1 0
1586.42102051 -1 -1
1587.09399414 0 -1
1587.90905762 1 -1
1588.75695801 1 0
1589.57299805 0 0
1590.22595215 0 1
1590.97302246 -1 1
1591.74401855 -1 0
1592.43395996 0 0
1593.20996094 0 -1
1593.90905762 1 -1
1594.59899902 1 0
1595.49597168 1 1
1596.29504395 0 1
1596.93798828 1 1
1597.54797363 0 1
1598.39001465 1 1
1599.10498047 0 1
1599.84594727 1 1
1600.56201172 0 1
1601.45495605 1 1
1602.24304199 0 1
1603.03503418 0 2
1603.89501953 0 1
1604.73095703 0 2
1605.57702637 0 1
1606.28198242 0 2
1607.12097168 0 1
1607.81201172 0 2
1608.49902344 0 1
1609.30200195 1 1
1609.96704102 0 1
1610.64599609 1 1
1611.25305176 0 1
1611.94995117 1 1
1612.66601562 0 1
1613.27697754 1 1
1614.05200195 0 1
1614.77404785 1 1
1615.62805176 0 1
1616.34899902 1 1
1617.22497559 0 1
1618.02600098 1 1
1618.78100586 0 1
1619.49304199 1 1
1620.11096191 0 1
1620.81396484 1 1
1621.69897461 0 1
1622.54797363 1 1
1623.14904785 0 1
1623.83496094 -1 1
1624.6550293 -1 2
1625.26794434 -1 1
1626.08703613 -1 2
1626.73400879 -1 1
1627.62402344 -1 0
1628.42004395 -2 0
1629.27197266 -1 0
1630.05297852 -2 0
1630.92297363 -1 0
1631.70495605 -1 -1
1632.38598633 0 -1
1633.10095215 1 -1
1633.74304199 1 0
1634.625 2 0
1635.34997559 1 0
1636.0670166 2 0
1636.72705078 1 0
1637.36206055 1 1
1638.0579834 0 1
1638.74194336 -1 1
1639.60302734 -1 0
1640.41101074 -1 -1
1641.19897461 0 -1
1641.88098145 1 -1
1642.66699219 1 0
1643.50097656 0 0
1644.34802246 0 -1
1645.03100586 1 -1
1645.65197754 1 0
1646.45605469 1 1
1647.21105957 0 1
1647.83398438 -1 1
1648.68798828 -1 0
1649.4510498 -1 -1
1650.24194336 0 -1
1651.08898926 1 -1
1651.7220459 1 0
1652.50097656 1 -1
1653.13000488 1 0
1653.85095215 1 -1
1654.65698242 1 0
1655.50195312 1 -1
1656.34094238 1 0
1657.1159668 1 -1
1657.73901367 1 0
1658.46801758 1 -1
1659.30895996 1 0
1659.91003418 1 -1
1660.63903809 1 0
1661.45605469 1 -1
1662.13793945 1 0
1662.79699707 1 -1
1663.51696777 1 0
1664.125 1 -1
1665.01098633 0 -1
1665.85595703 1 -1
1666.6920166 0 -1
1667.4630127 1 -1
1668.07202148 0 -1
1668.71801758 -1 -1
1669.34204102 0 -1
1669.99804688 -1 -1
1670.83105469 0 -1
1671.68395996 1 -1
1672.37304688 0 -1
1673.10498047 1 -1
1673.91503906 0 -1
1674.65197754 1 -1
1675.26904297 0 -1
1676.1159668 1 -1
1676.96203613 0 -1
1677.59997559 1 -1
1678.30895996 0 -1
1678.94995117 -1 -1
1679.63793945 0 -1
1680.27404785 -1 -1
1681.02404785 0 -1
1681.62805176 -1 -1
1682.49304199 0 -1
1683.25097656 -1 -1
1683.93395996 0 -1
1684.78601074 1 -1
1685.5760498 0 -1
1686.38000488 1 -1
1686.98303223 0 -1
1687.86901855 1 -1
1688.68103027 0 -1
1689.32299805 0 -2
1690.19995117 0 -1
1690.85595703 0 0
1691.60705566 0 -1
1692.2869873 0 0
1692.89294434 0 -1
1693.5369873 0 -2
1694.1739502 0 -1
1694.90405273 0 -2
1695.51403809 0 -1
1696.32897949 0 -2
1697.14099121 0 -1
1698.01904297 0 -2
1698.89794922 0 -1
1699.60998535 0 0
1700.3260498 0 -1
1701.07495117 0 0
1701.70703125 0 -1
1702.54699707 0 -2
1703.28796387 0 -1
1703.94995117 0 -2
1704.76098633 0 -1
1705.42797852 0 -2
1706.28100586 0 -1
1706.89404297 -1 -1
1707.63000488 -1 0
1708.39697266 -1 -1
1709.2800293 -1 0
1709.95800781 -1 -1
1710.85498047 0 -1
1711.53796387 -1 -1
1712.20605469 0 -1
1713.09399414 -1 -1
1713.98205566 0 -1
1714.68603516 -1 -1
1715.5 0 -1
1716.36694336 -1 -1
1716.96899414 0 -1
1717.62402344 1 -1
1718.28198242 0 -1
1719.05395508 1 -1
1719.79699707 0 -1
1720.6529541 1 -1
1721.41503906 0 -1
1722.12695312 1 -1
1722.94494629 0 -1
1723.61999512 1 -1
1724.49304199 0 -1
1725.3840332 1 -1
1726.2800293 0 -1
1727.13903809 1 -1
1727.98706055 0 -1
1728.87194824 1 -1
1729.50805664 0 -1
1730.19494629 1 -1
1731.02697754 0 -1
1731.63098145 1 -1
1732.51293945 0 -1
1733.17102051 1 -1
1733.90002441 0 -1
1734.58605957 1 -1
1735.33605957 0 -1
1736.17797852 -1 -1
1736.96203613 0 -1
1737.82104492 -1 -1
1738.54101562 0 -1
1739.2800293 -1 -1
1740.14501953 0 -1
1740.86096191 -1 -1
1741.51794434 0 -1
1742.36206055 -1 -1
1743.24499512 0 -1
1743.89794922 -1 -1
1744.76794434 0 -1
1745.54797363 -1 -1
1746.19396973 0 -1
1746.98596191 -1 -1
1747.61499023 -1 0
1748.46398926 -1 -1
1749.09204102 -1 0
1749.78796387 -1 -1
1750.43005371 -1 0
1751.11096191 -1 -1
1751.83496094 -1 0
1752.45996094 -1 -1
1753.33203125 -1 0
1754.18994141 -1 -1
1754.88500977 -1 0
1755.54003906 -1 -1
1756.42504883 -1 0
1757.22595215 -1 -1
1757.99304199 -1 0
1758.60302734 -2 0
1759.48400879 -1 0
1760.20495605 0 0
1760.86401367 -1 0
1761.61999512 0 0
1762.25598145 -1 0
1762.95898438 0 0
1763.67700195 -1 0
1764.46496582 0 0
1765.34899902 -1 0
1766.19396973 0 0
1767.07299805 -1 0
1767.93798828 -2 0
1768.54699707 -1 0
1769.43200684 -2 0
1770.25305176 -1 0
1771.15002441 -2 0
1771.85998535 -1 0
1772.61804199 -1 -1
1773.31494141 -1 0
1774.06494141 -1 -1
1774.72595215 -1 0
1775.375 -1 -1
1776.22497559 -1 0
1776.82800293 -1 -1
1777.6619873 -1 0
1778.55505371 -1 -1
1779.33105469 -1 0
1780.16296387 -1 -1
1780.82202148 -1 0
1781.45800781 -1 -1
1782.31298828 -1 0
1783.20800781 -1 -1
1783.99194336 -1 0
1784.66796875 -1 -1
1785.3470459 -1 0
1786.00695801 -1 -1
1786.73596191 -1 0
1787.36804199 -1 -1
1788.08300781 -1 0
1788.8659668 -1 -1
1789.57202148 -1 0
1790.41101074 -1 -1
1791.27001953 -1 0
1792.12304688 -1 -1
1793.0 -1 0
1793.72094727 -1 -1
1794.37304688 -1 0
1794.98596191 -1 -1
1795.82702637 -1 0
1796.63195801 -1 -1
1797.23999023 -1 0
1798.06604004 -1 -1
1798.96105957 -1 0
1799.69494629 -1 1
1800.44494629 -1 0
1801.05895996 -1 1
1801.69104004 -1 0
1802.37597656 -1 1
1803.07397461 -1 0
1803.94104004 -1 1
1804.64697266 0 1
1805.47998047 -1 1
1806.37304688 0 1
1807.10595703 -1 1
1807.89501953 0 1
1808.61206055 -1 1
1809.2199707 0 1
1809.95898438 -1 1
1810.67102051 0 1
1811.38696289 -1 1
1812.18505859 0 1
1812.89001465 -1 1
1813.75805664 0 1
1814.37194824 -1 1
1815.08496094 0 1
1815.91894531 -1 1
1816.54003906 -1 2
1817.27502441 -1 1
1818.09204102 0 1
1818.98706055 1 1
1819.62597656 1 0
1820.44104004 0 0
1821.11901855 0 -1
1822.01000977 0 0
1822.72595215 1 0
1823.50195312 1 -1
1824.14196777 1 0
1825.0279541 1 -1
1825.69494629 1 0
1826.4420166 1 1
1827.13903809 1 0
1827.79504395 1 1
1828.64294434 1 0
1829.26904297 1 1
1829.88000488 1 0
1830.58203125 1 1
1831.19299316 1 0
1831.93603516 1 1
1832.79199219 1 0
1833.44299316 1 1
1834.12194824 1 0
1834.94702148 1 1
1835.78894043 1 0
1836.39794922 1 1
1837.11901855 1 0
1837.90795898 1 1
1838.5300293 1 0
1839.20996094 1 1
1840.04199219 1 0
1840.7409668 1 1
1841.63500977 1 0
1842.23706055 1 1
1842.92895508 2 1
1843.69299316 1 1
1844.46496582 2 1
1845.15100098 1 1
1845.93103027 2 1
1846.73498535 1 1
1847.49401855 0 1
1848.29504395 -1 1
1848.90100098 0 1
1849.5279541 -1 1
1850.14697266 0 1
1850.98498535 -1 1
1851.79699707 0 1
1852.42004395 -1 1
1853.06494141 0 1
1853.7590332 -1 1
1854.42199707 0 1
1855.27502441 -1 1
1856.0970459 0 1
1856.90698242 -1 1
1857.66003418 0 1
1858.37902832 -1 1
1859.15002441 0 1
1859.85998535 0 2
1860.54797363 0 1
1861.36206055 0 2
1862.20495605 0 1
1862.88793945 0 2
1863.71105957 0 1
1864.31896973 0 0
1864.9329834 0 -1
1865.54003906 0 0
1866.30603027 1 0
1866.97399902 1 1
1867.59899902 1 0
1868.48303223 1 1
1869.23706055 0 1
1870.06298828 0 0
1870.82800293 0 -1
1871.53405762 0 0
1872.37097168 0 -1
1873.06994629 1 -1
1873.86694336 1 0
1874.61206055 0 0
1875.22399902 -1 0
1876.12304688 0 0
1876.80395508 0 -1
1877.41296387 1 -1
1878.16894531 0 -1
1878.99401855 1 -1
1879.60095215 0 -1
1880.33300781 1 -1
1881.13000488 0 -1
1881.75402832 1 -1
1882.50195312 0 -1
1883.18200684 0 -2
1884.08203125 0 -1
1884.73400879 0 -2
1885.40100098 0 -1
1886.29504395 0 -2
1887.18701172 0 -1
1887.93994141 0 -2
1888.83605957 0 -1
1889.61804199 0 -2
1890.40002441 0 -1
1891.25695801 0 -2
1892.11206055 0 -1
1892.83398438 0 -2
1893.55102539 0 -1
1894.25305176 -1 -1
1894.96801758 -1 0
1895.75805664 0 0
1896.44604492 -1 0
1897.17297363 0 0
1898.0670166 -1 0
1898.69104004 0 0
1899.38305664 -1 0
1900.03100586 0 0
1900.70397949 -1 0
1901.53405762 -1 1
1902.19494629 -1 0
1903.07202148 -2 0
1903.78405762 -1 0
1904.5369873 -2 0
1905.33996582 -1 0
1906.03100586 -2 0
1906.86901855 -1 0
1907.68005371 -2 0
1908.48901367 -1 0
1909.21704102 0 0
1909.97802734 -1 0
1910.81396484 0 0
1911.67102051 -1 0
1912.33996582 0 0
1913.09594727 -1 0
1913.75195312 -1 1
1914.42700195 -1 0
1915.24804688 -1 1
1915.98400879 -1 0
1916.79296875 -1 1
1917.63696289 -1 0
1918.31604004 -1 1
1918.9329834 -1 0
1919.5670166 -1 1
1920.19604492 -1 0
1920.80004883 -1 1
1921.42797852 -1 0
1922.07299805 -1 1
1922.71704102 -1 0
1923.34594727 -1 1
1923.98706055 -1 0
1924.65600586 -1 1
1925.41601562 -1 2
1926.11694336 -1 1
1927.01696777 -1 0
1927.83996582 -1 1
1928.60095215 -1 0
1929.4239502 -1 1
1930.17199707 -1 0
1931.03198242 -1 1
1931.70495605 -1 0
1932.46105957 -1 1
1933.23303223 -1 0
1934.02294922 -1 1
1934.78503418 -1 0
1935.64904785 -1 1
1936.53405762 -1 2
1937.28894043 -1 1
1937.91503906 -1 0
1938.74499512 -2 0
1939.60205078 -1 0
1940.20703125 -2 0
1941.0579834 -1 0
1941.87695312 0 0
1942.53100586 -1 0
1943.17797852 0 0
1943.82702637 -1 0
1944.69494629 0 0
1945.56994629 -1 0
1946.43896484 -2 0
1947.15002441 -1 0
1948.02197266 -2 0
1948.86401367 -1 0
1949.6529541 0 0
1950.31201172 -1 0
1950.98095703 0 0
1951.62304688 -1 0
1952.50195312 -1 -1
1953.40197754 0 -1
1954.28503418 0 -2
1955.12194824 0 -1
1955.88195801 -1 -1
1956.60498047 -1 0
1957.34997559 -1 -1
1957.96899414 -1 0
1958.73205566 -1 -1
1959.49804688 -1 0
1960.21203613 -1 -1
1960.92297363 -1 0
1961.62902832 -1 -1
1962.39196777 -1 0
1963.02294922 -1 -1
1963.77197266 -1 0
1964.55395508 -1 -1
1965.28295898 -1 0
1966.06396484 -1 -1
1966.9510498 -1 0
1967.81298828 -1 1
1968.61694336 -1 0
1969.50598145 -1 1
1970.14099121 -1 0
1970.84399414 -1 1
1971.5 -1 0
1972.36499023 -1 1
1973.1739502 -1 0
1973.7800293 -1 1
1974.66101074 -1 0
1975.38000488 -1 1
1976.21203613 0 1
1976.89501953 -1 1
1977.69494629 0 1
1978.36694336 -1 1
1979.17797852 0 1
1979.99304199 -1 1
1980.68701172 0 1
1981.55700684 -1 1
1982.20495605 0 1
1982.9239502 -1 1
1983.7199707 0 1
1984.35498047 -1 1
1984.98803711 0 1
1985.71594238 -1 1
1986.3659668 0 1
1986.98400879 -1 1
1987.77404785 0 1
1988.62597656 0 2
1989.27294922 0 1
1990.17199707 0 2
1990.90197754 0 1
1991.62194824 1 1
1992.26196289 1 0
1993.00097656 0 0
1993.68603516 0 -1
1994.51196289 -1 -1
1995.31994629 -1 0
1996.04003906 -1 1
1996.91796875 0 1
1997.77294922 1 1
1998.51501465 1 0
1999.32897949 1 -1
2000.10595703 0 -1
2000.75598145 -1 -1
2001.43994141 -1 0
2002.32897949 -1 1
2003.21105957 0 1
2003.97802734 1 1
2004.62304688 1 0
2005.45495605 1 -1
2006.12805176 1 0
2007.0279541 1 1
2007.91699219 1 0
2008.65698242 1 1
2009.38098145 1 0
2010.16796875 1 1
2010.80505371 1 0
2011.48303223 1 1
2012.36999512 1 0
2013.14599609 1 1
2013.77099609 1 0
2014.38696289 1 1
2014.98999023 1 0
2015.7130127 1 1
2016.5090332 1 0
2017.23498535 1 1
2017.93798828 1 0
2018.62597656 1 1
2019.41003418 1 0
2020.01403809 1 -1
2020.79602051 1 0
2021.63903809 1 1
2022.4239502 0 1
2023.29504395 1 1
2023.96496582 0 1
2024.59802246 1 1
2025.28198242 0 1
2026.13793945 1 1
2026.74902344 0 1
2027.48205566 1 1
2028.12194824 0 1
2028.89904785 1 1
2029.78295898 0 1
2030.4909668 1 1
2031.18505859 0 1
2031.94104004 1 1
2032.65698242 0 1
2033.39099121 1 1
2034.28503418 0 1
2034.89904785 1 1
2035.625 0 1
2036.47094727 1 1
2037.36303711 0 1
2037.9720459 0 2
2038.63305664 0 1
2039.49304199 0 2
2040.27197266 0 1
2040.98498535 0 0
2041.64697266 0 1
2042.53198242 0 0
2043.21899414 0 1
2044.07202148 0 0
2044.78894043 0 1
2045.65600586 0 0
2046.4630127 0 1
2047.23901367 0 2
2048.06396484 0 1
2048.66503906 0 2
2049.44897461 0 1
2050.27294922 0 2
2051.09008789 0 1
2051.81689453 0 0
2052.63110352 -1 0
2053.43701172 -1 1
2054.16894531 0 1
2054.84008789 -1 1
2055.69897461 0 1
2056.32397461 -1 1
2056.98193359 0 1
2057.79589844 -1 1
2058.61108398 0 1
2059.24804688 -1 1
2059.95410156 0 1
2060.69604492 -1 1
2061.50805664 0 1
2062.28491211 -1 1
2063.07202148 0 1
2063.68603516 1 1
2064.39697266 0 1
2065.10107422 1 1
2065.90893555 0 1
2066.7199707 1 1
2067.59912109 0 1
2068.2590332 1 1
2068.9519043 0 1
2069.76806641 1 1
2070.41503906 0 1
2071.17700195 1 1
2071.87792969 0 1
2072.65600586 1 1
2073.48388672 0 1
2074.2409668 1 1
2075.01196289 0 1
2075.85888672 1 1
2076.46801758 0 1
2077.31298828 1 1
2078.20605469 0 1
2079.08911133 1 1
2079.98291016 0 1
2080.86108398 1 1
2081.60888672 0 1
2082.36108398 0 2
2082.96289062 0 1
2083.70605469 0 2
2084.54711914 0 1
2085.30810547 0 2
2086.19506836 0 1
2086.90600586 0 0
2087.58496094 0 -1
2088.42504883 -1 -1
2089.1809082 -1 0
2089.79492188 -1 1
2090.60009766 -1 0
2091.48608398 -2 0
2092.10791016 -1 0
2092.84106445 -2 0
2093.69091797 -1 0
2094.33203125 0 0
2095.08911133 -1 0
2095.75805664 0 0
2096.44604492 -1 0
2097.11010742 0 0
2097.73095703 -1 0
2098.41699219 0 0
2099.27490234 -1 0
2099.91699219 0 0
2100.70288086 -1 0
2101.3059082 -1 -1
2102.10791016 0 -1
2102.82006836 -1 -1
2103.51708984 0 -1
2104.20507812 0 -2
2104.84790039 0 -1
2105.56005859 0 -2
2106.37792969 0 -1
2107.12988281 0 0
2107.77099609 0 -1
2108.50097656 0 0
2109.13793945 0 -1
2109.97509766 0 0
2110.86791992 0 -1
2111.48706055 0 0
2112.10693359 0 -1
2112.81005859 0 -2
2113.57104492 0 -1
2114.22290039 1 -1
2114.92993164 1 0
2115.56591797 1 1
2116.21899414 1 0
2116.82202148 1 1
2117.56811523 1 0
2118.34912109 1 -1
2119.02709961 1 0
2119.85595703 1 -1
2120.54101562 0 -1
2121.37792969 1 -1
2122.19189453 0 -1
2122.84692383 1 -1
2123.56103516 0 -1
2124.35791016 1 -1
2125.12011719 0 -1
2125.81201172 1 -1
2126.48608398 0 -1
2127.27392578 1 -1
2127.91088867 0 -1
2128.74291992 1 -1
2129.56494141 0 -1
2130.30004883 1 -1
2131.16601562 0 -1
2131.94702148 1 -1
2132.69506836 0 -1
2133.33007812 1 -1
2134.00390625 0 -1
2134.7890625 1 -1
2135.4140625 0 -1
2136.30810547 1 -1
2137.13110352 0 -1
2137.98095703 1 -1
2138.72607422 0 -1
2139.42504883 1 -1
2140.29296875 0 -1
2140.98706055 1 -1
2141.68310547 0 -1
2142.31005859 -1 -1
2143.1159668 0 -1
2144.00097656 -1 -1
2144.70507812 0 -1
2145.34204102 -1 -1
2146.08398438 0 -1
2146.82299805 -1 -1
2147.65405273 0 -1
2148.50805664 -1 -1
2149.34204102 -1 0
2150.22900391 -1 -1
2150.94189453 -1 0
2151.71508789 -1 -1
2152.5390625 -1 0
2153.37402344 -1 -1
2154.24511719 -1 0
2154.85009766 -1 -1
2155.70410156 -1 0
2156.41796875 -1 -1
2157.22509766 -1 0
2158.05200195 -1 -1
2158.70898438 -1 0
2159.33911133 -1 -1
2160.10009766 -1 0
2160.86108398 -1 -1
2161.71411133 -1 0
2162.48706055 -1 -1
2163.23095703 -1 0
2163.93188477 -1 -1
2164.73193359 -1 0
2165.47192383 -1 -1
2166.23388672 -1 0
2167.10888672 -1 -1
2167.87597656 -1 0
2168.70092773 -1 -1
2169.44311523 -1 0
2170.24291992 -1 -1
2170.94506836 -1 0
2171.79101562 -1 -1
2172.47412109 -1 0
2173.36206055 -1 -1
2174.05688477 -1 0
2174.88208008 -2 0
2175.63110352 -1 0
2176.3059082 -2 0
2176.93188477 -1 0
2177.54492188 -2 0
2178.24804688 -1 0
2178.94189453 -2 0
2179.67211914 -1 0
2180.29589844 0 0
2180.99511719 -1 0
2181.84594727 0 0
2182.68798828 -1 0
2183.37304688 0 0
2184.07910156 0 1
2184.87695312 0 0
2185.65405273 0 -1
2186.44506836 -1 -1
2187.09594727 0 -1
2187.83398438 -1 -1
2188.55004883 0 -1
2189.41503906 -1 -1
2190.24511719 0 -1
2191.02490234 -1 -1
2191.73388672 0 -1
2192.38208008 1 -1
2193.10791016 0 -1
2193.77905273 1 -1
2194.45288086 0 -1
2195.14892578 1 -1
2195.78198242 0 -1
2196.53491211 1 -1
2197.30810547 0 -1
2198.02490234 1 -1
2198.82299805 0 -1
2199.63500977 1 -1
2200.44091797 0 -1
2201.32910156 1 -1
2202.22509766 0 -1
2203.1159668 1 -1
2203.79711914 0 -1
2204.50805664 1 -1
2205.39697266 0 -1
2206.29492188 1 -1
2207.04101562 0 -1
2207.81005859 1 -1
2208.64111328 0 -1
2209.39306641 1 -1
2210.09912109 0 -1
2210.85009766 1 -1
2211.72607422 0 -1
2212.38110352 0 -2
2213.12207031 0 -1
2213.96899414 0 -2
2214.84204102 0 -1
2215.66503906 0 -2
2216.36108398 0 -1
2217.01391602 0 -2
2217.6340332 0 -1
2218.40307617 0 -2
2219.29711914 0 -1
2220.01489258 0 0
2220.66796875 0 -1
2221.33911133 0 0
2222.10009766 0 -1
2222.73803711 0 0
2223.50292969 0 -1
2224.31103516 0 0
2225.0559082 0 -1
2225.70410156 0 0
2226.39697266 0 -1
2227.16796875 0 0
2227.77905273 0 -1
2228.64111328 0 -2
2229.31298828 0 -1
2230.05004883 0 -2
2230.88110352 0 -1
2231.70288086 0 -2
2232.5769043 0 -1
2233.32006836 -1 -1
2234.15600586 -1 0
2235.00610352 -1 1
2235.79589844 0 1
2236.55493164 0 0
2237.28491211 -1 0
2238.01904297 -1 1
2238.7800293 0 1
2239.39892578 0 0
2240.25488281 -1 0
2240.85693359 -1 1
2241.51611328 0 1
2242.40087891 0 0
2243.1730957 -1 0
2243.8359375 -1 1
2244.51904297 0 1
2245.25097656 -1 1
2245.85302734 0 1
2246.55004883 -1 1
2247.17602539 0 1
2247.97607422 -1 1
2248.57910156 0 1
2249.23193359 1 1
2249.94506836 0 1
2250.63110352 1 1
2251.40600586 0 1
2252.01098633 1 1
2252.71508789 0 1
2253.41601562 1 1
2254.11889648 0 1
2254.72607422 1 1
2255.51293945 0 1
2256.1640625 0 2
2256.98193359 0 1
2257.77197266 0 2
2258.6640625 0 1
2259.4699707 0 2
2260.27709961 0 1
2260.92407227 1 1
2261.67993164 0 1
2262.48095703 1 1
2263.17602539 0 1
2263.94897461 1 1
2264.71801758 0 1
2265.37890625 1 1
2266.26000977 0 1
2266.95898438 1 1
2267.72900391 0 1
2268.50292969 1 1
2269.14892578 0 1
2269.82104492 1 1
2270.51489258 0 1
2271.11889648 -1 1
2271.97094727 0 1
2272.69604492 -1 1
2273.32788086 0 1
2274.16601562 -1 1
2274.84399414 0 1
2275.48803711 -1 1
2276.2890625 0 1
2276.94702148 -1 1
2277.63696289 0 1
2278.32788086 -1 1
2279.09204102 0 1
2279.87597656 -1 1
2280.58911133 0 1
2281.39208984 1 1
2282.25610352 0 1
2283.11791992 1 1
2283.90893555 0 1
2284.55810547 0 2
2285.44091797 0 1
2286.21704102 0 2
2287.10693359 0 1
2287.7800293 0 0
2288.43408203 0 -1
2289.28491211 -1 -1
2290.10302734 -1 0
2290.88208008 -1 1
2291.56103516 0 1
2292.19189453 0 0
2292.88208008 0 -1
2293.50390625 -1 -1
2294.25097656 -1 0
2295.02001953 -1 1
2295.7019043 0 1
2296.40698242 0 0
2297.24194336 0 -1
2297.96508789 -1 -1
2298.72412109 0 -1
2299.59008789 -1 -1
2300.4140625 0 -1
2301.26904297 -1 -1
2302.06298828 0 -1
2302.85595703 -1 -1
2303.5949707 0 -1
2304.40893555 1 -1
2305.21801758 0 -1
2305.86694336 1 -1
2306.55004883 0 -1
2307.2890625 1 -1
2308.17993164 0 -1
2308.87207031 1 -1
2309.54589844 0 -1
2310.30688477 1 -1
2310.95996094 0 -1
2311.79711914 1 -1
2312.66210938 0 -1
2313.41088867 1 -1
2314.1550293 0 -1
2314.83105469 1 -1
2315.61303711 0 -1
2316.37988281 1 -1
2317.27001953 0 -1
2317.94702148 1 -1
2318.68603516 0 -1
2319.38598633 1 -1
2320.07202148 0 -1
2320.9609375 1 -1
2321.81298828 0 -1
2322.56811523 1 -1
2323.40893555 0 -1
2324.22802734 1 -1
2324.94995117 0 -1
2325.68188477 -1 -1
2326.29492188 0 -1
2326.91503906 -1 -1
2327.77807617 0 -1
2328.66992188 -1 -1
2329.29199219 0 -1
2330.0859375 -1 -1
2330.71289062 0 -1
2331.42211914 -1 -1
2332.09399414 0 -1
2332.73803711 -1 -1
2333.52099609 0 -1
2334.41088867 1 -1
2335.2890625 0 -1
2336.08300781 1 -1
2336.7199707 0 -1
2337.51098633 1 -1
2338.40991211 0 -1
2339.11303711 1 -1
2339.73388672 0 -1
2340.60498047 1 -1
2341.24707031 0 -1
2341.84912109 1 -1
2342.53393555 0 -1
2343.29003906 1 -1
2344.10302734 0 -1
2344.84106445 1 -1
2345.70410156 0 -1
2346.36499023 -1 -1
2347.13208008 0 -1
2348.00708008 0 -2
2348.67797852 0 -1
2349.49804688 0 -2
2350.35009766 0 -1
2351.11694336 0 0
2351.96801758 0 -1
2352.70898438 0 0
2353.37792969 0 -1
2354.0390625 0 -2
2354.77807617 0 -1
2355.56689453 0 0
2356.36889648 0 -1
2357.04907227 0 -2
2357.83203125 0 -1
2358.5300293 0 -2
2359.28588867 0 -1
2359.99902344 0 0
2360.60595703 0 -1
2361.34912109 0 0
2362.2409668 0 -1
2362.94702148 0 0
2363.78710938 0 -1
2364.42700195 0 -2
2365.27099609 0 -1
2365.90405273 -1 -1
2366.52490234 -1 0
2367.35107422 0 0
2368.15991211 0 1
2368.82299805 0 0
2369.69799805 0 -1
2370.34692383 -1 -1
2371.14599609 0 -1
2371.90209961 -1 -1
2372.57006836 0 -1
2373.37304688 -1 -1
2374.06201172 0 -1
2374.75805664 -1 -1
2375.36694336 0 -1
2375.98510742 -1 -1
2376.7019043 0 -1
2377.55493164 -1 -1
2378.23388672 0 -1
2378.93505859 -1 -1
2379.61303711 0 -1
2380.47412109 -1 -1
2381.10791016 0 -1
2381.88891602 1 -1
2382.65307617 0 -1
2383.37695312 1 -1
2384.18188477 0 -1
2384.82910156 1 -1
2385.68896484 0 -1
2386.31591797 1 -1
2387.02294922 0 -1
2387.64892578 1 -1
2388.48608398 0 -1
2389.37890625 1 -1
2390.01489258 0 -1
2390.79296875 1 -1
2391.50708008 0 -1
2392.39306641 1 -1
2393.27807617 0 -1
2394.13598633 1 -1
2395.03393555 0 -1
2395.87890625 1 -1
2396.69189453 0 -1
2397.36010742 1 -1
2397.99194336 0 -1
2398.6809082 1 -1
2399.31396484 0 -1
