0.500999987125 1 2
1.16100001335 1 1
1.85500001907 1 0
2.61899995804 1 -1
3.36999988556 1 -2
4.01900005341 1 -3
4.64900016785 1 -4
5.40100002289 1 -5
6.29500007629 0 -5
6.94099998474 -1 -5
7.60500001907 -2 -5
8.45699977875 -3 -5
9.09799957275 -4 -5
9.83699989319 -5 -5
10.6529998779 -4 -5
11.4189996719 -3 -5
12.1000003815 -3 -4
12.8809995651 -3 -3
13.5830001831 -3 -2
14.3509998322 -3 -1
15.1940002441 -3 -2
16.0520000458 -3 -3
16.6660003662 -2 -3
17.4249992371 -1 -3
18.2730007172 0 -3
19.1660003662 -1 -3
19.9570007324 -2 -3
20.8129997253 -2 -2
21.5499992371 -2 -3
22.3120002747 -2 -2
23.0160007477 -2 -1
23.7980003357 -2 0
24.5079994202 -1 0
25.408000946 -1 -1
26.0629997253 -2 -1
26.7339992523 -2 -2
27.341999054 -2 -1
28.1410007477 -3 -1
28.861000061 -2 -1
29.7439994812 -3 -1
30.5690002441 -2 -1
31.2919998169 -2 0
32.0810012817 -2 -1
32.8390007019 -2 -2
33.6150016785 -2 -1
34.311000824 -2 -2
35.0810012817 -2 -1
35.9249992371 -2 -2
36.5480003357 -2 -1
37.408000946 -1 -1
38.2130012512 -2 -1
39.0060005188 -1 -1
39.7589988708 -2 -1
40.6230010986 -1 -1
41.3689994812 -2 -1
42.2109985352 -2 -2
43.0200004578 -2 -1
43.9119987488 -1 -1
44.7779998779 -2 -1
45.4420013428 -1 -1
46.2270011902 -2 -1
47.0439987183 -1 -1
47.9010009766 -2 -1
48.5379981995 -2 -2
49.1980018616 -2 -1
49.9560012817 -1 -1
50.6380004883 -2 -1
51.2789993286 -1 -1
51.9739990234 -2 -1
52.7540016174 -1 -1
53.6199989319 -1 -2
54.3079986572 -1 -1
55.0880012512 -1 -2
55.8009986877 -1 -1
56.5989990234 -1 -2
57.3790016174 -1 -1
58.0229988098 -1 -2
58.6619987488 0 -2
59.3909988403 -1 -2
60.2610015869 0 -2
60.8930015564 -1 -2
61.641998291 0 -2
62.422000885 0 -1
63.0839996338 0 -2
63.7659988403 0 -1
64.4260025024 0 -2
65.2850036621 0 -3
65.9140014648 0 -2
66.6070022583 1 -2
67.2689971924 0 -2
67.9649963379 1 -2
68.6139984131 0 -2
69.4599990845 1 -2
70.1380004883 0 -2
70.7910003662 1 -2
71.3939971924 0 -2
72.1989974976 1 -2
72.986000061 0 -2
73.6259994507 0 -3
74.4430007935 0 -2
75.0749969482 0 -1
75.908996582 0 -2
76.7900009155 0 -1
77.4929962158 0 -2
78.2910003662 -1 -2
79.1050033569 0 -2
79.7509994507 -1 -2
80.4479980469 0 -2
81.0999984741 -1 -2
81.8000030518 0 -2
82.6969985962 -1 -2
83.5080032349 0 -2
84.3249969482 0 -3
85.1149978638 0 -2
85.8050003052 1 -2
86.4349975586 0 -2
87.0749969482 1 -2
87.7119979858 0 -2
88.3450012207 1 -2
89.1139984131 1 -1
89.7969970703 1 -2
90.4479980469 1 -3
91.3300018311 1 -2
92.1529998779 1 -1
92.841003418 1 0
93.7119979858 1 -1
94.6070022583 1 -2
95.4430007935 1 -1
96.1129989624 1 -2
96.8539962769 1 -1
97.6399993896 2 -1
98.4960021973 1 -1
99.0999984741 2 -1
99.8730010986 1 -1
100.527000427 2 -1
101.184997559 1 -1
101.948997498 2 -1
102.660003662 1 -1
103.489997864 1 -2
104.175003052 1 -1
105.01499939 1 -2
105.901000977 1 -1
106.517997742 1 0
107.291000366 1 -1
107.949996948 1 0
108.557998657 1 -1
109.253997803 1 0
109.880996704 1 -1
110.505996704 1 -2
111.238998413 1 -1
112.050003052 1 -2
112.682998657 1 -1
113.369003296 0 -1
114.174003601 1 -1
114.956001282 0 -1
115.593002319 1 -1
116.388000488 0 -1
117.193000793 1 -1
117.907997131 2 -1
118.549003601 1 -1
119.23500061 2 -1
120.043998718 3 -1
120.943000793 3 0
121.656997681 3 1
122.480003357 3 0
123.178001404 4 0
123.808998108 5 0
124.615997314 4 0
125.399002075 3 0
126.071998596 2 0
126.711997986 2 -1
127.480003357 2 -2
128.149993896 2 -1
128.914001465 2 -2
129.587005615 2 -1
130.279006958 2 -2
130.880004883 2 -1
131.563995361 3 -1
132.384994507 3 0
133.158996582 3 -1
133.884002686 4 -1
134.770996094 5 -1
135.48500061 5 -2
136.363006592 5 -1
137.106994629 5 -2
137.917007446 5 -3
138.610992432 4 -3
139.488006592 3 -3
140.182998657 3 -4
141.080001831 3 -5
141.902999878 3 -4
142.505004883 3 -3
143.332992554 3 -2
144.154998779 3 -1
144.837005615 3 -2
145.445007324 3 -1
146.218002319 3 0
147.110992432 3 -1
147.996002197 3 0
148.615005493 3 -1
149.350006104 4 -1
149.979995728 3 -1
150.651992798 3 0
151.309005737 3 -1
151.994003296 3 0
152.718994141 2 0
153.595001221 1 0
154.296005249 1 -1
155.020004272 2 -1
155.714004517 3 -1
156.503005981 2 -1
157.29800415 2 0
157.998001099 2 -1
158.664993286 2 0
159.307998657 2 -1
159.988998413 2 0
160.619003296 2 -1
161.322998047 2 0
162.138000488 1 0
162.964996338 1 -1
163.621994019 1 0
164.490997314 1 -1
165.307998657 1 0
166.195007324 1 -1
167.01499939 1 0
167.75100708 1 -1
168.585006714 2 -1
169.339996338 1 -1
169.968994141 2 -1
170.856994629 1 -1
171.697998047 2 -1
172.552001953 1 -1
173.352005005 0 -1
174.179992676 1 -1
174.809005737 0 -1
175.660003662 1 -1
176.307006836 0 -1
176.925994873 1 -1
177.638000488 1 -2
178.31199646 1 -1
179.003005981 1 -2
179.641998291 1 -1
180.481002808 1 -2
181.160003662 1 -1
181.99899292 1 0
182.776992798 1 -1
183.531997681 1 0
184.276992798 1 -1
184.98399353 1 0
185.656005859 1 -1
186.524002075 1 0
187.143997192 1 -1
187.908996582 1 0
188.73500061 1 -1
189.514007568 1 0
190.341003418 1 -1
191.057998657 1 -2
191.949005127 1 -1
192.554000854 0 -1
193.43800354 1 -1
194.089004517 0 -1
194.796005249 1 -1
195.690002441 0 -1
196.29699707 1 -1
197.158996582 1 -2
197.912994385 1 -1
198.697998047 2 -1
199.518005371 1 -1
200.268005371 2 -1
201.130004883 2 0
201.804000854 1 0
202.539993286 1 -1
203.207992554 2 -1
204.039001465 2 0
204.850997925 2 -1
205.692993164 2 0
206.481994629 1 0
207.222000122 1 -1
207.824996948 2 -1
208.513000488 2 0
209.289001465 2 -1
209.89100647 2 0
210.606994629 3 0
211.261001587 2 0
211.929992676 3 0
212.82699585 3 1
213.667007446 2 1
214.332992554 2 0
215.003997803 2 1
215.848007202 2 0
216.667007446 2 1
217.395004272 1 1
218.044998169 1 0
218.725006104 1 -1
219.516998291 1 0
220.25 1 -1
221.136993408 1 0
221.973007202 1 -1
222.807006836 1 0
223.669006348 1 -1
224.477005005 1 0
225.10899353 1 -1
225.776000977 1 0
226.432998657 1 -1
227.253997803 1 0
228.024993896 1 -1
228.841003418 1 0
229.68699646 1 -1
230.54800415 1 0
231.391998291 1 -1
232.259002686 0 -1
232.960006714 1 -1
233.742004395 0 -1
234.375 0 -2
235.113998413 1 -2
235.899993896 1 -1
236.511001587 0 -1
237.177993774 0 -2
238.0 1 -2
238.692001343 1 -1
239.449996948 0 -1
240.12399292 0 -2
240.800994873 0 -1
241.677993774 0 -2
242.412002563 0 -1
243.152999878 0 -2
243.945999146 0 -1
244.688995361 0 -2
245.466003418 0 -1
246.089004517 0 -2
246.699005127 0 -1
247.434005737 0 -2
248.147003174 0 -1
248.76600647 0 -2
249.651992798 0 -1
250.470993042 0 -2
251.360992432 0 -1
252.152999878 0 -2
252.917999268 0 -1
253.817001343 0 -2
254.529006958 0 -1
255.410995483 0 -2
256.058013916 -1 -2
256.941009521 0 -2
257.652008057 -1 -2
258.514007568 0 -2
259.309997559 -1 -2
260.109985352 0 -2
260.829986572 -1 -2
261.600006104 -1 -1
262.455993652 -1 -2
263.196014404 -1 -1
264.085998535 -1 -2
264.955993652 -1 -1
265.589996338 -2 -1
266.317993164 -2 0
266.938995361 -2 1
267.631011963 -2 0
268.437988281 -2 1
269.312011719 -2 2
270.20401001 -3 2
270.838012695 -2 2
271.713989258 -1 2
272.476013184 -2 2
273.152008057 -2 1
273.92199707 -2 2
274.588989258 -2 1
275.444000244 -2 2
276.17401123 -2 1
276.95199585 -2 0
277.842987061 -2 1
278.57901001 -3 1
279.378997803 -2 1
280.130004883 -3 1
280.967010498 -2 1
281.617004395 -2 0
282.470001221 -2 1
283.307006836 -2 0
284.058990479 -2 1
284.712005615 -1 1
285.402008057 -1 0
286.069000244 -1 -1
286.937988281 -1 0
287.609008789 -1 -1
288.407012939 -1 0
289.195007324 -1 -1
290.041992188 -2 -1
290.730987549 -2 0
291.571990967 -1 0
292.415985107 0 0
293.217987061 1 0
293.860992432 1 -1
294.721984863 0 -1
295.411987305 -1 -1
296.015991211 -2 -1
296.630004883 -1 -1
297.268005371 -2 -1
298.063995361 -2 0
298.786987305 -1 0
299.552001953 -1 -1
300.191009521 -2 -1
300.95199585 -2 0
301.785003662 -1 0
302.445007324 -1 -1
303.058990479 -2 -1
303.891998291 -2 0
304.567993164 -2 1
305.186004639 -2 0
305.82800293 -2 1
306.45199585 -2 0
307.242004395 -2 1
308.036987305 -2 0
308.765991211 -2 1
309.455993652 -2 2
310.213012695 -2 1
310.835998535 -2 2
311.527008057 -2 3
312.307006836 -1 3
312.910003662 -2 3
313.778015137 -2 4
314.473999023 -2 5
315.113006592 -3 5
315.802001953 -2 5
316.561004639 -2 4
317.412994385 -1 4
318.119995117 0 4
318.727996826 0 3
319.593994141 0 2
320.24798584 1 2
321.005004883 1 1
321.648010254 1 0
322.257995605 1 -1
323.105010986 0 -1
323.79699707 -1 -1
324.398010254 -1 0
325.276000977 -1 1
326.157012939 0 1
326.808990479 0 0
327.472991943 0 -1
328.141998291 -1 -1
329.010986328 -2 -1
329.75 -2 0
330.640991211 -2 1
331.399993896 -1 1
332.183990479 -1 0
333.053985596 -1 -1
333.678009033 -2 -1
334.420013428 -2 0
335.213012695 -3 0
336.019012451 -2 0
336.838012695 -3 0
337.57901001 -2 0
338.385986328 -3 0
339.027008057 -2 0
339.914001465 -2 -1
340.545013428 -2 0
341.37399292 -2 -1
342.057006836 -2 0
342.730987549 -1 0
343.459014893 -1 -1
344.220001221 -2 -1
345.04800415 -2 0
345.721008301 -1 0
346.593994141 -1 -1
347.386993408 -1 0
348.276000977 -1 -1
348.990997314 -1 0
349.882995605 -1 -1
350.631011963 -1 0
351.231994629 -1 -1
352.00100708 -1 0
352.778991699 -1 -1
353.657012939 -1 -2
354.32699585 -1 -1
355.019012451 0 -1
355.852996826 0 -2
356.591003418 0 -1
357.324005127 0 -2
358.121002197 0 -1
358.805999756 1 -1
359.450012207 1 -2
360.069000244 1 -1
360.691009521 2 -1
361.37399292 2 0
362.006988525 1 0
362.705993652 1 -1
363.558013916 2 -1
364.287994385 2 0
365.066009521 3 0
365.807006836 3 1
366.455993652 3 2
367.108001709 3 3
367.717010498 3 4
368.54800415 3 5
369.419006348 4 5
370.221008301 4 5
371.091003418 3 5
371.839996338 2 5
372.458007812 2 4
373.236999512 2 5
373.968994141 3 5
374.718994141 3 5
375.510986328 3 5
376.239013672 2 5
376.863006592 3 5
377.62298584 2 5
378.240997314 1 5
379.04800415 1 5
379.734985352 2 5
380.410003662 3 5
381.130004883 4 5
381.82699585 4 4
382.720001221 4 3
383.335998535 3 3
384.227996826 3 2
385.113006592 2 2
385.973999023 2 1
386.871002197 1 1
387.563995361 0 1
388.407989502 0 0
389.118988037 0 -1
389.781005859 1 -1
390.493988037 2 -1
391.309997559 2 0
391.985992432 1 0
392.734985352 1 -1
393.367004395 2 -1
394.096008301 2 0
394.740997314 1 0
395.596008301 1 -1
396.359985352 1 -2
397.101989746 1 -1
397.760009766 1 -2
398.382995605 1 -1
399.20199585 1 0
399.992004395 1 -1
400.709014893 1 0
401.584991455 1 -1
402.274993896 1 0
403.156005859 1 -1
403.843994141 1 0
404.555999756 1 -1
405.174987793 1 0
405.842010498 1 -1
406.493988037 1 0
407.17098999 1 -1
407.868988037 1 0
408.511993408 1 -1
409.290008545 1 0
410.054992676 1 -1
410.809997559 1 0
411.605987549 1 -1
412.346984863 1 0
413.031005859 1 -1
413.854003906 1 0
414.727996826 1 -1
415.583007812 1 -2
416.291992188 1 -1
416.992004395 1 -2
417.846008301 1 -1
418.604003906 0 -1
419.242004395 1 -1
420.12399292 0 -1
420.855987549 1 -1
421.515991211 0 -1
422.372009277 1 -1
423.216003418 2 -1
423.904998779 2 0
424.644989014 1 0
425.292999268 1 -1
425.898986816 2 -1
426.772003174 2 0
427.657989502 1 0
428.457000732 1 -1
429.303009033 2 -1
430.054992676 2 0
430.683990479 1 0
431.557006836 1 -1
432.24798584 1 0
432.963012695 1 -1
433.774993896 1 0
434.450012207 1 -1
435.128997803 1 0
435.772003174 1 -1
436.410003662 1 0
437.289001465 1 -1
438.121002197 1 0
438.816009521 1 -1
439.433013916 1 0
440.178985596 1 -1
440.917999268 1 0
441.638000488 1 -1
442.32699585 1 0
442.95401001 1 -1
443.670013428 1 0
444.42098999 1 -1
445.186004639 1 0
445.910003662 1 -1
446.675994873 1 0
447.407989502 1 -1
448.039001465 1 0
448.717987061 1 -1
449.515991211 1 0
450.196014404 1 -1
451.006011963 0 -1
451.640014648 1 -1
452.333007812 0 -1
453.218994141 1 -1
453.859008789 0 -1
454.605010986 1 -1
455.489013672 1 -2
456.152008057 1 -1
456.803009033 1 -2
457.411010742 1 -1
458.049987793 2 -1
458.696990967 2 0
459.351989746 1 0
459.959991455 1 -1
460.645996094 2 -1
461.511993408 2 0
462.256011963 1 0
462.895996094 1 -1
463.787994385 2 -1
464.634002686 2 0
465.444000244 1 0
466.312011719 1 -1
467.148986816 1 0
467.774993896 1 -1
468.619995117 1 0
469.468994141 1 -1
470.229003906 1 0
470.851989746 1 -1
471.509002686 1 0
472.347991943 1 -1
473.216003418 1 0
474.037994385 1 -1
474.886993408 1 0
475.618011475 1 -1
476.503997803 1 0
477.157012939 1 -1
477.946990967 1 0
478.717010498 1 -1
479.320007324 1 0
480.088012695 1 -1
480.822998047 1 0
481.618011475 1 -1
482.468994141 1 0
483.192993164 1 -1
483.821990967 0 -1
484.562011719 1 -1
485.255004883 0 -1
486.12600708 1 -1
486.769989014 0 -1
487.493011475 1 -1
488.20199585 0 -1
489.04699707 1 -1
489.648010254 1 -2
490.266998291 1 -1
491.096984863 1 -2
491.855987549 1 -1
492.507995605 1 0
493.384002686 1 -1
494.213012695 1 0
494.955993652 1 -1
495.803009033 1 0
496.532012939 1 -1
497.324005127 1 0
497.988006592 1 -1
498.791992188 1 0
499.654998779 1 -1
500.406005859 1 0
501.152008057 1 -1
501.789001465 1 0
502.669006348 1 -1
503.278991699 2 -1
503.989990234 2 0
504.817993164 1 0
505.455993652 1 -1
506.316986084 2 -1
507.178985596 2 0
507.842010498 1 0
508.707000732 1 -1
509.375 2 -1
510.028991699 2 0
510.868011475 1 0
511.537994385 1 -1
512.388977051 2 -1
513.007995605 2 0
513.859008789 2 1
514.681030273 1 1
515.543029785 1 0
516.398986816 1 -1
517.218017578 1 0
518.051025391 1 -1
518.776000977 1 0
519.591003418 1 -1
520.403015137 1 0
521.219970703 1 -1
521.92199707 1 0
522.531982422 1 -1
523.140014648 1 0
523.835021973 1 -1
524.687988281 1 0
525.57800293 1 -1
526.395019531 1 0
527.281005859 1 -1
528.090026855 0 -1
528.833007812 1 -1
529.588012695 0 -1
530.283996582 1 -1
530.984008789 0 -1
531.708007812 1 -1
532.380004883 0 -1
533.140014648 0 -2
533.789978027 0 -1
534.53302002 0 -2
535.258972168 0 -1
536.015014648 0 -2
536.684997559 0 -1
537.405029297 0 -2
538.231018066 0 -1
538.880004883 0 0
539.497009277 0 -1
540.315979004 0 0
540.961975098 0 -1
541.718994141 0 -2
542.565002441 0 -1
543.297973633 0 -2
544.130004883 0 -1
544.783996582 0 -2
545.530029297 0 -1
546.297973633 0 -2
547.125976562 0 -1
547.901000977 0 -2
548.518981934 0 -1
549.367980957 -1 -1
550.229980469 -1 0
550.880981445 -1 -1
551.599975586 -1 0
552.416992188 -1 -1
553.043029785 -1 0
553.901977539 0 0
554.526977539 0 -1
555.34197998 -1 -1
555.960021973 -1 0
556.708984375 0 0
557.510009766 0 -1
558.174987793 -1 -1
558.786987305 -1 0
559.583984375 0 0
560.24597168 0 -1
560.937988281 -1 -1
561.554016113 -1 0
562.273986816 0 0
562.984008789 0 -1
563.815002441 -1 -1
564.565979004 -2 -1
565.267028809 -2 0
566.077026367 -1 0
566.95300293 -2 0
567.578979492 -3 0
568.346008301 -3 1
569.062011719 -3 2
569.960021973 -3 3
570.799987793 -3 4
571.411987305 -3 3
572.232971191 -3 2
572.835998535 -3 1
573.513977051 -4 1
574.166992188 -5 1
574.791015625 -4 1
575.49597168 -3 1
576.323974609 -2 1
577.012023926 -1 1
577.640991211 -1 0
578.374023438 -2 0
579.182983398 -2 1
579.807006836 -1 1
580.580993652 0 1
581.301025391 0 0
582.12902832 0 -1
582.784973145 -1 -1
583.580993652 -2 -1
584.369995117 -2 0
585.231018066 -1 0
585.934020996 -1 -1
586.810974121 -1 0
587.710998535 -1 -1
588.416015625 -1 0
589.229003906 -1 -1
590.03302002 -1 0
590.723022461 -1 -1
591.606018066 -1 0
592.323974609 -1 -1
592.984985352 -1 0
593.716003418 -1 -1
594.395019531 -1 0
595.116027832 -1 -1
595.867980957 -2 -1
596.468994141 -2 0
597.077026367 -1 0
597.892028809 0 0
598.593994141 0 -1
599.37701416 -1 -1
600.267028809 -2 -1
601.0 -2 0
601.62298584 -1 0
602.411010742 -1 -1
603.184997559 -1 0
603.937988281 -1 -1
604.596008301 -1 0
605.434997559 -1 -1
606.051025391 -1 0
606.883972168 -1 -1
607.604003906 -1 0
608.367980957 -1 -1
609.104980469 -1 0
609.982971191 -1 -1
610.62097168 -1 0
611.40802002 -1 -1
612.039978027 -1 0
612.931030273 -1 -1
613.534973145 -1 0
614.184997559 -1 -1
614.872009277 -1 0
615.716003418 -1 -1
616.380981445 -1 0
617.041015625 -1 -1
617.900024414 -1 0
618.750976562 0 0
619.611999512 0 -1
620.502990723 -1 -1
621.164001465 -2 -1
621.778015137 -2 0
622.601013184 -1 0
623.396972656 0 0
624.226989746 -1 0
624.849975586 -2 0
625.54699707 -2 1
626.249023438 -1 1
626.869995117 0 1
627.718994141 0 0
628.515991211 0 -1
629.237976074 -1 -1
629.929016113 -1 0
630.655029297 -2 0
631.29498291 -2 1
632.130004883 -2 2
632.969970703 -1 2
633.758972168 0 2
634.393981934 -1 2
634.997009277 0 2
635.796020508 -1 2
636.408996582 0 2
637.184020996 -1 2
637.87701416 0 2
638.578979492 1 2
639.356018066 0 2
640.062988281 1 2
640.776000977 2 2
641.554016113 1 2
642.236022949 1 3
642.906982422 2 3
643.530029297 1 3
644.255004883 0 3
645.020019531 0 4
645.75 0 5
646.541992188 -1 5
647.314025879 0 5
648.150024414 0 4
649.010986328 1 4
649.791015625 1 3
650.45300293 1 2
651.083007812 0 2
651.869018555 1 2
652.502990723 1 1
653.280029297 1 0
654.143981934 1 -1
654.914978027 0 -1
655.543029785 -1 -1
656.265991211 -1 0
656.929016113 -1 1
657.67401123 -1 2
658.564025879 0 2
659.223999023 0 1
659.968017578 0 0
660.612976074 0 -1
661.440002441 -1 -1
662.177001953 -1 0
662.901977539 -2 0
663.791992188 -2 1
664.583984375 -2 2
665.375 -1 2
666.271972656 0 2
666.947021484 0 1
667.572998047 0 0
668.422973633 0 -1
669.202026367 -1 -1
670.085998535 -1 0
670.728027344 0 0
671.366027832 -1 0
672.008972168 0 0
672.854980469 -1 0
673.609985352 0 0
674.42401123 -1 0
675.263977051 -2 0
675.903015137 -2 1
676.698974609 -1 1
677.518981934 -1 0
678.241027832 -2 0
679.111999512 -2 1
680.000976562 -1 1
680.721008301 -1 0
681.523986816 -2 0
682.195007324 -2 1
682.859985352 -1 1
683.557983398 -1 0
684.369995117 -2 0
685.219970703 -2 1
685.836975098 -1 1
686.525024414 0 1
687.268005371 0 0
688.119018555 0 -1
688.817993164 -1 -1
689.575012207 -2 -1
690.309020996 -2 0
691.00402832 -1 0
691.666015625 -1 -1
692.372009277 0 -1
693.166992188 0 -2
693.861022949 0 -1
694.679992676 0 -2
695.5 0 -1
696.119018555 0 -2
697.018005371 0 -1
697.833007812 1 -1
698.513000488 0 -1
699.265014648 1 -1
700.103027344 0 -1
700.940002441 1 -1
701.716003418 0 -1
702.520996094 1 -1
703.262023926 2 -1
704.039978027 2 0
704.885009766 2 1
705.645996094 2 0
706.25 2 1
706.901000977 1 1
707.62298584 1 0
708.390991211 1 -1
709.250976562 2 -1
710.096984863 2 0
710.75 2 1
711.41998291 1 1
712.163024902 1 0
712.984985352 1 -1
713.75201416 2 -1
714.458007812 2 0
715.190002441 2 1
715.846008301 1 1
716.463012695 1 0
717.250976562 1 -1
717.96697998 1 0
718.833984375 1 -1
719.651977539 1 0
720.396972656 1 -1
721.234985352 1 0
722.130004883 1 -1
723.028991699 1 0
723.877990723 1 -1
724.523986816 1 0
725.348022461 1 -1
726.117004395 1 0
726.728027344 1 -1
727.534973145 1 0
728.16998291 1 -1
728.830993652 1 0
729.512023926 1 -1
730.271972656 1 0
731.145019531 1 -1
731.799987793 1 0
732.409973145 1 -1
733.184020996 1 0
733.929992676 1 -1
734.749023438 1 0
735.491027832 1 -1
736.283996582 1 0
737.094970703 1 -1
737.835998535 0 -1
738.440002441 1 -1
739.114990234 0 -1
739.911987305 1 -1
740.78302002 0 -1
741.538024902 1 -1
742.268981934 0 -1
742.906005859 1 -1
743.568969727 0 -1
744.236022949 1 -1
744.92199707 0 -1
745.573974609 1 -1
746.249023438 0 -1
747.018981934 1 -1
747.729003906 1 0
748.603027344 1 -1
749.335998535 1 0
750.20098877 1 -1
750.874023438 1 0
751.494018555 1 -1
752.219970703 1 0
752.846008301 1 -1
753.541992188 2 -1
754.276000977 2 0
755.057983398 2 1
755.750976562 1 1
756.546020508 1 0
757.257995605 1 -1
758.091003418 2 -1
758.874023438 2 0
759.505981445 2 1
760.223022461 1 1
760.924987793 0 1
761.791015625 -1 1
762.489990234 0 1
763.309020996 -1 1
764.111022949 0 1
764.778991699 -1 1
765.674987793 0 1
766.374023438 -1 1
766.979980469 0 1
767.62298584 -1 1
768.411010742 -2 1
769.124023438 -1 1
769.903991699 0 1
770.544006348 -1 1
771.166992188 -2 1
771.997009277 -1 1
772.718017578 0 1
773.450012207 -1 1
774.200012207 0 1
774.827026367 -1 1
775.642028809 0 1
776.505981445 -1 1
777.306030273 0 1
777.973999023 -1 1
778.862976074 -1 2
779.469970703 0 2
780.24798584 -1 2
781.12902832 0 2
781.864990234 -1 2
782.536010742 0 2
783.340026855 -1 2
784.057006836 0 2
784.887023926 1 2
785.616027832 0 2
786.443969727 1 2
787.296020508 1 3
787.945983887 1 2
788.760009766 1 3
789.625976562 1 2
790.356994629 1 1
791.24597168 1 0
792.00402832 1 -1
792.794006348 2 -1
793.487976074 2 0
794.117980957 2 1
794.789001465 3 1
795.564025879 2 1
796.184997559 1 1
796.87701416 1 0
797.679992676 1 -1
798.340026855 0 -1
799.218994141 0 -2
799.836975098 0 -1
800.585021973 0 -2
801.432983398 0 -1
802.296020508 0 -2
802.958984375 0 -1
803.791992188 0 -2
804.543029785 0 -1
805.242980957 0 0
806.023986816 0 -1
806.895996094 0 0
807.643981934 0 -1
808.543029785 0 0
809.223999023 0 -1
809.875976562 0 0
810.75402832 0 -1
811.606018066 0 -2
812.403015137 0 -1
813.098999023 0 -2
813.901977539 0 -1
814.581970215 0 -2
815.273010254 0 -1
816.09197998 0 -2
816.895019531 0 -1
817.49597168 0 0
818.335021973 0 -1
819.174987793 0 0
819.843994141 0 -1
820.534973145 0 0
821.210021973 0 -1
821.965026855 0 -2
822.682983398 0 -1
823.473999023 0 -2
824.281982422 0 -1
824.937011719 0 -2
825.687988281 0 -1
826.348999023 -1 -1
827.122009277 -1 0
827.992004395 -1 1
828.607971191 0 1
829.257995605 0 0
829.982971191 0 -1
830.643005371 -1 -1
831.398010254 -1 0
832.237976074 -1 -1
833.127990723 -1 0
833.744018555 -1 -1
834.518981934 -1 0
835.221984863 -1 -1
835.992980957 -1 0
836.711975098 -1 -1
837.354003906 -1 0
838.156005859 -1 -1
838.893981934 -1 0
839.515991211 -1 -1
840.351989746 -1 0
841.151000977 -1 -1
841.895996094 -1 0
842.536010742 -2 0
843.153991699 -2 1
843.862976074 -1 1
844.567993164 -1 0
845.255981445 -2 0
846.036987305 -2 1
846.650024414 -1 1
847.541015625 0 1
848.249023438 0 0
849.012023926 0 -1
849.747009277 -1 -1
850.476989746 -2 -1
851.221984863 -2 0
852.041992188 -1 0
852.807983398 0 0
853.499023438 1 0
854.103027344 1 -1
854.804992676 0 -1
855.549987793 -1 -1
856.293029785 0 -1
857.187011719 -1 -1
857.82800293 0 -1
858.525024414 -1 -1
859.257995605 -2 -1
859.908996582 -1 -1
860.562011719 -1 0
861.435974121 0 0
862.041015625 0 -1
862.932983398 -1 -1
863.543029785 -1 0
864.403015137 0 0
865.218994141 0 -1
865.924987793 -1 -1
866.736999512 -1 0
867.482971191 -1 -1
868.317016602 -1 0
869.054016113 -1 -1
869.736999512 -1 0
870.478027344 -1 -1
871.202026367 -1 0
871.978027344 -1 -1
872.848022461 -1 0
873.684997559 -1 -1
874.398010254 -1 0
875.184997559 -1 -1
875.885986328 -1 0
876.601013184 -1 -1
877.208984375 -1 0
877.840026855 -1 -1
878.494995117 -1 0
879.362976074 -1 -1
879.994018555 -1 0
880.797973633 -1 -1
881.468017578 -1 0
882.354980469 -1 -1
882.992980957 -1 0
883.844970703 -1 -1
884.70098877 -1 0
885.382995605 -1 1
886.262023926 -1 2
886.965026855 0 2
887.604003906 0 1
888.491027832 0 0
889.114013672 0 -1
889.732971191 -1 -1
890.5 -1 0
891.236022949 -1 1
891.854003906 -1 2
892.611022949 0 2
893.344970703 0 1
894.159973145 -1 1
894.775024414 -1 2
895.612976074 0 2
896.468994141 -1 2
897.094970703 0 2
897.87298584 1 2
898.760009766 0 2
899.575012207 1 2
900.432983398 0 2
901.062011719 1 2
901.931030273 0 2
902.588989258 1 2
903.293029785 0 2
903.960021973 1 2
904.789001465 0 2
905.551025391 1 2
906.364990234 1 1
907.028991699 1 0
907.913024902 1 -1
908.74597168 0 -1
909.62701416 -1 -1
910.231994629 -1 0
910.901977539 -1 1
911.596008301 -1 2
912.403991699 0 2
913.202026367 0 1
913.882019043 0 0
914.523010254 0 -1
915.12902832 1 -1
915.911010742 0 -1
916.596984863 1 -1
917.400024414 0 -1
918.080993652 1 -1
918.973022461 0 -1
919.807006836 1 -1
920.54699707 0 -1
921.413024902 1 -1
922.148986816 1 0
922.874023438 1 -1
923.706970215 1 0
924.392028809 1 -1
925.111022949 1 0
925.869018555 1 -1
926.75201416 1 0
927.414001465 1 -1
928.307983398 1 0
928.926025391 1 -1
929.767028809 1 0
930.58001709 1 -1
931.403015137 2 -1
932.29498291 2 0
933.088012695 2 1
933.726013184 1 1
934.526000977 0 1
935.341003418 -1 1
936.078979492 -1 2
936.729980469 0 2
937.585998535 0 1
938.349975586 -1 1
939.182006836 -1 2
939.961975098 0 2
940.713989258 1 2
941.393005371 1 1
942.064025879 0 1
942.895019531 -1 1
943.541992188 0 1
944.42401123 -1 1
945.114013672 0 1
945.916015625 -1 1
946.62902832 0 1
947.307006836 -1 1
948.117980957 -2 1
948.741027832 -1 1
949.361999512 0 1
950.0 -1 1
950.66998291 0 1
951.473999023 -1 1
952.12701416 0 1
952.788024902 -1 1
953.439025879 0 1
954.127990723 -1 1
954.776000977 -2 1
955.442993164 -1 1
956.077026367 0 1
956.817016602 -1 1
957.669006348 0 1
958.281005859 -1 1
959.013977051 0 1
959.903015137 -1 1
960.604980469 0 1
961.353027344 0 0
962.096984863 0 -1
962.760009766 1 -1
963.53302002 1 0
964.252990723 1 -1
965.010986328 1 0
965.831970215 1 -1
966.596984863 1 0
967.270996094 1 -1
967.981018066 1 0
968.693969727 1 -1
969.570007324 1 0
970.265991211 1 -1
971.005981445 1 0
971.62902832 1 -1
972.424987793 1 0
973.145996094 1 -1
973.770996094 1 0
974.638000488 1 -1
975.375 1 0
976.109008789 1 -1
976.926025391 1 0
977.79699707 1 -1
978.541992188 1 0
979.414001465 1 -1
980.273986816 1 0
981.059997559 1 -1
981.74597168 1 0
982.348999023 1 -1
983.179992676 1 0
983.945007324 1 -1
984.650024414 1 0
985.359008789 1 -1
985.994995117 2 -1
986.794006348 2 0
987.583984375 2 1
988.192993164 1 1
989.025024414 0 1
989.786987305 -1 1
990.5 -2 1
991.250976562 -1 1
991.958007812 0 1
992.588989258 -1 1
993.229980469 0 1
993.989013672 -1 1
994.760009766 0 1
995.37701416 0 0
996.112976074 0 -1
996.835021973 1 -1
997.447998047 1 0
998.106018066 1 -1
998.916992188 1 0
999.742004395 1 -1
1000.4329834 1 0
1001.07598877 1 -1
1001.91101074 1 0
1002.66998291 1 -1
1003.5579834 1 0
1004.20202637 1 -1
1004.80700684 1 0
1005.59698486 0 0
1006.32598877 0 -1
1007.2119751 1 -1
1007.86798096 1 0
1008.4710083 0 0
1009.30999756 0 -1
1010.20898438 1 -1
1010.82501221 1 0
1011.44799805 0 0
1012.33001709 0 -1
1013.11401367 1 -1
1013.92700195 1 0
1014.76898193 0 0
1015.39599609 0 -1
1016.04302979 1 -1
1016.69702148 1 0
1017.50598145 1 -1
1018.11401367 1 0
1018.86901855 1 -1
1019.52801514 1 0
1020.30297852 1 -1
1021.10998535 1 0
1021.92999268 2 0
1022.74499512 2 1
1023.37799072 2 2
1024.14599609 1 2
1024.78796387 2 2
1025.64404297 1 2
1026.38500977 1 1
1027.10595703 2 1
1027.9029541 2 2
1028.51403809 1 2
1029.11694336 1 1
1029.72705078 0 1
1030.52404785 0 0
1031.41394043 0 -1
1032.03295898 1 -1
1032.78503418 1 0
1033.43395996 1 -1
1034.19604492 1 0
1034.94702148 1 -1
1035.8260498 1 0
1036.70397949 1 -1
1037.39501953 2 -1
1038.08398438 2 0
1038.75097656 2 1
1039.43603516 2 2
1040.08203125 1 2
1040.83300781 1 1
1041.62097168 0 1
1042.43505859 0 0
1043.30505371 0 -1
1043.93395996 1 -1
1044.65600586 2 -1
1045.33496094 2 0
1045.97497559 2 1
1046.61694336 2 2
1047.29003906 1 2
1047.93200684 1 1
1048.58300781 0 1
1049.44604492 0 0
1050.34594727 0 -1
1050.99304199 1 -1
1051.68994141 2 -1
1052.4329834 2 0
1053.07897949 2 1
1053.90600586 1 1
1054.69604492 0 1
1055.39697266 0 0
1056.00805664 0 -1
1056.9029541 1 -1
1057.55895996 1 0
1058.16503906 1 -1
1059.06494141 1 0
1059.87805176 1 -1
1060.67602539 1 0
1061.31799316 1 -1
1061.98706055 1 0
1062.63793945 1 -1
1063.30200195 1 0
1064.13696289 1 -1
1064.85705566 1 0
1065.73803711 1 -1
1066.33898926 1 0
1067.04003906 1 -1
1067.76696777 1 0
1068.42700195 1 -1
1069.19799805 1 0
1070.06396484 1 -1
1070.90002441 1 0
1071.60498047 1 -1
1072.23095703 1 0
1073.05297852 1 -1
1073.78295898 1 0
1074.59094238 1 -1
1075.20703125 1 0
1076.10595703 1 -1
1076.99902344 1 0
1077.71105957 0 0
1078.37902832 0 -1
1079.13500977 1 -1
1079.76904297 1 0
1080.46105957 0 0
1081.2869873 -1 0
1081.90100098 -1 -1
1082.6340332 -1 0
1083.35900879 -1 -1
1084.06103516 -1 0
1084.88793945 -2 0
1085.66601562 -2 1
1086.32397461 -1 1
1087.20202637 0 1
1087.81396484 -1 1
1088.52905273 0 1
1089.14599609 -1 1
1089.97595215 0 1
1090.80395508 -1 1
1091.4239502 -1 2
1092.31005859 0 2
1092.92700195 1 2
1093.80603027 0 2
1094.43200684 1 2
1095.03894043 0 2
1095.7199707 1 2
1096.4050293 0 2
1097.18798828 0 1
1097.85803223 0 2
1098.48303223 0 1
1099.32397461 0 2
1099.96704102 0 3
1100.66003418 0 2
1101.37402344 0 1
1101.99694824 0 0
1102.83898926 0 -1
1103.58105469 1 -1
1104.24304199 1 0
1105.11096191 1 -1
1105.86999512 1 0
1106.75500488 1 -1
1107.51904297 1 0
1108.21594238 1 -1
1108.89904785 1 0
1109.62805176 1 -1
1110.48706055 1 0
1111.15002441 1 -1
1111.9329834 1 0
1112.61804199 2 0
1113.48400879 2 1
1114.35400391 1 1
1115.04797363 0 1
1115.7869873 0 0
1116.59802246 0 -1
1117.40698242 1 -1
1118.17895508 1 0
1119.02600098 2 0
1119.75195312 2 1
1120.52099609 1 1
1121.19104004 2 1
1122.02294922 1 1
1122.82202148 2 1
1123.50805664 1 1
1124.37194824 0 1
1125.26000977 -1 1
1125.88500977 -1 2
1126.61804199 0 2
1127.27197266 0 1
1128.17199707 -1 1
1128.92700195 -1 2
1129.60095215 0 2
1130.40405273 0 1
1131.04003906 -1 1
1131.92504883 -1 2
1132.67004395 0 2
1133.40100098 0 1
1134.27001953 0 0
1135.00805664 -1 0
1135.81005859 -2 0
1136.51196289 -1 0
1137.17895508 -2 0
1137.89697266 -1 0
1138.70300293 -2 0
1139.46203613 -1 0
1140.0760498 -2 0
1140.85595703 -1 0
1141.46899414 -2 0
1142.22302246 -1 0
1142.94396973 0 0
1143.59802246 -1 0
1144.29394531 0 0
1145.0880127 -1 0
1145.90698242 0 0
1146.63696289 0 -1
1147.27905273 1 -1
1147.98596191 1 0
1148.72094727 2 0
1149.52697754 2 1
1150.25805664 1 1
1150.91101074 0 1
1151.6619873 0 0
1152.4699707 -1 0
1153.32397461 0 0
1154.19104004 0 -1
1154.90698242 1 -1
1155.72900391 1 0
1156.43701172 2 0
1157.1529541 2 1
1157.77197266 1 1
1158.40698242 0 1
1159.16796875 0 0
1159.93798828 -1 0
1160.57897949 0 0
1161.41503906 0 -1
1162.31298828 1 -1
1163.07202148 1 0
1163.80004883 2 0
1164.69799805 2 1
1165.32299805 1 1
1166.09094238 0 1
1166.76794434 -1 1
1167.48095703 0 1
1168.11206055 -1 1
1168.9909668 0 1
1169.75598145 -1 1
1170.54797363 0 1
1171.37304688 -1 1
1172.07104492 -2 1
1172.69104004 -1 1
1173.34301758 -2 1
1174.22094727 -1 1
1175.05700684 0 1
1175.92700195 -1 1
1176.55004883 0 1
1177.28503418 -1 1
1178.01196289 0 1
1178.85205078 -1 1
1179.7409668 0 1
1180.57104492 -1 1
1181.41003418 0 1
1182.18603516 -1 1
1182.94799805 -1 0
1183.58605957 -1 -1
1184.41296387 -1 0
1185.1619873 -1 -1
1185.88098145 -1 0
1186.60803223 -1 -1
1187.45703125 -1 0
1188.07995605 -1 -1
1188.89001465 -1 0
1189.57202148 -1 -1
1190.34399414 -1 0
1191.18505859 -1 -1
1191.9119873 -1 0
1192.69897461 -1 -1
1193.3659668 -1 0
1194.15002441 -1 -1
1194.93505859 -1 0
1195.78796387 -1 -1
1196.67700195 -1 0
1197.5489502 -1 -1
1198.34399414 -1 0
1199.1739502 -1 -1
1199.90405273 -1 0
1200.76000977 -1 -1
1201.62194824 -1 0
1202.23498535 -1 1
1203.0579834 -1 2
1203.73095703 0 2
1204.35998535 0 1
1205.17297363 -1 1
1205.82397461 -1 2
1206.52404785 0 2
1207.23596191 0 1
1208.06994629 -1 1
1208.92102051 -1 2
1209.74694824 0 2
1210.36303711 1 2
1211.07495117 2 2
1211.72802734 1 2
1212.55603027 1 1
1213.38598633 0 1
1214.20605469 -1 1
1215.00097656 -1 0
1215.82800293 -1 -1
1216.44396973 -1 0
1217.1529541 -1 -1
1217.8470459 -1 0
1218.54504395 -1 1
1219.2989502 -1 0
1220.00695801 -1 1
1220.61096191 -2 1
1221.44494629 -1 1
1222.08203125 0 1
1222.97094727 -1 1
1223.76098633 0 1
1224.49401855 -1 1
1225.37805176 0 1
1226.06201172 -1 1
1226.86401367 0 1
1227.73303223 -1 1
1228.5880127 0 1
1229.22302246 -1 1
1229.98706055 0 1
1230.76904297 -1 1
1231.37304688 0 1
1232.22595215 -1 1
1232.95996094 0 1
1233.66894531 -1 1
1234.55004883 -2 1
1235.24304199 -1 1
1235.93896484 0 1
1236.64697266 -1 1
1237.3659668 0 1
1238.21594238 -1 1
1238.95300293 0 1
1239.7590332 -1 1
1240.42895508 0 1
1241.16101074 -1 1
1241.90600586 0 1
1242.66394043 -1 1
1243.34204102 0 1
1244.12805176 -1 1
1244.76696777 0 1
1245.47802734 -1 1
1246.22497559 -1 2
1246.85302734 0 2
1247.71801758 0 1
1248.35205078 0 0
1249.21398926 0 -1
1249.87402344 0 -2
1250.72900391 0 -1
1251.61206055 0 -2
1252.29101562 0 -1
1253.13793945 0 -2
1253.87805176 0 -1
1254.67797852 0 0
1255.50097656 0 -1
1256.38598633 0 0
1257.11303711 0 -1
1257.73901367 -1 -1
1258.55895996 -1 0
1259.26196289 -1 1
1259.87597656 -1 2
1260.75695801 0 2
1261.38598633 0 1
1261.99304199 0 0
1262.82397461 0 -1
1263.6920166 -1 -1
1264.40905762 -1 0
1265.22399902 -1 -1
1266.00097656 -1 0
1266.62597656 -1 -1
1267.47302246 -1 0
1268.28295898 -1 -1
1269.03894043 -1 0
1269.83203125 -1 -1
1270.67602539 -1 0
1271.57202148 -2 0
1272.41894531 -1 0
1273.2779541 -2 0
1273.94104004 -1 0
1274.59399414 -2 0
1275.31201172 -1 0
1276.08203125 -2 0
1276.98095703 -1 0
1277.82299805 -2 0
1278.47998047 -1 0
1279.22302246 -2 0
1279.84301758 -1 0
1280.60205078 -1 1
1281.3659668 0 1
1282.11901855 0 0
1282.7199707 0 -1
1283.61999512 -1 -1
1284.35400391 -1 0
1284.96398926 -1 1
1285.59594727 0 1
1286.46496582 0 0
1287.15002441 0 -1
1287.89599609 -1 -1
1288.74597168 -1 0
1289.39294434 0 0
1290.11303711 0 1
1290.9510498 0 0
1291.74597168 0 -1
1292.36901855 -1 -1
1293.20703125 -1 0
1293.95703125 0 0
1294.80297852 0 1
1295.59594727 0 0
1296.38195801 0 -1
1297.18603516 -1 -1
1297.79797363 -1 0
1298.4329834 -1 1
1299.28503418 0 1
1299.92700195 0 0
1300.8079834 0 -1
1301.60998535 -1 -1
1302.25305176 -1 0
1303.06298828 -1 1
1303.7590332 0 1
1304.53295898 0 0
1305.29602051 0 1
1306.14501953 0 2
1306.99401855 1 2
1307.68200684 2 2
1308.41296387 1 2
1309.08898926 1 1
1309.70800781 0 1
1310.4699707 0 2
1311.27099609 1 2
1312.09094238 0 2
1312.83105469 1 2
1313.56298828 0 2
1314.21801758 1 2
1314.96801758 1 1
1315.69494629 0 1
1316.4510498 0 2
1317.07800293 0 1
1317.88500977 0 2
1318.68395996 0 3
1319.40405273 0 2
1320.19494629 0 1
1320.86499023 0 2
1321.69799805 0 1
1322.57495117 0 2
1323.27099609 0 1
1324.08703613 0 0
1324.98400879 -1 0
1325.7010498 -1 1
1326.49304199 0 1
1327.37805176 0 0
1328.13305664 -1 0
1328.93701172 -1 1
1329.63098145 0 1
1330.49597168 -1 1
1331.30505371 0 1
1331.90698242 -1 1
1332.66894531 0 1
1333.29003906 -1 1
1334.1619873 0 1
1334.79199219 -1 1
1335.65600586 0 1
1336.44995117 -1 1
1337.26599121 0 1
1338.11206055 -1 1
1338.87402344 0 1
1339.61499023 -1 1
1340.2220459 -2 1
1340.89196777 -1 1
1341.62597656 0 1
1342.51501465 -1 1
1343.39599609 0 1
1344.10803223 -1 1
1344.80102539 0 1
1345.64404297 -1 1
1346.30004883 0 1
1346.95898438 -1 1
1347.85705566 0 1
1348.68103027 -1 1
1349.33105469 -1 2
1350.01293945 0 2
1350.86694336 0 1
1351.55603027 0 0
1352.29394531 -1 0
1352.9699707 -1 1
1353.69799805 -1 0
1354.42895508 -1 1
1355.2130127 -1 0
1355.88500977 -1 1
1356.75598145 -1 0
1357.61901855 -1 1
1358.23596191 -1 0
1359.02001953 -1 1
1359.83105469 -1 0
1360.68395996 -1 1
1361.51293945 -1 0
1362.18505859 -1 1
1362.93603516 -1 0
1363.54003906 -1 1
1364.3659668 -1 0
1365.04003906 -1 1
1365.76403809 -1 0
1366.50805664 -1 1
1367.38500977 -1 0
1368.01794434 -2 0
1368.71398926 -1 0
1369.46398926 -2 0
1370.27001953 -1 0
1370.92602539 -2 0
1371.74401855 -1 0
1372.35302734 0 0
1373.22302246 0 -1
1373.89294434 -1 -1
1374.78894043 -1 0
1375.39294434 0 0
1376.01904297 0 -1
1376.64904785 -1 -1
1377.51403809 -1 0
1378.32702637 -1 -1
1379.08105469 -1 0
1379.74694824 -1 -1
1380.52197266 -1 0
1381.21899414 -1 -1
1382.06396484 -1 0
1382.69299316 -1 -1
1383.4630127 -1 0
1384.25305176 -1 -1
1385.1340332 -1 0
1385.93994141 -1 -1
1386.79699707 -1 0
1387.50695801 -1 -1
1388.35803223 -1 0
1388.97595215 -1 -1
1389.85205078 -1 0
1390.59301758 -1 -1
1391.22595215 -1 0
1391.98205566 -1 -1
1392.875 -1 0
1393.66796875 -1 -1
1394.53503418 -1 0
1395.43395996 -1 -1
1396.04199219 -1 0
1396.93200684 -1 -1
1397.71801758 -1 0
1398.38793945 -1 1
1399.23095703 0 1
1400.00598145 -1 1
1400.62695312 0 1
1401.26904297 -1 1
1401.89294434 0 1
1402.54199219 -1 1
1403.40405273 0 1
1404.10498047 -1 1
1404.72094727 0 1
1405.57800293 -1 1
1406.1920166 0 1
1407.0489502 -1 1
1407.82897949 0 1
1408.5369873 -1 1
1409.27502441 0 1
1410.11499023 -1 1
1410.93701172 0 1
1411.78198242 -1 1
1412.41699219 0 1
1413.17602539 -1 1
1413.89794922 0 1
1414.5369873 -1 1
1415.41894531 0 1
1416.03405762 -1 1
1416.89599609 -1 2
1417.64904785 0 2
1418.36499023 0 1
1418.97595215 -1 1
1419.64196777 0 1
1420.54003906 -1 1
1421.30895996 0 1
1421.92602539 -1 1
1422.61499023 0 1
1423.49804688 -1 1
1424.30297852 0 1
1425.03894043 -1 1
1425.66101074 -1 2
1426.41894531 0 2
1427.20495605 0 1
1427.93896484 0 2
1428.83898926 0 1
1429.60498047 0 2
1430.22802734 0 1
1430.85302734 0 2
1431.73205566 0 1
1432.63000488 0 0
1433.34094238 0 1
1434.1619873 0 0
1434.90100098 -1 0
1435.52404785 -1 1
1436.14196777 0 1
1436.74694824 0 0
1437.39697266 -1 0
1438.23498535 -1 1
1439.08605957 0 1
1439.71801758 -1 1
1440.55200195 0 1
1441.22302246 -1 1
1442.05700684 0 1
1442.87805176 -1 1
1443.7409668 0 1
1444.43994141 -1 1
1445.2989502 0 1
1445.97998047 -1 1
1446.76696777 0 1
1447.6619873 -1 1
1448.5279541 0 1
1449.28601074 -1 1
1449.90698242 0 1
1450.53405762 -1 1
1451.20300293 0 1
1451.93005371 -1 1
1452.62902832 -2 1
1453.2800293 -1 1
1454.14099121 0 1
1454.94494629 -1 1
1455.61804199 0 1
1456.51403809 -1 1
1457.32897949 0 1
1458.01501465 -1 1
1458.80297852 0 1
1459.67602539 -1 1
1460.56604004 0 1
1461.39697266 -1 1
1462.29602051 0 1
1462.99499512 0 2
1463.72900391 0 1
1464.54504395 0 2
1465.38793945 0 1
1465.99804688 0 2
1466.89599609 0 1
1467.64294434 0 2
1468.39501953 0 1
1469.27502441 0 2
1470.13305664 0 1
1470.87194824 0 0
1471.58605957 0 1
1472.2800293 0 0
1473.08605957 0 1
1473.92102051 0 0
1474.56799316 0 1
1475.23303223 0 0
1475.875 0 1
1476.75805664 0 0
1477.49194336 0 1
1478.23095703 0 0
1478.96105957 0 1
1479.66003418 0 2
1480.44104004 0 1
1481.14904785 0 2
1481.75305176 0 1
1482.41894531 0 2
1483.14501953 0 1
1483.74902344 0 2
1484.48596191 0 1
1485.25805664 1 1
1485.86804199 2 1
1486.71105957 1 1
1487.35705566 2 1
1488.10205078 1 1
1488.94104004 2 1
1489.71899414 1 1
1490.5579834 2 1
1491.41394043 1 1
1492.15600586 2 1
1492.97302246 1 1
1493.77197266 2 1
1494.5949707 1 1
1495.19995117 1 0
1495.87402344 0 0
1496.69799805 -1 0
1497.40100098 -1 1
1498.09399414 0 1
1498.73901367 0 2
1499.45300293 0 1
1500.21899414 0 2
1501.05297852 0 1
1501.87805176 0 2
1502.62805176 0 1
1503.47900391 -1 1
1504.2220459 0 1
1504.83703613 -1 1
1505.71899414 0 1
1506.58996582 -1 1
1507.26196289 0 1
1507.90100098 -1 1
1508.55700684 0 1
1509.34899902 -1 1
1510.21899414 0 1
1510.93896484 -1 1
1511.79101562 0 1
1512.60400391 -1 1
1513.4909668 -2 1
1514.33398438 -1 1
1515.11401367 0 1
1515.72094727 -1 1
1516.37597656 0 1
1516.9909668 -1 1
1517.88793945 0 1
1518.62597656 -1 1
1519.39904785 0 1
1520.01501465 -1 1
1520.68200684 0 1
1521.29394531 -1 1
1522.08398438 0 1
1522.69299316 -1 1
1523.4239502 0 1
1524.30700684 0 0
1525.0760498 -1 0
1525.89294434 -1 -1
1526.61804199 -1 0
1527.42895508 -1 -1
1528.04797363 -1 0
1528.79797363 -1 -1
1529.47802734 -1 0
1530.12805176 -1 -1
1530.88098145 -1 0
1531.61303711 -1 -1
1532.46704102 -1 0
1533.29101562 -1 -1
1533.90600586 -1 0
1534.66601562 -2 0
1535.53503418 -1 0
1536.39501953 -2 0
1537.23303223 -1 0
1538.04003906 -2 0
1538.78796387 -1 0
1539.54199219 0 0
1540.29797363 -1 0
1541.02294922 0 0
1541.69299316 0 1
1542.35095215 -1 1
1543.14294434 0 1
1543.88500977 -1 1
1544.75 0 1
1545.56005859 0 2
1546.41296387 0 1
1547.0670166 0 0
1547.79003906 0 1
1548.54504395 0 0
1549.40002441 0 1
1550.15405273 0 0
1550.85595703 0 1
1551.74194336 0 2
1552.59594727 0 1
1553.34899902 0 2
1553.9720459 0 1
1554.69396973 0 2
1555.52600098 0 1
1556.17895508 0 2
1556.88903809 0 1
1557.67797852 0 2
1558.40002441 0 1
1559.09094238 0 0
1559.83300781 0 1
1560.50500488 0 0
1561.17504883 0 1
1561.94604492 0 0
1562.70800781 0 1
1563.3470459 0 2
1564.10205078 0 1
1564.83496094 1 1
1565.66699219 1 0
1566.56604004 0 0
1567.32897949 1 0
1568.06494141 2 0
1568.80102539 2 1
1569.58996582 1 1
1570.19799805 1 0
1570.98803711 1 -1
1571.70397949 1 0
1572.35803223 1 -1
1573.19604492 1 0
1574.0970459 1 -1
1574.88500977 1 0
1575.55004883 1 -1
1576.26904297 1 0
1576.9699707 1 -1
1577.62805176 1 0
1578.51196289 1 -1
1579.11901855 1 0
1579.86999512 2 0
1580.59399414 2 1
1581.38305664 1 1
1582.04602051 1 0
1582.68701172 2 0
1583.58496094 2 1
1584.44396973 1 1
1585.05395508 1 0
1585.81005859 0 0
1586.50305176 -1 0
1587.14904785 -1 1
1587.83605957 0 1
1588.46496582 0 2
1589.23205566 0 1
1590.09204102 1 1
1590.94604492 0 1
1591.59399414 1 1
1592.25695801 2 1
1592.98205566 1 1
1593.76696777 2 1
1594.64501953 1 1
1595.26501465 0 1
1595.97998047 1 1
1596.62902832 0 1
1597.34594727 1 1
1598.09802246 0 1
1598.71398926 1 1
1599.43994141 2 1
1600.04504395 1 1
1600.91296387 2 1
1601.70800781 1 1
1602.40100098 1 2
1603.19396973 1 1
1603.82397461 1 0
1604.5949707 1 -1
1605.2409668 1 0
1606.04602051 1 -1
1606.92102051 1 0
1607.72705078 1 -1
1608.45495605 1 0
1609.0760498 1 -1
1609.87902832 1 0
1610.72595215 1 -1
1611.39294434 1 0
1612.03796387 1 -1
1612.91101074 1 0
1613.66003418 1 -1
1614.26794434 1 0
1614.93200684 0 0
1615.78601074 -1 0
1616.6619873 -1 1
1617.45898438 0 1
1618.0949707 0 2
1618.89404297 0 1
1619.62402344 0 2
1620.26403809 0 1
1620.8659668 1 1
1621.46704102 1 0
1622.22900391 0 0
1622.85400391 1 0
1623.75 1 -1
1624.59899902 1 0
1625.4329834 2 0
1626.19604492 2 1
1626.87194824 1 1
1627.76403809 1 0
1628.64001465 1 -1
1629.4630127 1 0
1630.35900879 2 0
1631.18005371 2 1
1632.07995605 1 1
1632.68701172 1 0
1633.32104492 2 0
1634.17700195 2 1
1634.7800293 1 1
1635.49804688 1 0
1636.36999512 0 0
1637.15795898 1 0
1637.83300781 0 0
1638.57397461 1 0
1639.23901367 0 0
1640.01196289 1 0
1640.7779541 2 0
1641.45898438 2 1
1642.08703613 1 1
1642.69494629 1 0
1643.30297852 2 0
1643.99194336 2 1
1644.70300293 1 1
1645.33105469 1 0
1645.95800781 2 0
1646.72094727 2 1
1647.5949707 1 1
1648.27099609 0 1
1648.90197754 1 1
1649.68701172 0 1
1650.30200195 1 1
1650.97399902 0 1
1651.62304688 1 1
1652.49804688 0 1
1653.36499023 1 1
1654.04199219 0 1
1654.67504883 1 1
1655.56494141 2 1
1656.2010498 1 1
1657.00598145 1 2
1657.66394043 1 1
1658.33898926 1 0
1658.98901367 2 0
1659.67004395 2 1
1660.38793945 1 1
1661.18200684 1 0
1661.92297363 2 0
1662.66503906 2 1
1663.50305176 1 1
1664.22900391 1 0
1664.84802246 1 -1
1665.45605469 1 0
1666.07299805 1 -1
1666.95397949 1 0
1667.70605469 1 -1
1668.34204102 1 0
1669.10498047 1 -1
1669.93896484 1 0
1670.77600098 1 -1
1671.5090332 1 0
1672.18994141 2 0
1673.00500488 2 1
1673.81103516 1 1
1674.48498535 1 0
1675.22302246 2 0
1676.0970459 2 1
1676.90100098 1 1
1677.52404785 0 1
1678.2010498 1 1
1678.89794922 0 1
1679.66796875 1 1
1680.32202148 0 1
1681.11694336 1 1
1681.8840332 0 1
1682.62097168 1 1
1683.44897461 2 1
1684.22705078 1 1
1685.01000977 2 1
1685.61206055 1 1
1686.23706055 1 0
1687.12097168 2 0
1687.99194336 2 1
1688.70300293 1 1
1689.36096191 0 1
1690.15698242 1 1
1690.92504883 0 1
1691.67797852 1 1
1692.41894531 0 1
1693.16503906 1 1
1693.95495605 1 0
1694.64099121 1 -1
1695.36303711 1 0
1696.08105469 1 -1
1696.95703125 1 0
1697.82104492 1 -1
1698.48205566 1 0
1699.23803711 1 -1
1699.95397949 1 0
1700.55895996 1 -1
1701.27001953 1 0
1702.10803223 2 0
1702.92700195 2 1
1703.71398926 1 1
1704.41003418 1 2
1705.28601074 1 1
1706.05297852 1 0
1706.80004883 1 -1
1707.45397949 1 0
1708.24804688 1 -1
1709.05297852 1 0
1709.90002441 1 -1
1710.58105469 1 0
1711.23095703 1 -1
1712.00500488 1 0
1712.76098633 2 0
1713.54003906 2 1
1714.28894043 1 1
1715.08996582 1 0
1715.7989502 2 0
1716.53894043 1 0
1717.38903809 0 0
1718.02197266 1 0
1718.72302246 0 0
1719.57202148 1 0
1720.45397949 0 0
1721.06604004 1 0
1721.90002441 0 0
1722.54797363 1 0
1723.37597656 2 0
1724.21105957 1 0
1724.83203125 2 0
1725.69799805 2 1
1726.47900391 1 1
1727.17199707 1 0
1727.80004883 2 0
1728.42297363 2 1
1729.17297363 1 1
1729.89794922 1 0
1730.76293945 2 0
1731.62097168 2 1
1732.35900879 1 1
1733.08496094 1 0
1733.7989502 2 0
1734.49902344 1 0
1735.3170166 1 -1
1736.18005371 1 0
1736.91796875 1 -1
1737.81005859 1 0
1738.51293945 1 -1
1739.34899902 1 0
1740.24597168 1 1
1741.01293945 1 2
1741.81005859 1 1
1742.69494629 1 0
1743.59204102 1 -1
1744.27099609 1 0
1745.11901855 1 -1
1745.92700195 1 0
1746.70800781 1 1
1747.38000488 1 0
1748.18505859 1 1
1749.06896973 1 0
1749.94995117 1 1
1750.61206055 1 0
1751.44494629 1 1
1752.28503418 1 2
1753.06494141 1 1
1753.88000488 1 0
1754.72302246 1 1
1755.59301758 1 0
1756.23400879 1 1
1757.04199219 1 0
1757.72900391 2 0
1758.58105469 1 0
1759.29101562 2 0
1759.99194336 1 0
1760.75097656 0 0
1761.51098633 1 0
1762.14001465 2 0
1762.7779541 1 0
1763.63098145 0 0
1764.44799805 1 0
1765.21899414 0 0
1766.03295898 1 0
1766.7130127 0 0
1767.44104004 1 0
1768.1920166 2 0
1768.96704102 1 0
1769.79797363 2 0
1770.59301758 1 0
1771.34594727 2 0
1771.97998047 1 0
1772.73999023 1 1
1773.34094238 0 1
1774.02905273 1 1
1774.70605469 0 1
1775.4630127 1 1
1776.35400391 0 1
1776.96203613 1 1
1777.66394043 0 1
1778.37902832 1 1
1779.0670166 0 1
1779.92199707 1 1
1780.73303223 2 1
1781.4029541 1 1
1782.26403809 2 1
1783.07104492 1 1
1783.89099121 2 1
1784.75305176 1 1
1785.52697754 0 1
1786.15905762 1 1
1786.9239502 1 2
1787.69494629 1 1
1788.32800293 1 0
1788.9630127 1 1
1789.5949707 1 0
1790.35705566 1 1
1791.07495117 1 0
1791.88000488 1 1
1792.68103027 1 0
1793.55895996 1 1
1794.28405762 1 0
1795.09802246 1 1
1795.91394043 1 0
1796.56396484 1 1
1797.30297852 1 0
1797.99804688 1 1
1798.61804199 1 0
1799.32702637 1 1
1800.00402832 1 0
1800.66796875 1 1
1801.46704102 1 2
1802.16601562 1 1
1802.94799805 1 0
1803.60498047 1 1
1804.46801758 1 0
1805.35400391 1 1
1805.97094727 1 0
1806.79101562 1 1
1807.45300293 1 2
1808.19299316 1 1
1808.97399902 1 0
1809.85803223 1 1
1810.55004883 1 0
1811.25195312 1 1
1811.90405273 1 0
1812.58703613 1 1
1813.19104004 1 0
1813.93994141 1 1
1814.72094727 1 0
1815.46594238 1 1
1816.18005371 1 0
1816.99499512 1 1
1817.62097168 1 0
1818.48706055 1 1
1819.16503906 1 0
1819.83105469 1 1
1820.61096191 1 0
1821.45605469 1 1
1822.28796387 0 1
1823.05004883 1 1
1823.85205078 2 1
1824.71496582 1 1
1825.33398438 0 1
1825.94702148 1 1
1826.83898926 0 1
1827.62097168 1 1
1828.28796387 0 1
1829.08898926 1 1
1829.85095215 0 1
1830.70397949 1 1
1831.53503418 0 1
1832.34899902 1 1
1833.01403809 2 1
1833.65698242 1 1
1834.31005859 2 1
1835.13305664 1 1
1835.95703125 0 1
1836.67297363 1 1
1837.56799316 0 1
1838.20800781 1 1
1838.88598633 0 1
1839.7409668 1 1
1840.55395508 2 1
1841.44299316 1 1
1842.1619873 0 1
1842.98803711 1 1
1843.70996094 0 1
1844.45397949 1 1
1845.07104492 0 1
1845.87097168 1 1
1846.73706055 2 1
1847.54394531 1 1
1848.43005371 1 2
1849.27502441 1 1
1850.13696289 1 2
1850.7800293 1 1
1851.48803711 1 0
1852.33300781 1 1
1852.9630127 1 0
1853.68200684 1 1
1854.35998535 1 0
1854.9909668 1 1
1855.63000488 1 0
1856.29003906 1 1
1857.13598633 1 0
1857.98303223 1 1
1858.59204102 1 0
1859.47399902 1 1
1860.24304199 1 0
1861.08703613 1 1
1861.76501465 1 0
1862.51403809 1 1
1863.35998535 1 0
1864.20495605 1 1
1864.88500977 1 0
1865.5579834 1 1
1866.18505859 1 0
1867.08300781 1 1
1867.92199707 1 0
1868.6829834 1 1
1869.50305176 1 2
1870.23706055 1 1
1871.0760498 1 0
1871.90698242 1 1
1872.79296875 1 0
1873.49597168 1 1
1874.36999512 1 0
1875.17602539 1 1
1875.92199707 1 0
1876.52294922 1 1
1877.35803223 2 1
1878.08300781 1 1
1878.80505371 0 1
1879.5 1 1
1880.18505859 0 1
1880.93005371 1 1
1881.70605469 0 1
1882.45703125 1 1
1883.19299316 0 1
1884.01000977 1 1
1884.83996582 0 1
1885.58703613 1 1
1886.32104492 2 1
1886.92797852 1 1
1887.54394531 2 1
1888.39697266 1 1
1889.28503418 0 1
1890.03198242 1 1
1890.78198242 0 1
1891.48706055 1 1
1892.31103516 0 1
1893.11096191 1 1
1893.97802734 0 1
1894.68603516 1 1
1895.44299316 0 1
1896.11096191 1 1
1896.80200195 0 1
1897.69299316 1 1
1898.37805176 2 1
1899.16503906 1 1
1900.06298828 2 1
1900.75500488 1 1
1901.44494629 0 1
1902.05603027 1 1
1902.70300293 1 2
1903.38195801 1 1
1904.09204102 1 0
1904.72399902 1 1
1905.53295898 1 0
1906.16503906 1 1
1906.96398926 1 0
1907.80700684 1 1
1908.61499023 1 0
1909.43896484 1 1
1910.15905762 1 0
1910.78894043 1 1
1911.49194336 1 0
1912.21704102 1 1
1913.09802246 1 2
1913.95703125 1 1
1914.67004395 1 0
1915.27502441 1 1
1915.94702148 1 0
1916.84204102 1 1
1917.59594727 1 0
1918.31005859 1 1
1919.13305664 1 0
1919.86096191 1 1
1920.55102539 1 0
1921.25695801 1 1
1921.97900391 1 0
1922.72802734 1 1
1923.59594727 1 0
1924.35400391 1 1
1925.09594727 1 0
1925.86096191 1 1
1926.64404297 1 0
1927.30297852 1 1
1928.13195801 1 0
1928.98596191 1 1
1929.84301758 1 0
1930.52099609 1 1
1931.30200195 1 2
1932.01501465 1 1
1932.88305664 1 0
1933.59094238 1 1
1934.31994629 1 0
1935.19396973 1 1
1935.86694336 0 1
1936.73803711 1 1
1937.57495117 0 1
1938.4329834 1 1
1939.32702637 0 1
1940.00195312 1 1
1940.64599609 0 1
1941.49304199 1 1
1942.37695312 2 1
1943.17700195 1 1
1943.78503418 0 1
1944.48095703 1 1
1945.09899902 0 1
1945.84301758 1 1
1946.53894043 2 1
1947.2590332 1 1
1947.93103027 0 1
1948.56201172 1 1
1949.24499512 0 1
1949.99194336 1 1
1950.59802246 0 1
1951.38000488 1 1
1952.11499023 0 1
1952.79296875 1 1
1953.39697266 0 1
1954.24401855 1 1
1954.9510498 2 1
1955.81604004 1 1
1956.53601074 0 1
1957.40002441 1 1
1958.20495605 0 1
1958.96105957 1 1
1959.64904785 2 1
1960.43505859 1 1
1961.0369873 0 1
1961.83703613 1 1
1962.56201172 0 1
1963.23999023 1 1
1964.05200195 0 1
1964.76904297 1 1
1965.59301758 1 2
1966.26000977 1 1
1966.9699707 1 0
1967.68103027 1 1
1968.55895996 1 0
1969.18994141 1 1
1969.85205078 1 0
1970.50598145 1 1
1971.125 1 0
1971.82299805 1 1
1972.53503418 1 0
1973.16503906 1 1
1973.83898926 1 0
1974.50097656 1 1
1975.28295898 1 0
1976.01098633 1 1
1976.7199707 1 0
1977.51904297 1 1
1978.3470459 1 0
1978.97302246 1 1
1979.6529541 1 0
1980.30895996 1 1
1981.15795898 1 0
1981.8079834 1 1
1982.42504883 1 0
1983.08605957 1 1
1983.87902832 1 0
1984.71105957 1 1
1985.38000488 1 2
1986.07995605 1 1
1986.75598145 1 0
1987.55004883 1 1
1988.39294434 1 0
1989.23095703 1 1
1990.10705566 1 0
1990.92504883 1 1
1991.55505371 1 0
1992.28405762 1 1
1992.94299316 1 0
1993.81103516 1 1
1994.57495117 1 0
1995.42297363 1 1
1996.31201172 1 0
1996.93798828 1 1
1997.67895508 2 1
1998.33703613 1 1
1999.07897949 2 1
1999.96899414 1 1
2000.74694824 0 1
2001.55603027 1 1
2002.24694824 0 1
2002.95996094 1 1
2003.65905762 0 1
2004.35095215 1 1
2005.23999023 0 1
2006.10595703 1 1
2006.8380127 0 1
2007.49499512 1 1
2008.18603516 0 1
2009.03796387 1 1
2009.70495605 0 1
2010.3659668 1 1
2011.02600098 0 1
2011.76196289 1 1
2012.58398438 0 1
2013.19299316 1 1
2013.80505371 1 2
2014.59594727 1 1
2015.36206055 1 0
2015.98205566 1 1
2016.69897461 1 0
2017.44799805 1 1
2018.18603516 1 0
2018.86499023 1 1
2019.71801758 1 0
2020.49401855 1 1
2021.13793945 1 0
2021.96105957 1 1
2022.69104004 1 0
2023.38903809 2 0
2024.10205078 1 0
2024.75195312 2 0
2025.42602539 1 0
2026.11401367 2 0
2026.78601074 1 0
2027.52697754 2 0
2028.35900879 1 0
2029.05395508 2 0
2029.72998047 1 0
2030.58996582 2 0
2031.28100586 1 0
2032.12097168 2 0
2032.89099121 1 0
2033.69299316 0 0
2034.36694336 1 0
2035.25402832 0 0
2035.9909668 1 0
2036.85998535 0 0
2037.60998535 1 0
2038.25097656 0 0
2038.90795898 1 0
2039.56896973 0 0
2040.22094727 1 0
2041.06994629 0 0
2041.92199707 1 0
2042.61694336 0 0
2043.43395996 1 0
2044.15905762 0 0
2044.82995605 1 0
2045.65905762 2 0
2046.37304688 1 0
2047.05700684 2 0
2047.68701172 1 0
2048.33789062 2 0
2048.9440918 1 0
2049.64599609 2 0
2050.46606445 1 0
2051.19604492 1 -1
2052.0859375 1 0
2052.91992188 1 -1
2053.81689453 1 0
2054.52709961 1 -1
2055.17089844 1 0
2055.83691406 1 -1
2056.47290039 1 0
2057.22509766 1 -1
2058.09008789 1 0
2058.76293945 1 -1
2059.38500977 1 0
2060.08398438 1 -1
2060.69604492 1 0
2061.58398438 1 -1
2062.24609375 1 0
2062.86108398 1 -1
2063.67993164 1 0
2064.51489258 1 -1
2065.39111328 1 0
2066.26391602 1 -1
2067.10498047 1 0
2067.87109375 1 -1
2068.66601562 1 0
2069.53491211 1 -1
2070.23291016 1 0
2071.04003906 1 -1
2071.9050293 1 0
2072.63891602 1 -1
2073.49511719 1 0
2074.10205078 1 -1
2074.74804688 1 0
2075.35791016 1 -1
2076.23193359 1 0
2077.01708984 1 -1
2077.89111328 1 0
2078.49389648 1 -1
2079.15209961 1 0
2080.02587891 1 -1
2080.63305664 1 0
2081.39599609 1 1
2082.02490234 1 0
2082.69189453 1 1
2083.29711914 1 0
2083.93798828 1 1
2084.56591797 1 0
2085.37988281 1 1
2086.21704102 1 0
2086.97509766 1 1
2087.83105469 1 0
2088.66699219 1 1
2089.35888672 1 2
2090.15795898 1 1
2090.93994141 1 0
2091.7980957 1 1
2092.68798828 1 0
2093.51806641 1 1
2094.18896484 1 2
2094.9519043 1 1
2095.79101562 1 0
2096.51708984 1 1
2097.31201172 1 0
2097.95996094 1 1
2098.62988281 1 0
2099.23291016 1 1
2100.0090332 1 0
2100.83691406 1 1
2101.54003906 1 2
2102.40893555 1 1
2103.19702148 1 0
2104.03710938 1 1
2104.7980957 1 0
2105.41796875 1 1
2106.12792969 1 0
2106.95800781 1 1
2107.6730957 1 0
2108.32006836 1 1
2109.16601562 1 0
2109.85888672 1 1
2110.75097656 1 0
2111.41210938 1 1
2112.3059082 1 0
2113.05102539 1 1
2113.77709961 1 0
2114.56298828 2 0
2115.17089844 1 0
2115.7980957 2 0
2116.51708984 1 0
2117.26489258 2 0
2117.90991211 1 0
2118.57006836 2 0
2119.28198242 1 0
2120.02001953 2 0
2120.65893555 1 0
2121.3840332 2 0
2122.01708984 1 0
2122.63598633 2 0
2123.44604492 1 0
2124.21606445 0 0
2124.88110352 1 0
2125.70996094 0 0
2126.50195312 1 0
2127.10693359 0 0
2127.74389648 1 0
2128.47998047 0 0
2129.34106445 1 0
2129.97290039 0 0
2130.74389648 1 0
2131.5480957 0 0
2132.25390625 1 0
2133.04003906 0 0
2133.88598633 1 0
2134.63305664 0 0
2135.37402344 1 0
2136.18896484 0 0
2136.84106445 1 0
2137.50708008 2 0
2138.30493164 1 0
2138.93603516 1 1
2139.83398438 0 1
2140.55908203 1 1
2141.31396484 0 1
2142.18994141 1 1
2142.89306641 0 1
2143.62011719 1 1
2144.28393555 0 1
2144.91796875 1 1
2145.70092773 0 1
2146.35107422 1 1
2146.99707031 2 1
2147.86499023 1 1
2148.73388672 2 1
2149.35205078 1 1
2150.21704102 1 2
2150.90087891 1 1
2151.73803711 1 2
2152.34594727 1 1
2153.24194336 1 0
2153.98291016 1 1
2154.625 1 0
2155.25195312 1 1
2155.94311523 1 0
2156.66992188 1 1
2157.51000977 1 0
2158.13110352 1 1
2158.7800293 1 0
2159.58789062 1 1
2160.45507812 1 0
2161.21191406 1 1
2161.92895508 1 0
2162.64111328 1 1
2163.27392578 1 0
2163.91088867 1 1
2164.75488281 1 0
2165.54394531 1 1
2166.33105469 1 0
2167.06494141 1 1
2167.86010742 1 0
2168.54101562 1 1
2169.37109375 1 0
2170.01196289 1 1
2170.81298828 1 0
2171.54296875 1 1
2172.20898438 1 0
2172.90209961 1 1
2173.55200195 1 0
2174.2980957 1 1
2175.09790039 1 0
2175.75610352 1 1
2176.6550293 1 0
2177.54907227 1 1
2178.42895508 1 0
2179.2590332 1 1
2180.01806641 1 0
2180.78295898 1 1
2181.51708984 1 0
2182.29492188 1 1
2182.93994141 1 0
2183.68408203 1 1
2184.43505859 2 1
2185.23388672 1 1
2185.88989258 2 1
2186.69799805 1 1
2187.33203125 0 1
2188.13891602 1 1
2188.85302734 0 1
2189.73095703 1 1
2190.50292969 0 1
2191.39111328 1 1
2192.26489258 0 1
2193.1340332 1 1
2193.91210938 0 1
2194.64404297 1 1
2195.46191406 0 1
2196.14892578 1 1
2196.99389648 0 1
2197.80395508 1 1
2198.52294922 0 1
2199.29907227 1 1
2200.15405273 0 1
2200.99902344 1 1
2201.625 0 1
2202.46191406 1 1
2203.19311523 0 1
2203.87402344 1 1
2204.51806641 0 1
2205.21801758 1 1
2205.89794922 0 1
2206.67993164 1 1
2207.5300293 0 1
2208.33300781 1 1
2209.22290039 1 2
2209.99804688 1 1
2210.6550293 1 0
2211.31201172 1 1
2212.01806641 1 0
2212.67089844 1 1
2213.43408203 1 0
2214.14306641 1 1
2214.8840332 1 0
2215.77905273 1 1
2216.47290039 1 0
2217.23901367 1 1
2217.87207031 1 0
2218.5480957 1 1
2219.36303711 1 0
2220.20410156 1 1
2220.99804688 1 0
2221.87402344 1 1
2222.70800781 1 0
2223.51489258 1 1
2224.26293945 1 0
2225.11694336 1 1
2225.8840332 1 0
2226.625 1 1
2227.35009766 1 0
2228.16308594 2 0
2228.99511719 1 0
2229.67407227 2 0
2230.53295898 1 0
2231.35888672 2 0
2232.02001953 1 0
2232.73608398 2 0
2233.62207031 1 0
2234.52099609 2 0
2235.13110352 1 0
2235.89404297 2 0
2236.60498047 1 0
2237.3190918 2 0
2238.20507812 1 0
2239.09106445 2 0
2239.77197266 1 0
2240.56811523 2 0
2241.2890625 1 0
2241.93188477 0 0
2242.71899414 1 0
2243.55810547 0 0
2244.26611328 1 0
2245.0559082 0 0
2245.90209961 0 1
2246.58105469 0 0
2247.2590332 1 0
2247.98388672 1 -1
2248.625 0 -1
2249.28198242 1 -1
2249.97412109 0 -1
2250.77490234 1 -1
2251.60498047 0 -1
2252.33789062 1 -1
2252.95092773 0 -1
2253.82397461 1 -1
2254.53491211 0 -1
2255.19702148 1 -1
2255.91210938 0 -1
2256.6340332 0 -2
2257.46801758 0 -1
2258.25195312 0 -2
2258.97290039 0 -1
2259.71508789 0 -2
2260.41992188 0 -1
2261.27587891 0 -2
2261.93310547 0 -1
2262.81494141 0 0
2263.59204102 0 -1
2264.19311523 0 0
2264.97412109 0 -1
2265.86010742 0 0
2266.53198242 0 -1
2267.39404297 0 0
2268.10791016 0 -1
2268.73510742 0 0
2269.53100586 0 -1
2270.42089844 0 0
2271.08911133 0 -1
2271.84594727 0 0
2272.53491211 0 -1
2273.38696289 -1 -1
2274.15405273 -1 0
2275.04907227 0 0
2275.84008789 0 1
2276.72412109 0 0
2277.43896484 1 0
2278.07104492 1 -1
2278.69189453 0 -1
2279.39990234 -1 -1
2280.12402344 -1 0
2280.93505859 -1 1
2281.70898438 -1 0
2282.48999023 -1 1
2283.35302734 -1 0
2284.09912109 -1 1
2284.95288086 -1 0
2285.59106445 -1 1
2286.37695312 -1 0
2287.2199707 -1 1
2288.10595703 -1 0
2289.00610352 -1 1
2289.62988281 -1 0
2290.52001953 -1 -1
2291.31591797 -1 0
2292.12304688 -1 -1
2292.84301758 -1 0
2293.65600586 -1 -1
2294.54394531 -1 0
2295.38793945 -2 0
2296.12402344 -1 0
2296.94897461 -2 0
2297.63891602 -1 0
2298.31298828 -2 0
2299.16601562 -1 0
2299.7980957 -1 -1
2300.63696289 0 -1
2301.53393555 -1 -1
2302.4309082 0 -1
2303.14111328 -1 -1
2303.83398438 0 -1
2304.66210938 -1 -1
2305.35205078 0 -1
2305.97900391 -1 -1
2306.80297852 0 -1
2307.49902344 1 -1
2308.39208984 0 -1
2309.24389648 1 -1
2310.06396484 0 -1
2310.73193359 1 -1
2311.47802734 0 -1
2312.24902344 1 -1
2312.93603516 0 -1
2313.78393555 1 -1
2314.64990234 0 -1
2315.37011719 -1 -1
2316.01611328 0 -1
2316.89599609 -1 -1
2317.53491211 0 -1
2318.16088867 -1 -1
2318.94897461 0 -1
2319.84106445 -1 -1
2320.53198242 0 -1
2321.41503906 -1 -1
2322.12695312 0 -1
2323.01293945 -1 -1
2323.67895508 0 -1
2324.34912109 -1 -1
2325.02807617 0 -1
2325.64306641 -1 -1
2326.27807617 0 -1
2327.04589844 -1 -1
2327.84106445 0 -1
2328.5300293 0 -2
2329.2199707 0 -1
2329.88208008 0 -2
2330.66210938 0 -1
2331.34106445 0 -2
2332.09106445 0 -1
2332.92993164 0 -2
2333.65893555 0 -1
2334.38793945 0 0
2335.07397461 0 -1
2335.74902344 0 0
2336.54907227 0 -1
2337.27099609 0 0
2337.97607422 0 -1
2338.72509766 0 0
2339.59912109 0 -1
2340.21899414 -1 -1
2341.04711914 -1 0
2341.92993164 -1 -1
2342.65087891 -1 0
2343.27807617 -1 -1
2343.92407227 -1 0
2344.64404297 -1 -1
2345.5390625 -1 0
2346.27807617 -1 1
2347.10498047 -1 0
2347.90698242 -1 1
2348.55493164 -1 0
2349.43994141 -1 1
2350.20898438 -1 0
2351.05688477 -1 1
2351.73510742 -1 0
2352.5300293 -1 1
2353.26806641 -1 0
2354.07910156 -1 1
2354.7800293 -1 0
2355.47509766 -1 1
2356.10400391 -1 0
2356.73388672 -1 1
2357.43701172 -1 0
2358.11206055 -1 1
2358.81396484 -1 0
2359.61694336 -1 -1
2360.30395508 -1 0
2360.96289062 -1 -1
2361.77001953 -1 0
2362.54711914 -1 -1
2363.30102539 -1 0
2364.16992188 -1 -1
2364.96191406 -1 0
2365.70507812 -1 -1
2366.59399414 -1 0
2367.38500977 -1 -1
2368.02001953 -1 0
2368.76806641 -2 0
2369.49389648 -1 0
2370.20507812 -2 0
2370.88208008 -1 0
2371.71411133 0 0
2372.56494141 -1 0
2373.40087891 0 0
2374.13696289 -1 0
2374.96411133 0 0
2375.73510742 -1 0
2376.625 0 0
2377.34912109 -1 0
2378.16210938 0 0
2378.81811523 -1 0
2379.47607422 -1 1
2380.09912109 -1 0
2380.9140625 -1 1
2381.6940918 -1 0
2382.50488281 -1 1
2383.30810547 -1 0
2384.05688477 -2 0
2384.88110352 -1 0
2385.54492188 -2 0
2386.42211914 -1 0
2387.13793945 -1 -1
2387.94897461 0 -1
2388.66796875 -1 -1
2389.32495117 0 -1
2390.2019043 -1 -1
2390.86401367 0 -1
2391.6159668 -1 -1
2392.5090332 0 -1
2393.26806641 -1 -1
2394.05810547 0 -1
2394.87890625 -1 -1
2395.54907227 0 -1
2396.16210938 -1 -1
2396.83203125 0 -1
2397.45092773 -1 -1
2398.11791992 0 -1
2398.96411133 -1 -1
2399.61206055 0 -1
