0.500999987125 -2 -3
1.1740000248 -3 -3
r
1.86500000954 -2 -2
2.66700005531 -3 -2
3.51600003242 -3 -2
4.24700021744 -2 -2
5.11600017548 -1 -2
5.94000005722 0 -2
6.72900009155 -1 -2
7.52500009537 -2 -2
8.32199954987 -3 -2
9.19999980927 -3 -2
9.89799976349 -3 -2
10.7399997711 -3 -2
11.4379997253 -2 -2
12.1339998245 -3 -2
12.7840003967 -3 -2
13.4359998703 -2 -2
14.279999733 -3 -2
15.029999733 -3 -2
15.6949996948 -3 -1
16.3250007629 -3 0
17.0219993591 -3 1
17.8320007324 -2 1
18.4759998322 -1 1
19.1539993286 0 1
19.9930000305 -1 1
20.5979995728 -2 1
21.2089996338 -3 1
22.0820007324 -3 1
22.8020000458 -3 0
23.6480007172 -3 -1
24.3619995117 -2 -1
25.1849994659 -1 -1
25.9969997406 -2 -1
26.7059993744 -3 -1
27.4179992676 -3 -2
28.2089996338 -3 -3
r
28.9239997864 2 -2
29.5690002441 1 -2
30.3449993134 0 -2
31.0699996948 -1 -2
31.7220001221 -1 -3
32.3370018005 -1 -3
33.2369995117 -2 -3
34.0900001526 -3 -3
r
34.7599983215 -2 2
35.4410018921 -2 1
36.1759986877 -3 1
36.9350013733 -3 1
37.7760009766 -3 1
38.4459991455 -3 1
39.2249984741 -3 0
39.8800010681 -3 0
40.6790008545 -3 0
41.3160018921 -3 -1
42.0709991455 -3 -1
42.8199996948 -3 -2
43.6360015869 -3 -2
44.3650016785 -3 -3
r
45.0190010071 2 2
45.7290000916 1 2
46.5279998779 0 2
47.4210014343 0 1
48.0890007019 1 1
48.8650016785 2 1
49.6129989624 3 1
50.2480010986 3 1
51.0190010071 3 2
51.6259994507 3 3
r
52.3699989319 -2 -2
53.1259994507 -2 -3
53.8870010376 -2 -3
54.6189994812 -3 -3
r
55.2270011902 2 -2
56.03099823 1 -2
56.8129997253 0 -2
57.5390014648 -1 -2
58.3269996643 -2 -2
59.111000061 -3 -2
59.9770011902 -3 -2
60.7569999695 -3 -2
61.4259986877 -3 -3
r
62.1640014648 -2 2
63.0369987488 -2 1
63.7529983521 -2 0
64.6460037231 -2 -1
65.4309997559 -2 -2
66.2030029297 -2 -3
66.9359970093 -2 -3
67.6979980469 -3 -3
r
68.5559997559 2 2
69.2730026245 2 3
70.158996582 2 3
70.766998291 2 3
71.466003418 2 3
72.2799987793 2 3
72.9449996948 2 3
73.7210006714 2 3
74.5360031128 2 3
75.3799972534 2 3
76.1230010986 3 3
r
76.9840011597 -2 -2
77.8590011597 -3 -2
78.5640029907 -3 -2
79.1689987183 -3 -2
79.9449996948 -3 -2
80.6770019531 -3 -2
81.3099975586 -3 -3
r
82.0039978027 2 -2
82.75 1 -2
83.4800033569 0 -2
84.2070007324 -1 -2
85.0979995728 -2 -2
85.7919998169 -2 -3
86.5800018311 -3 -3
r
87.263999939 -2 2
87.9530029297 -2 1
88.6610031128 -2 0
89.4929962158 -2 -1
90.28099823 -3 -1
91.1569976807 -3 -2
91.9440002441 -3 -2
92.5759963989 -3 -2
93.1819992065 -3 -2
93.9599990845 -3 -2
94.7239990234 -3 -3
r
95.3639984131 2 2
96.0869979858 3 2
96.7959976196 3 2
97.6829986572 3 3
r
98.4869995117 -2 -2
99.2259979248 -2 -3
100.028999329 -2 -3
100.841003418 -3 -3
r
101.554000854 2 -2
102.336997986 2 -1
103.085998535 2 0
103.777000427 2 1
104.675003052 2 2
105.468002319 2 3
106.218002319 2 3
107.038002014 2 3
107.891998291 2 3
108.638000488 2 3
109.403999329 2 3
110.152000427 2 3
110.833000183 2 3
111.611000061 3 3
r
112.240997314 -2 2
113.125999451 -1 2
113.883003235 0 2
114.525001526 1 2
115.380996704 2 2
116.23400116 3 2
117.100997925 3 3
r
117.751998901 2 2
118.42099762 2 3
119.040000916 2 3
119.814002991 2 3
120.59400177 2 3
121.249000549 3 3
r
122.004997253 -2 -2
122.614997864 -3 -2
123.21900177 -3 -3
r
124.043998718 2 -2
124.736000061 2 -1
125.550003052 2 0
126.166999817 2 1
126.904998779 2 2
127.54699707 3 2
128.402999878 3 3
r
129.076004028 -2 2
129.929992676 -1 2
130.667999268 0 2
131.524993896 0 3
132.126998901 1 3
132.975997925 2 3
133.712997437 2 3
134.582992554 3 3
r
135.425003052 2 2
136.126998901 2 3
136.942993164 2 3
137.56199646 2 3
138.255004883 3 3
r
139.031005859 -2 -2
139.688995361 -2 -3
140.524993896 -3 -3
r
141.294006348 2 -2
142.089996338 2 -1
142.85899353 2 0
143.682998657 2 1
144.410003662 3 1
145.190994263 3 2
145.882995605 3 3
r
146.574996948 -2 2
147.332000732 -1 2
147.983001709 0 2
148.606994629 1 2
149.369995117 2 2
150.057998657 2 3
150.703994751 3 3
r
151.397994995 2 2
152.134994507 3 2
152.988998413 3 3
r
153.613006592 -2 -2
154.350006104 -2 -3
155.080993652 -3 -3
r
155.882995605 2 -2
156.583999634 2 -1
157.31199646 2 0
157.95199585 2 1
158.699996948 2 2
159.585998535 2 3
160.356994629 3 3
r
160.960006714 -2 2
161.826004028 -1 2
162.557006836 0 2
163.339996338 1 2
164.070007324 2 2
164.863998413 3 2
165.638000488 3 3
r
166.483001709 2 2
167.339996338 2 3
168.018005371 3 3
r
168.904998779 -2 -2
169.763000488 -3 -2
170.602996826 -3 -2
171.285003662 -3 -3
r
172.154998779 2 -2
172.972000122 3 -2
173.746002197 3 -1
174.569000244 3 0
175.220001221 3 1
175.899002075 3 1
176.647003174 3 2
177.397994995 3 2
178.0 3 2
178.882995605 3 3
r
179.755004883 -2 2
180.494995117 -1 2
181.220993042 0 2
182.024993896 1 2
182.649993896 2 2
183.440994263 3 2
184.20300293 3 3
r
184.98500061 2 2
185.828994751 2 3
186.509002686 3 3
r
187.259994507 -2 -2
187.884994507 -2 -3
188.772994995 -2 -3
189.660003662 -3 -3
r
190.264007568 2 -2
190.936004639 1 -2
191.753997803 0 -2
192.466995239 -1 -2
193.320999146 -2 -2
194.18800354 -3 -2
194.815994263 -3 -3
r
195.630004883 -2 2
196.473007202 -1 2
197.272994995 0 2
197.929000854 1 2
198.783996582 2 2
199.494995117 3 2
200.352996826 3 3
r
201.093002319 2 2
201.960006714 3 2
202.847000122 3 3
r
203.619003296 -2 -2
204.37600708 -3 -2
205.100006104 -3 -3
r
205.76499939 2 -2
206.468002319 1 -2
207.360992432 0 -2
208.166000366 -1 -2
209.033004761 -2 -2
209.854995728 -2 -3
210.583999634 -2 -3
211.425994873 -3 -3
r
212.240005493 -2 2
213.136993408 -1 2
213.945999146 0 2
214.766998291 1 2
215.606994629 2 2
216.220001221 2 3
216.972000122 3 3
r
217.817001343 2 2
218.494995117 3 2
219.154006958 3 2
219.990997314 3 3
r
220.774002075 -2 -2
221.466003418 -2 -3
222.287994385 -3 -3
r
222.930999756 2 -2
223.692993164 3 -2
224.317001343 3 -1
225.184005737 3 0
225.940994263 3 1
226.54800415 3 2
227.302993774 3 3
r
228.11000061 -2 2
228.809997559 -1 2
229.593994141 0 2
230.468002319 1 2
231.194000244 2 2
231.81300354 2 3
232.662002563 3 3
r
233.488998413 2 2
234.231002808 3 2
234.904006958 3 3
r
235.630996704 -2 -2
236.272003174 -3 -2
237.080993652 -3 -3
r
237.716995239 2 -2
238.550003052 1 -2
239.29800415 0 -2
240.072998047 -1 -2
240.873001099 -2 -2
241.636001587 -2 -3
242.520004272 -3 -3
r
243.363006592 -2 2
244.130004883 -1 2
244.875 0 2
245.546005249 1 2
246.18800354 2 2
247.001998901 2 3
247.87600708 3 3
r
248.628005981 2 2
249.455993652 2 3
250.210006714 3 3
r
250.886993408 -2 -2
251.628005981 -3 -2
252.477005005 -3 -3
r
253.160003662 2 -2
253.906005859 1 -2
254.570999146 0 -2
255.192001343 -1 -2
256.010009766 -2 -2
256.787994385 -2 -3
257.651000977 -3 -3
r
258.545013428 -2 2
259.205993652 -1 2
259.92401123 0 2
260.686004639 1 2
261.406005859 2 2
262.019989014 3 2
262.783996582 3 3
r
263.511993408 2 2
264.411987305 2 3
265.074005127 3 3
r
265.92300415 -2 -2
266.529998779 -2 -3
267.25100708 -3 -3
r
267.955993652 2 -2
268.640991211 1 -2
269.256988525 0 -2
270.035003662 -1 -2
270.906005859 -2 -2
271.569000244 -3 -2
272.29699707 -3 -3
r
273.040008545 -2 2
273.738006592 -1 2
274.489990234 0 2
275.098999023 1 2
275.835998535 2 2
276.596984863 3 2
277.292999268 3 3
r
277.929992676 2 2
278.575012207 2 3
279.437988281 3 3
r
280.212005615 -2 -2
280.888000488 -2 -3
281.609985352 -3 -3
r
282.290985107 2 -2
283.031005859 2 -1
283.688995361 2 0
284.355987549 2 1
284.979003906 2 2
285.740997314 3 2
286.355010986 3 3
r
286.984008789 -2 2
287.628997803 -1 2
288.49899292 0 2
289.354003906 1 2
290.239990234 2 2
291.12298584 2 3
291.813995361 3 3
r
292.471984863 2 2
293.315002441 3 2
293.925994873 3 3
r
294.528015137 -2 -2
295.160003662 -3 -2
296.019989014 -3 -3
r
296.756988525 2 -2
297.582000732 2 -1
298.268005371 2 0
299.165008545 2 1
299.808990479 2 2
300.410003662 2 3
301.276000977 3 3
r
302.170013428 -2 2
302.946990967 -1 2
303.714996338 0 2
304.518005371 1 2
305.25201416 2 2
305.872009277 2 3
306.520996094 3 3
r
307.397003174 2 2
308.164001465 3 2
308.854003906 3 3
r
309.722991943 -2 -2
310.477996826 -2 -3
311.213989258 -3 -3
r
311.890991211 2 -2
312.739013672 2 -1
313.381988525 2 0
314.175994873 2 1
314.980010986 2 2
315.684997559 3 2
316.505004883 3 3
r
317.154998779 -2 2
317.907989502 -1 2
318.710998535 0 2
319.463012695 1 2
320.075012207 2 2
320.919006348 2 3
321.743988037 3 3
r
322.621002197 2 2
323.227996826 3 2
324.083007812 3 3
r
324.70300293 -2 -2
325.388000488 -3 -2
326.108001709 -3 -3
r
327.002990723 2 -2
327.82598877 2 -1
328.572998047 2 0
329.216003418 2 1
330.052001953 2 2
330.765014648 3 2
331.485992432 3 3
r
332.285003662 -2 2
332.95098877 -1 2
333.62701416 0 2
334.388000488 1 2
335.234985352 2 2
335.838989258 2 3
336.635986328 3 3
r
337.343994141 2 2
337.95401001 3 2
338.697998047 3 3
r
339.351989746 -2 -2
340.041992188 -2 -3
340.835998535 -3 -3
r
341.695007324 2 -2
342.319000244 2 -1
343.12399292 2 0
343.759002686 2 1
344.602996826 2 2
345.217010498 3 2
345.872009277 3 3
r
346.730010986 -2 2
347.384002686 -1 2
348.265014648 0 2
348.893005371 1 2
349.50100708 2 2
350.204986572 2 3
350.908996582 3 3
r
351.697998047 2 2
352.588989258 3 2
353.302001953 3 3
r
353.959014893 -2 -2
354.783996582 -2 -3
355.536987305 -3 -3
r
356.433013916 2 -2
357.289001465 2 -1
358.019989014 2 0
358.839996338 2 1
359.694000244 2 2
360.542999268 3 2
361.227996826 3 3
r
361.958007812 -2 2
362.591003418 -1 2
363.240997314 0 2
363.903015137 1 2
364.511993408 2 2
365.12701416 3 2
365.890014648 3 3
r
366.635986328 2 2
367.291992188 2 3
368.096984863 3 3
r
368.752990723 -2 -2
369.37399292 -2 -3
370.045013428 -3 -3
r
370.895996094 2 -2
371.634002686 1 -2
372.485992432 0 -2
373.32598877 -1 -2
374.087005615 -2 -2
374.799987793 -3 -2
375.667999268 -3 -3
r
376.303985596 -2 2
377.183990479 -2 1
378.071990967 -2 0
378.760009766 -2 -1
379.621002197 -2 -2
380.462005615 -2 -3
381.338989258 -3 -3
r
382.093994141 2 2
382.808013916 3 2
383.596008301 3 3
r
384.432006836 -2 -2
385.312011719 -2 -3
386.093994141 -3 -3
r
386.897003174 2 -2
387.561004639 1 -2
388.417999268 0 -2
389.114990234 -1 -2
390.009002686 -2 -2
390.619995117 -3 -2
391.367004395 -3 -3
r
392.130004883 -2 2
392.742004395 -1 2
393.407012939 0 2
394.255004883 1 2
394.95401001 2 2
395.635009766 3 2
396.433990479 3 3
r
397.273010254 2 2
398.101989746 3 2
398.885009766 3 3
r
399.690002441 -2 -2
400.425994873 -2 -3
401.052001953 -3 -3
r
401.768005371 2 -2
402.559997559 2 -1
403.350006104 2 0
404.151000977 2 1
404.946990967 2 2
405.62600708 3 2
406.415985107 3 3
r
407.239013672 -2 2
407.946014404 -1 2
408.815002441 0 2
409.608001709 1 2
410.399993896 2 2
411.118988037 3 2
412.00100708 3 3
r
412.718994141 2 2
413.457000732 2 3
414.152008057 3 3
r
414.945007324 -2 -2
415.595001221 -2 -3
416.238006592 -3 -3
r
417.049987793 2 -2
417.772003174 2 -1
418.559997559 2 0
419.166992188 2 1
419.930999756 2 2
420.763000488 3 2
421.428009033 3 3
r
422.058013916 -2 2
422.865997314 -1 2
423.542999268 0 2
424.337005615 1 2
425.080993652 2 2
425.79901123 3 2
426.509002686 3 3
r
427.401000977 2 2
428.17300415 3 2
428.841003418 3 3
r
429.475006104 -2 -2
430.083007812 -2 -3
430.975006104 -3 -3
r
431.631011963 2 -2
432.399993896 2 -1
433.138000488 2 0
433.773010254 2 1
434.552001953 2 2
435.182006836 2 3
435.962005615 3 3
r
436.631988525 -2 2
437.386993408 -1 2
438.066009521 0 2
438.761993408 1 2
439.459014893 2 2
440.29901123 3 2
440.975006104 3 3
r
441.742004395 2 2
442.458007812 2 3
443.194000244 3 3
r
443.938995361 -2 -2
444.790008545 -2 -3
445.509002686 -3 -3
r
446.148986816 2 -2
446.984008789 2 -1
447.881011963 2 0
448.502990723 2 1
449.259002686 2 2
449.946990967 2 3
450.739990234 3 3
r
451.592010498 -2 2
452.230987549 -2 1
452.914001465 -2 0
453.640991211 -2 -1
454.243988037 -2 -2
455.028991699 -2 -3
455.821990967 -3 -3
r
456.644989014 2 2
457.403991699 3 2
458.29901123 3 3
r
458.973999023 -2 -2
459.589996338 -2 -3
460.334991455 -3 -3
r
460.968994141 2 -2
461.736999512 1 -2
462.566009521 0 -2
463.401000977 -1 -2
464.007995605 -2 -2
464.816986084 -3 -2
465.660003662 -3 -3
r
466.393005371 -2 2
467.240997314 -1 2
467.980987549 0 2
468.763000488 1 2
469.42401123 2 2
470.285003662 2 3
471.013000488 3 3
r
471.75201416 2 2
472.390991211 3 2
473.187988281 3 3
r
473.981994629 -2 -2
474.859985352 -3 -2
475.583007812 -3 -3
r
476.278991699 2 -2
477.015991211 2 -1
477.722991943 2 0
478.458007812 2 1
479.355010986 2 2
479.977996826 2 3
480.591003418 3 3
r
481.467987061 -2 2
482.110992432 -1 2
482.915985107 0 2
483.667999268 1 2
484.428985596 2 2
485.105987549 3 2
485.756988525 3 3
r
486.434997559 2 2
487.273010254 3 2
487.95199585 3 3
r
488.735992432 -2 -2
489.384002686 -2 -3
490.032012939 -3 -3
r
490.688995361 2 -2
491.334991455 1 -2
492.145996094 0 -2
492.984008789 -1 -2
493.605010986 -1 -3
494.472991943 -2 -3
495.07901001 -3 -3
r
495.967987061 -2 2
496.768005371 -1 2
497.393005371 0 2
498.023986816 1 2
498.70098877 2 2
499.545013428 3 2
500.411010742 3 3
r
501.240997314 2 2
502.049987793 3 2
502.712005615 3 3
r
503.54598999 -2 -2
504.209014893 -2 -3
505.052001953 -3 -3
r
505.742004395 2 -2
506.519012451 2 -3
507.289001465 1 -3
508.158996582 0 -3
508.911987305 -1 -3
509.559997559 -2 -3
510.368988037 -3 -3
r
511.169006348 -2 2
511.888000488 -1 2
512.655029297 0 2
513.456970215 1 2
514.268981934 2 2
515.041015625 3 2
515.861022949 3 3
r
516.685974121 2 2
517.348022461 3 2
517.95501709 3 3
r
518.770019531 -2 -2
519.482971191 -2 -3
520.309020996 -3 -3
r
521.00402832 2 -2
521.679016113 3 -2
522.510009766 3 -1
523.400024414 3 0
524.185974121 3 1
524.84197998 3 2
525.692016602 3 3
r
526.385986328 -2 2
527.20098877 -2 1
528.036010742 -2 0
528.867980957 -2 -1
529.565979004 -2 -2
530.265991211 -2 -3
531.010009766 -3 -3
r
531.778015137 2 2
532.432983398 3 2
533.297973633 3 3
r
534.114013672 -2 -2
534.866027832 -2 -3
535.614013672 -3 -3
r
536.327026367 2 -2
537.146972656 1 -2
537.945007324 0 -2
538.83001709 -1 -2
539.62298584 -2 -2
540.351989746 -3 -2
541.051025391 -3 -2
541.809997559 -3 -3
r
542.489013672 -2 2
543.331970215 -2 1
543.940002441 -2 0
544.719970703 -2 -1
545.452026367 -2 -2
546.239990234 -2 -3
546.95300293 -3 -3
r
547.734008789 2 2
548.619018555 2 3
549.357971191 3 3
r
549.974975586 -2 -2
550.770996094 -2 -3
551.590026855 -3 -3
r
552.380981445 2 -2
553.145996094 2 -1
553.937988281 2 0
554.54699707 2 1
555.409973145 2 2
556.223022461 3 2
556.916015625 3 3
r
557.557006836 -2 2
558.195007324 -2 1
558.903991699 -2 0
559.526977539 -2 -1
560.284973145 -2 -2
560.958984375 -2 -3
561.83001709 -3 -3
r
562.492980957 2 2
563.103027344 3 2
563.708984375 3 3
r
564.525024414 -2 -2
565.252990723 -2 -3
566.140014648 -3 -3
r
566.820983887 2 -2
567.57598877 2 -1
568.429992676 2 0
569.133972168 2 1
569.911010742 2 2
570.526977539 2 3
571.364013672 3 3
r
572.161010742 -2 2
572.966003418 -2 1
573.747009277 -2 0
574.572998047 -2 -1
575.385986328 -2 -2
575.994995117 -2 -3
576.750976562 -3 -3
r
577.53302002 2 2
578.310974121 3 2
578.974975586 3 3
r
579.732971191 -2 -2
580.614990234 -2 -3
581.304016113 -3 -3
r
582.187988281 2 -2
582.820983887 2 -1
583.478027344 2 0
584.122009277 2 1
584.895019531 2 2
585.523986816 3 2
586.20098877 3 3
r
587.090026855 -2 2
587.866027832 -1 2
588.728027344 0 2
589.603027344 1 2
590.362976074 2 2
591.088012695 3 2
591.981018066 3 3
r
592.775024414 2 2
593.521972656 2 3
594.348022461 3 3
r
595.140991211 -2 -2
595.757995605 -2 -3
596.635009766 -3 -3
r
597.317016602 2 -2
598.184020996 2 -1
598.914978027 2 0
599.541992188 2 1
600.351989746 2 2
601.232971191 2 3
602.034973145 3 3
r
602.755981445 -2 2
603.359985352 -1 2
604.096008301 0 2
604.744018555 1 2
605.484008789 2 2
606.229980469 2 3
607.109008789 3 3
r
607.718017578 2 2
608.408996582 2 3
609.104003906 3 3
r
609.880004883 -2 -2
610.648986816 -2 -3
611.271972656 -3 -3
r
612.039001465 2 -2
612.846008301 2 -3
613.570983887 1 -3
614.343017578 0 -3
614.971008301 -1 -3
615.836975098 -2 -3
616.664978027 -3 -3
r
617.37902832 -2 2
618.143005371 -2 1
618.752990723 -2 0
619.484008789 -2 -1
620.151977539 -2 -2
621.04901123 -2 -3
621.775024414 -3 -3
r
622.583984375 2 2
623.260986328 2 3
624.033996582 3 3
r
624.844970703 -2 -2
625.458984375 -2 -3
626.067016602 -3 -3
r
626.765991211 2 -2
627.594970703 2 -3
628.322998047 1 -3
629.182006836 0 -3
629.932983398 -1 -3
630.768981934 -2 -3
631.645996094 -3 -3
r
632.523010254 -2 2
633.171020508 -3 2
633.861999512 -3 1
634.70501709 -3 0
635.471984863 -3 -1
636.356994629 -3 -2
637.101989746 -3 -3
r
637.708007812 2 2
638.591003418 2 3
639.255981445 3 3
r
639.888000488 -2 -2
640.677978516 -2 -3
641.50402832 -3 -3
r
642.116027832 2 -2
642.921020508 3 -2
643.614990234 3 -1
644.37097168 3 0
644.976989746 3 1
645.836975098 3 2
646.538024902 3 3
r
647.372009277 -2 2
648.017028809 -1 2
648.914001465 0 2
649.539001465 1 2
650.280029297 2 2
650.999023438 3 2
651.815002441 3 3
r
652.642028809 2 2
653.270996094 3 2
653.914978027 3 3
r
654.546020508 -2 -2
655.242004395 -2 -3
655.872009277 -3 -3
r
656.510986328 2 -2
657.409973145 3 -2
658.197998047 3 -1
658.940979004 3 0
659.810974121 3 1
660.632995605 3 2
661.239990234 3 3
r
661.892028809 -2 2
662.664001465 -1 2
663.309997559 0 2
664.122009277 1 2
665.018005371 2 2
665.624023438 3 2
666.361022949 3 3
r
667.111999512 2 2
667.916992188 3 2
668.622009277 3 3
r
669.346008301 -2 -2
670.192016602 -2 -3
671.054992676 -3 -3
r
671.695983887 2 -2
672.322998047 3 -2
673.213989258 3 -1
674.023010254 3 0
674.789978027 3 1
675.679992676 3 2
676.327026367 3 3
r
677.143005371 -2 2
677.79699707 -3 2
678.603027344 -3 1
679.20501709 -3 2
680.007995605 -2 2
680.630981445 -1 2
681.437988281 0 2
682.218994141 1 2
682.935974121 2 2
683.664978027 3 2
684.29498291 3 3
r
685.109985352 2 2
685.739013672 3 2
686.598022461 3 3
r
687.411010742 -2 -2
688.304992676 -2 -3
689.132019043 -3 -3
r
689.831970215 2 -2
690.62902832 3 -2
691.413024902 3 -3
692.080993652 2 -3
692.791992188 3 -3
693.494995117 2 -3
694.221008301 1 -3
694.869018555 0 -3
695.58001709 -1 -3
696.346984863 -2 -3
697.127990723 -3 -3
r
697.84197998 -2 2
698.57598877 -1 2
699.229980469 0 2
699.924987793 1 2
700.530029297 2 2
701.257019043 3 2
702.130981445 3 3
r
702.898986816 2 2
703.515991211 3 2
704.234985352 3 3
r
704.948974609 -2 -2
705.710021973 -2 -3
706.369995117 -3 -3
r
707.106018066 2 -2
707.888977051 2 -3
708.609985352 1 -3
709.429016113 0 -3
710.031005859 -1 -3
710.757019043 -2 -3
711.603027344 -3 -3
r
712.492004395 -2 2
713.226013184 -1 2
713.927978516 0 2
714.719970703 1 2
715.385009766 2 2
716.205993652 3 2
717.067993164 3 3
r
717.84197998 2 2
718.619018555 3 2
719.494018555 3 3
r
720.260009766 -2 -2
721.091003418 -2 -3
721.965026855 -3 -3
r
722.687011719 2 -2
723.58001709 2 -3
724.344970703 1 -3
724.956970215 0 -3
725.692016602 -1 -3
726.34197998 -2 -3
726.968994141 -3 -3
r
727.655029297 -2 2
728.265014648 -1 2
728.872009277 0 2
729.750976562 1 2
730.424987793 2 2
731.041015625 3 2
731.705993652 3 3
r
732.515991211 2 2
733.237976074 3 2
734.044006348 3 3
r
734.914978027 -2 -2
735.523986816 -2 -3
736.390991211 -3 -3
r
737.07800293 2 -2
737.942016602 2 -3
738.778991699 1 -3
739.528991699 0 -3
740.275024414 -1 -3
740.947998047 -2 -3
741.713989258 -3 -3
r
742.533996582 -2 2
743.283996582 -3 2
744.031982422 -3 1
744.79498291 -3 0
745.596984863 -3 -1
746.244995117 -3 -2
746.856994629 -3 -3
r
747.75 2 2
748.622009277 3 2
749.392028809 3 3
r
750.143005371 -2 -2
750.801025391 -2 -3
751.508972168 -3 -3
r
752.320983887 2 -2
753.138977051 2 -3
753.961975098 1 -3
754.765014648 0 -3
755.664001465 -1 -3
756.414001465 -2 -3
757.030029297 -3 -3
r
757.681030273 -2 2
758.322998047 -3 2
758.929016113 -3 1
759.578979492 -3 0
760.362976074 -3 -1
761.062011719 -3 -2
761.888000488 -3 -3
r
762.668029785 2 2
763.306030273 3 2
764.023986816 3 3
r
764.637023926 -2 -2
765.315979004 -2 -3
765.979980469 -3 -3
r
766.616027832 2 -2
767.479003906 3 -2
768.361999512 3 -1
769.117980957 3 0
769.937011719 3 1
770.70098877 3 2
771.593017578 3 3
r
772.291992188 -2 2
773.187988281 -3 2
773.965026855 -3 3
774.619018555 -2 3
775.461975098 -1 3
776.179016113 0 3
776.844970703 1 3
777.565979004 2 3
778.17401123 3 3
r
778.922973633 2 2
779.726989746 3 2
780.484985352 3 3
r
781.202026367 -2 -2
781.869995117 -2 -3
782.594970703 -3 -3
r
783.221008301 2 -2
784.025024414 2 -3
784.896972656 1 -3
785.682006836 0 -3
786.364990234 -1 -3
786.982971191 -2 -3
787.75402832 -3 -3
r
788.599975586 -2 2
789.333007812 -2 3
790.067016602 -2 2
790.95501709 -2 3
791.687988281 -2 2
792.541015625 -2 1
793.307983398 -2 0
794.093994141 -2 -1
794.934020996 -2 -2
795.788024902 -2 -3
796.512023926 -3 -3
r
797.20300293 2 2
798.070983887 2 3
798.831970215 3 3
r
799.586975098 -2 -2
800.20501709 -2 -3
800.973022461 -3 -3
r
801.583984375 2 -2
802.211975098 2 -3
802.880981445 1 -3
803.734985352 0 -3
804.588012695 -1 -3
805.385986328 -2 -3
806.195983887 -3 -3
r
806.880004883 -2 2
807.713989258 -2 1
808.320007324 -2 0
809.15802002 -2 -1
809.937988281 -2 -2
810.619995117 -2 -3
811.25402832 -3 -3
r
811.956970215 2 2
812.822998047 2 3
813.723022461 3 3
r
814.510009766 -2 -2
815.263977051 -2 -3
816.018981934 -3 -3
r
816.655029297 2 -2
817.299987793 2 -3
817.969970703 1 -3
818.609985352 0 -3
819.443969727 -1 -3
820.25201416 -2 -3
820.911010742 -3 -3
r
821.539001465 -2 2
822.335998535 -2 1
823.171020508 -2 2
823.973022461 -2 1
824.603027344 -2 0
825.500976562 -2 -1
826.106018066 -2 -2
826.888977051 -2 -3
827.627990723 -3 -3
r
828.42199707 2 2
829.301025391 2 3
830.132995605 3 3
r
830.846008301 -2 -2
831.575012207 -2 -3
832.20300293 -3 -3
r
832.817993164 2 -2
833.674987793 1 -2
834.322998047 2 -2
834.968994141 1 -2
835.677978516 2 -2
836.409973145 1 -2
837.20501709 0 -2
838.086975098 -1 -2
838.981994629 -2 -2
839.770996094 -3 -2
840.393981934 -3 -3
r
841.04699707 -2 2
841.809020996 -2 1
842.427001953 -2 0
843.03302002 -2 -1
843.760009766 -2 -2
844.469970703 -2 -3
845.304992676 -3 -3
r
846.145996094 2 2
846.940979004 2 3
847.661987305 3 3
r
848.473999023 -2 -2
849.247009277 -2 -3
850.04498291 -3 -3
r
850.734008789 2 -2
851.364013672 1 -2
851.979980469 0 -2
852.844970703 -1 -2
853.718017578 -2 -2
854.413024902 -3 -2
855.224975586 -3 -3
r
855.924987793 -2 2
856.549987793 -2 1
857.267028809 -2 0
858.07598877 -2 1
858.840026855 -2 2
859.723999023 -2 1
860.585998535 -2 0
861.42401123 -2 1
862.041992188 -2 2
862.91998291 -2 1
863.638977051 -2 0
864.263977051 -2 1
865.026000977 -2 0
865.62902832 -2 1
866.429992676 -2 0
867.125976562 -2 1
867.763000488 -2 0
868.591003418 -2 1
869.304016113 -2 0
870.00402832 -2 1
870.747009277 -2 0
871.385009766 -2 1
872.04699707 -2 0
872.666015625 -2 -1
873.320007324 -2 -2
874.208007812 -3 -2
874.940002441 -3 -3
r
875.666992188 2 2
876.439025879 2 3
877.304016113 3 3
r
877.929016113 -2 -2
878.637023926 -2 -3
879.473999023 -3 -3
r
880.369018555 2 -2
880.994995117 1 -2
881.653991699 0 -2
882.510009766 -1 -2
883.323974609 -2 -2
884.036987305 -3 -2
884.828979492 -3 -3
r
885.685974121 -2 2
886.32800293 -2 1
887.114990234 -2 0
887.866027832 -2 -1
888.742004395 -2 -2
889.577026367 -2 -3
890.262023926 -3 -3
r
891.04901123 2 2
891.755981445 2 3
892.359985352 3 3
r
893.054992676 -2 -2
893.70098877 -3 -2
894.528991699 -3 -3
r
895.174987793 2 -2
895.806030273 1 -2
896.685974121 0 -2
897.557983398 -1 -2
898.250976562 -2 -2
899.00402832 -3 -2
899.723999023 -3 -3
r
900.419006348 -2 2
901.033996582 -2 1
901.87701416 -2 0
902.481018066 -2 -1
903.096984863 -2 -2
903.731018066 -2 -3
904.343017578 -3 -3
r
904.973999023 2 2
905.804992676 2 3
906.530029297 3 3
r
907.359008789 -2 -2
908.130981445 -3 -2
908.846984863 -3 -3
r
909.687988281 2 -2
910.492004395 1 -2
911.340026855 2 -2
912.177001953 1 -2
912.802001953 2 -2
913.505981445 1 -2
914.405029297 0 -2
915.239990234 -1 -2
915.887023926 -2 -2
916.630981445 -2 -3
917.369018555 -3 -3
r
918.028991699 -2 2
918.695007324 -2 1
919.458984375 -2 0
920.176025391 -2 -1
920.903991699 -2 -2
921.607971191 -2 -3
922.262023926 -3 -3
r
922.916992188 2 2
923.760009766 2 3
924.637023926 3 3
r
925.474975586 -2 -2
926.143981934 -2 -3
926.87097168 -3 -3
r
927.744018555 2 -2
928.369995117 1 -2
929.226013184 0 -2
929.924987793 -1 -2
930.54901123 -2 -2
931.320007324 -2 -3
932.159973145 -3 -3
r
932.794006348 -2 2
933.656982422 -2 1
934.293029785 -2 0
934.922973633 -2 -1
935.723999023 -2 -2
936.596008301 -2 -3
937.372009277 -3 -3
r
938.221984863 2 2
938.953979492 2 3
939.724975586 3 3
r
940.586975098 -2 -2
941.395019531 -2 -3
942.00402832 -3 -3
r
942.822021484 2 -2
943.583984375 1 -2
944.215026855 1 -3
945.099975586 0 -3
945.96697998 -1 -3
946.838012695 -2 -3
947.458007812 -3 -3
r
948.216003418 -2 2
949.103027344 -2 1
949.937988281 -2 0
950.789001465 -2 -1
951.481994629 -2 -2
952.380981445 -2 -3
953.17199707 -3 -3
r
954.057983398 2 2
954.763977051 2 3
955.468017578 3 3
r
956.182983398 -2 -2
956.843017578 -2 -3
957.559020996 -3 -3
r
958.37701416 2 -2
959.143005371 1 -2
959.911010742 0 -2
960.70501709 -1 -2
961.583007812 -2 -2
962.304016113 -3 -2
962.986999512 -3 -3
r
963.67199707 -2 2
964.33001709 -2 1
965.098022461 -2 0
965.929016113 -2 -1
966.70098877 -2 -2
967.362976074 -2 -3
968.083984375 -3 -3
r
968.74597168 2 2
969.617980957 3 2
970.320983887 3 3
r
971.135009766 -2 -2
971.802001953 -2 -3
972.505004883 -3 -3
r
973.28302002 2 -2
974.03302002 1 -2
974.773986816 2 -2
975.650024414 1 -2
976.396972656 0 -2
977.206970215 0 -3
977.906982422 -1 -3
978.54699707 -2 -3
979.172973633 -3 -3
r
979.901977539 -2 2
980.645019531 -2 1
981.297973633 -2 0
981.911010742 -2 -1
982.734985352 -2 -2
983.505981445 -3 -2
984.140014648 -3 -3
r
984.945983887 2 2
985.702026367 3 2
986.57800293 3 3
r
987.473022461 -2 -2
988.362976074 -2 -3
989.215026855 -3 -3
r
989.976989746 2 -2
990.601013184 1 -2
991.226013184 0 -2
991.969970703 -1 -2
992.736999512 -2 -2
993.573974609 -3 -2
994.385009766 -3 -3
r
995.125 -2 2
995.945007324 -2 1
996.674987793 -2 0
997.447021484 -2 -1
998.166992188 -2 -2
998.888977051 -2 -3
999.531982422 -3 -3
r
1000.30603027 2 2
1000.97399902 3 2
1001.85900879 3 3
r
1002.57800293 -2 -2
1003.25598145 -2 -3
1003.98101807 -3 -3
r
1004.73602295 2 -2
1005.34802246 1 -2
1006.23297119 0 -2
1006.8369751 -1 -2
1007.6619873 -1 -3
1008.5 -2 -3
1009.40002441 -3 -3
r
1010.26898193 -2 2
1011.08898926 -1 2
1011.97802734 0 2
1012.74102783 1 2
1013.54602051 2 2
1014.30102539 3 2
1015.14001465 3 3
r
1015.93103027 2 2
1016.56298828 3 2
1017.23101807 3 3
r
1017.91497803 -2 -2
1018.76397705 -2 -3
1019.46398926 -3 -3
r
1020.32501221 2 -2
1021.04101562 1 -2
1021.7800293 0 -2
1022.59399414 -1 -2
1023.38000488 -2 -2
1024.20495605 -2 -3
1024.91796875 -3 -3
r
1025.70495605 -2 2
1026.48803711 -2 1
1027.23205566 -2 0
1027.84094238 -2 -1
1028.62194824 -2 -2
1029.22595215 -2 -3
1029.93200684 -3 -3
r
1030.66003418 2 2
1031.50402832 3 2
1032.22497559 3 3
r
1033.12402344 -2 -2
1033.91796875 -2 -3
1034.77294922 -3 -3
r
1035.45300293 2 -2
1036.25805664 1 -2
1036.93200684 0 -2
1037.6529541 -1 -2
1038.50305176 -2 -2
1039.18603516 -2 -3
1039.85998535 -3 -3
r
1040.70397949 -2 2
1041.38098145 -3 2
1042.15405273 -3 1
1043.04602051 -3 0
1043.80700684 -3 -1
1044.59301758 -3 -2
1045.37402344 -3 -3
r
1046.11694336 2 2
1046.93200684 3 2
1047.5579834 3 3
r
1048.39196777 -2 -2
1049.28198242 -2 -3
1050.06005859 -3 -3
r
1050.68701172 2 -2
1051.52600098 1 -2
1052.1619873 0 -2
1052.81201172 -1 -2
1053.52099609 -2 -2
1054.35900879 -3 -2
1055.23706055 -3 -3
r
1056.02905273 -2 2
1056.67700195 -1 2
1057.31494141 0 2
1057.99804688 1 2
1058.74499512 2 2
1059.36694336 3 2
1060.02099609 3 3
r
1060.7010498 2 2
1061.48095703 3 2
1062.22497559 3 3
r
1063.11303711 -2 -2
1063.97900391 -3 -2
1064.82104492 -3 -3
r
1065.62194824 2 -2
1066.22497559 1 -2
1066.98095703 0 -2
1067.68701172 -1 -2
1068.4329834 -2 -2
1069.31103516 -2 -3
1070.06201172 -3 -3
r
1070.73596191 -2 2
1071.44396973 -1 2
1072.11096191 0 2
1072.93798828 1 2
1073.59094238 2 2
1074.32800293 3 2
1075.08496094 3 3
r
1075.81298828 2 2
1076.64099121 2 3
1077.47094727 3 3
r
1078.08996582 -2 -2
1078.77502441 -3 -2
1079.41101074 -3 -3
r
1080.2779541 2 -2
1081.00805664 1 -2
1081.78601074 0 -2
1082.48596191 -1 -2
1083.20898438 -2 -2
1084.07104492 -2 -3
1084.70800781 -3 -3
r
1085.4050293 -2 2
1086.23400879 -2 1
1087.13195801 -2 0
1087.98400879 -2 -1
1088.7800293 -2 -2
1089.59094238 -2 -3
1090.45996094 -3 -3
r
1091.06896973 2 2
1091.77697754 2 3
1092.52697754 3 3
r
1093.28405762 -2 -2
1094.00805664 -3 -2
1094.75500488 -3 -3
r
1095.47094727 2 -2
1096.34899902 1 -2
1096.9630127 0 -2
1097.57800293 -1 -2
1098.38195801 -2 -2
1099.14404297 -3 -2
1100.00695801 -3 -3
r
1100.71704102 -2 2
1101.50402832 -1 2
1102.36303711 0 2
1103.21594238 1 2
1103.93200684 2 2
1104.79003906 3 2
1105.40100098 3 3
r
1106.23400879 2 2
1106.90405273 3 2
1107.55505371 3 3
r
1108.32897949 -2 -2
1109.03601074 -2 -3
1109.79296875 -3 -3
r
1110.40100098 2 -2
1111.09094238 1 -2
1111.90197754 0 -2
1112.58105469 -1 -2
1113.27502441 -2 -2
1114.06494141 -3 -2
1114.81201172 -3 -3
r
1115.68603516 -2 2
1116.44104004 -1 2
1117.04797363 0 2
1117.82995605 1 2
1118.72802734 2 2
1119.49304199 3 2
1120.32104492 3 3
r
1121.18103027 2 2
1121.80895996 2 3
1122.55102539 3 3
r
1123.34399414 -2 -2
1124.10595703 -3 -2
1124.81896973 -3 -3
r
1125.4630127 2 -2
1126.10205078 1 -2
1126.96105957 0 -2
1127.77404785 -1 -2
1128.41894531 -2 -2
1129.06799316 -2 -3
1129.7130127 -3 -3
r
1130.46496582 -2 2
1131.08605957 -2 1
1131.93395996 -2 0
1132.68200684 -2 -1
1133.49597168 -2 -2
1134.28295898 -2 -3
1135.15197754 -3 -3
r
1135.93603516 2 2
1136.5670166 3 2
1137.44995117 3 3
r
1138.06799316 -2 -2
1138.91894531 -2 -3
1139.78894043 -3 -3
r
1140.61206055 2 -2
1141.47900391 1 -2
1142.32397461 0 -2
1143.20898438 -1 -2
1143.81298828 -1 -3
1144.4239502 -2 -3
1145.0369873 -3 -3
r
1145.69604492 -2 2
1146.41101074 -2 1
1147.30395508 -2 0
1148.19995117 -2 -1
1149.07897949 -2 -2
1149.75305176 -2 -3
1150.50305176 -3 -3
r
1151.14794922 2 2
1151.85302734 3 2
1152.53894043 3 3
r
1153.34399414 -2 -2
1153.97595215 -3 -2
1154.68005371 -3 -3
r
1155.30700684 2 -2
1156.02001953 1 -2
1156.69494629 0 -2
1157.56896973 -1 -2
1158.20703125 -2 -2
1158.9510498 -2 -3
1159.77001953 -3 -3
r
1160.56005859 -2 2
1161.31005859 -2 1
1161.92602539 -2 0
1162.74194336 -2 -1
1163.56201172 -2 -2
1164.3170166 -2 -3
1164.93994141 -3 -3
r
1165.58203125 2 2
1166.39501953 3 2
1167.06994629 3 3
r
1167.7220459 -2 -2
1168.48303223 -2 -3
1169.17504883 -3 -3
r
1169.81494141 2 -2
1170.6340332 1 -2
1171.50695801 0 -2
1172.25805664 -1 -2
1173.05297852 -2 -2
1173.66894531 -2 -3
1174.55505371 -3 -3
r
1175.35998535 -2 2
1176.01293945 -1 2
1176.8659668 0 2
1177.55004883 1 2
1178.28894043 2 2
1178.93994141 3 2
1179.5489502 3 3
r
1180.44396973 2 2
1181.29199219 3 2
1182.13598633 3 3
r
1182.80603027 -2 -2
1183.69897461 -3 -2
1184.31494141 -3 -3
r
1185.10302734 2 -2
1185.81604004 1 -2
1186.57104492 0 -2
1187.34899902 -1 -2
1188.05200195 -2 -2
1188.91796875 -3 -2
1189.62402344 -3 -3
r
1190.39599609 -2 2
1191.26293945 -2 1
1192.04394531 -2 0
1192.65100098 -2 -1
1193.4699707 -2 -2
1194.13793945 -3 -2
1194.76794434 -3 -3
r
1195.65600586 2 2
1196.48095703 3 2
1197.16503906 3 3
r
1197.8470459 -2 -2
1198.47705078 -2 -3
1199.24499512 -3 -3
r
1199.92004395 2 -2
1200.60803223 1 -2
1201.49902344 0 -2
1202.39599609 -1 -2
1203.03601074 -2 -2
1203.83203125 -2 -3
1204.54797363 -3 -3
r
1205.22705078 -2 2
1205.93994141 -2 1
1206.81005859 -2 0
1207.41796875 -2 -1
1208.08996582 -3 -1
1208.74597168 -3 -2
1209.58605957 -3 -3
r
1210.36901855 2 2
1211.24499512 2 3
1211.89794922 3 3
r
1212.53405762 -2 -2
1213.26904297 -3 -2
1214.10803223 -3 -3
r
1214.93505859 2 -2
1215.82104492 1 -2
1216.63598633 0 -2
1217.44897461 -1 -2
1218.28601074 -2 -2
1219.02404785 -3 -2
1219.89001465 -3 -3
r
1220.66296387 -2 2
1221.5279541 -2 1
1222.21594238 -2 0
1222.93395996 -2 -1
1223.81799316 -2 -2
1224.67700195 -3 -2
1225.37597656 -3 -3
r
1226.2220459 2 2
1227.01196289 2 3
1227.87805176 3 3
r
1228.61999512 -2 -2
1229.35803223 -3 -2
1230.20898438 -3 -3
r
1231.07800293 2 -2
1231.70996094 1 -2
1232.47094727 0 -2
1233.35900879 -1 -2
1233.96496582 -2 -2
1234.69494629 -2 -3
1235.56103516 -3 -3
r
1236.20800781 -2 2
1237.09301758 -2 1
1237.82995605 -2 0
1238.56298828 -2 -1
1239.42504883 -2 -2
1240.08398438 -3 -2
1240.81494141 -3 -3
r
1241.5489502 2 2
1242.21105957 2 3
1243.01000977 3 3
r
1243.85998535 -2 -2
1244.7220459 -3 -2
1245.46704102 -3 -3
r
1246.3380127 2 -2
1247.04504395 1 -2
1247.72302246 0 -2
1248.55102539 -1 -2
1249.4420166 -2 -2
1250.16894531 -3 -2
1250.98706055 -3 -3
r
1251.60498047 -2 2
1252.46105957 -2 1
1253.24804688 -3 1
1254.06005859 -3 0
1254.92297363 -3 -1
1255.53894043 -3 -2
1256.42102051 -3 -3
r
1257.20898438 2 2
1257.91503906 2 3
1258.80200195 3 3
r
1259.50402832 -2 -2
1260.26098633 -3 -2
1261.08203125 -3 -3
r
1261.79003906 2 -2
1262.41601562 1 -2
1263.14099121 0 -2
1263.76293945 -1 -2
1264.55200195 -2 -2
1265.31494141 -3 -2
1266.21496582 -3 -3
r
1267.10400391 -2 2
1267.92602539 -1 2
1268.69799805 0 2
1269.34594727 1 2
1269.99401855 2 2
1270.77600098 2 3
1271.54296875 3 3
r
1272.32995605 2 2
1272.93603516 3 2
1273.54199219 3 3
r
1274.42895508 -2 -2
1275.03503418 -3 -2
1275.80505371 -3 -3
r
1276.60498047 2 -2
1277.47998047 1 -2
1278.25500488 2 -2
1279.04003906 1 -2
1279.82299805 0 -2
1280.65002441 -1 -2
1281.43603516 -2 -2
1282.22094727 -3 -2
1282.83496094 -3 -3
r
1283.55102539 -2 2
1284.44702148 -1 2
1285.14904785 0 2
1286.01904297 1 2
1286.7989502 2 2
1287.64099121 3 2
1288.29602051 3 3
r
1289.01196289 2 2
1289.89404297 3 2
1290.69995117 3 3
r
1291.54699707 -2 -2
1292.31896973 -3 -2
1293.01293945 -3 -3
r
1293.88500977 2 -2
1294.57897949 1 -2
1295.31604004 0 -2
1296.15795898 -1 -2
1296.77697754 -2 -2
1297.4329834 -3 -2
1298.06896973 -3 -3
r
1298.74401855 -2 2
1299.61206055 -1 2
1300.50097656 0 2
1301.13098145 1 2
1302.00402832 2 2
1302.66796875 3 2
1303.45898438 3 3
r
1304.09594727 2 2
1304.77600098 3 2
1305.38598633 3 3
r
1306.28100586 -2 -2
1306.90405273 -2 -3
1307.60498047 -3 -3
r
1308.2989502 2 -2
1309.01196289 1 -2
1309.6529541 0 -2
1310.28503418 -1 -2
1311.17602539 -2 -2
1311.94702148 -2 -3
1312.76904297 -3 -3
r
1313.56005859 -2 2
1314.21203613 -1 2
1314.89001465 0 2
1315.55505371 1 2
1316.20397949 2 2
1316.89294434 3 2
1317.7199707 3 3
r
1318.54394531 2 2
1319.16394043 3 2
1319.82397461 3 3
r
1320.66394043 -2 -2
1321.39404297 -2 -3
1322.23803711 -3 -3
r
1322.85803223 2 -2
1323.67602539 1 -2
1324.35595703 0 -2
1325.0090332 -1 -2
1325.70703125 -2 -2
1326.4630127 -3 -2
1327.3380127 -3 -3
r
1328.1920166 -2 2
1329.03405762 -1 2
1329.91503906 0 2
1330.60900879 1 2
1331.27697754 2 2
1332.06298828 3 2
1332.8840332 3 3
r
1333.55895996 2 2
1334.35205078 3 2
1335.24304199 3 3
r
1335.97094727 -2 -2
1336.64294434 -2 -3
1337.36303711 -3 -3
r
1338.13195801 2 -2
1338.79504395 1 -2
1339.4909668 0 -2
1340.13903809 -1 -2
1341.00598145 -2 -2
1341.83203125 -3 -2
1342.57397461 -3 -3
r
1343.42504883 -2 2
1344.125 -1 2
1344.82800293 0 2
1345.68200684 1 2
1346.53894043 2 2
1347.34997559 3 2
1348.06896973 3 3
r
1348.68200684 2 2
1349.5369873 3 2
1350.28198242 3 3
r
1351.125 -2 -2
1351.81201172 -2 -3
1352.44494629 -3 -3
r
1353.28100586 2 -2
1354.07800293 1 -2
1354.83105469 0 -2
1355.7130127 -1 -2
1356.57104492 -2 -2
1357.40100098 -2 -3
1358.24401855 -3 -3
r
1359.07800293 -2 2
1359.8659668 -2 1
1360.5579834 -2 0
1361.23901367 -2 -1
1361.96801758 -2 -2
1362.78601074 -2 -3
1363.41796875 -3 -3
r
1364.15600586 2 2
1365.04199219 3 2
1365.71801758 3 3
r
1366.49304199 -2 -2
1367.22900391 -2 -3
1368.08703613 -3 -3
r
1368.78894043 2 -2
1369.49597168 1 -2
1370.35803223 0 -2
1370.97094727 1 -2
1371.75305176 0 -2
1372.42504883 1 -2
1373.25695801 0 -2
1373.98205566 1 -2
1374.73400879 0 -2
1375.3840332 1 -2
1375.98706055 0 -2
1376.8079834 0 -1
1377.54797363 1 -1
1378.37194824 1 -2
1379.01501465 0 -2
1379.63793945 1 -2
1380.49804688 0 -2
1381.2590332 0 -1
1382.10095215 1 -1
1382.85900879 1 -2
1383.70495605 0 -2
1384.5760498 0 -1
1385.43701172 1 -1
1386.1159668 0 -1
1386.97900391 1 -1
1387.63903809 0 -1
1388.46704102 1 -1
1389.29699707 0 -1
1390.13903809 1 -1
1390.86206055 0 -1
1391.67504883 1 -1
1392.31005859 0 -1
1393.1529541 1 -1
1393.99401855 0 -1
1394.83605957 1 -1
1395.58605957 0 -1
1396.37194824 1 -1
1397.01098633 0 -1
1397.67199707 1 -1
1398.49804688 0 -1
1399.16003418 1 -1
1400.00402832 0 -1
1400.60803223 1 -1
1401.36901855 0 -1
1402.26000977 1 -1
1402.91601562 0 -1
1403.7989502 1 -1
1404.41601562 0 -1
1405.19396973 1 -1
1405.89001465 0 -1
1406.77197266 1 -1
1407.50805664 0 -1
1408.1159668 1 -1
1408.73706055 0 -1
1409.57104492 1 -1
1410.45202637 0 -1
1411.17297363 1 -1
1411.80603027 1 -2
1412.61999512 2 -2
1413.39404297 1 -2
1414.27502441 1 -1
1414.97595215 1 0
1415.60595703 0 0
1416.2220459 -1 0
1416.95495605 -1 1
1417.76403809 -1 0
1418.4029541 -1 1
1419.03100586 -2 1
1419.7220459 -2 0
1420.53503418 -2 -1
1421.33105469 -2 -2
1422.05603027 -2 -3
1422.75305176 -3 -3
r
1423.41699219 -2 2
1424.13000488 -2 1
1424.96203613 -2 0
1425.64697266 -2 -1
1426.41296387 -2 -2
1427.19604492 -3 -2
1427.93505859 -3 -3
r
1428.72595215 2 2
1429.42700195 2 3
1430.07202148 3 3
r
1430.69604492 -2 -2
1431.33496094 -2 -3
1431.96105957 -3 -3
r
1432.79296875 2 -2
1433.51696777 1 -2
1434.39904785 0 -2
1435.18701172 -1 -2
1435.875 -2 -2
1436.64904785 -3 -2
1437.35498047 -3 -3
r
1438.18701172 -2 2
1438.84094238 -2 1
1439.45300293 -2 0
1440.2590332 -2 -1
1441.14794922 -2 -2
1441.80297852 -2 -3
1442.67504883 -3 -3
r
1443.53601074 2 2
1444.37194824 3 2
1445.11804199 3 3
r
1445.77502441 -2 -2
1446.59204102 -2 -3
1447.4909668 -3 -3
r
1448.25402832 2 -2
1449.07495117 1 -2
1449.90002441 0 -2
1450.64196777 0 -3
1451.49304199 -1 -3
1452.28894043 -2 -3
1452.89501953 -3 -3
r
1453.71801758 -2 2
1454.43701172 -2 1
1455.18994141 -2 0
1455.92602539 -2 -1
1456.58398438 -2 -2
1457.24694824 -3 -2
1457.92004395 -3 -3
r
1458.73400879 2 2
1459.56298828 3 2
1460.24804688 3 3
r
1461.10900879 -2 -2
1461.92102051 -2 -3
1462.81994629 -3 -3
r
1463.52294922 2 -2
1464.16101074 1 -2
1464.94995117 1 -1
1465.71801758 1 -2
1466.33496094 1 -1
1466.94396973 1 -2
1467.64599609 1 -1
1468.54003906 1 0
1469.36901855 0 0
1470.22705078 -1 0
1471.08898926 -1 -1
1471.73400879 -1 -2
1472.57299805 -1 -3
1473.34204102 -2 -3
1474.17895508 -3 -3
r
1474.88098145 -2 2
1475.64904785 -2 1
1476.43005371 -2 0
1477.08605957 -2 -1
1477.95397949 -2 -2
1478.7590332 -2 -3
1479.45202637 -3 -3
r
1480.0760498 2 2
1480.7869873 2 3
1481.64294434 3 3
r
1482.38305664 -2 -2
1483.01403809 -2 -3
1483.63696289 -3 -3
r
1484.50097656 2 -2
1485.21704102 1 -2
1485.9510498 1 -1
1486.85095215 1 0
1487.50695801 0 0
1488.10803223 -1 0
1488.75 -1 1
1489.60400391 0 1
1490.42797852 -1 1
1491.19104004 0 1
1492.08496094 -1 1
1492.87402344 0 1
1493.53796387 -1 1
1494.22094727 0 1
1494.97998047 -1 1
1495.70898438 -2 1
1496.59802246 -2 0
1497.29101562 -2 -1
1498.16296387 -2 -2
1498.8449707 -2 -3
1499.57800293 -3 -3
r
1500.18395996 -2 2
1500.86694336 -1 2
1501.70800781 0 2
1502.41699219 1 2
1503.21203613 2 2
1503.9239502 2 3
1504.62805176 3 3
r
1505.50695801 2 2
1506.34594727 3 2
1507.09094238 3 3
r
1507.75402832 -2 -2
1508.51696777 -2 -3
1509.1550293 -3 -3
r
1510.03295898 2 -2
1510.80895996 1 -2
1511.4510498 1 -1
1512.11804199 1 0
1512.79699707 0 0
1513.45605469 -1 0
1514.22998047 -1 1
1515.06994629 0 1
1515.95996094 1 1
1516.83898926 2 1
1517.5579834 2 2
1518.34301758 3 2
1519.1550293 3 3
r
1519.77502441 -2 2
1520.49499512 -1 2
1521.17504883 0 2
1522.04394531 1 2
1522.74304199 2 2
1523.53894043 3 2
1524.34301758 3 3
r
1525.13793945 2 2
1526.01403809 2 3
1526.8079834 3 3
r
1527.61096191 -2 -2
1528.4510498 -3 -2
1529.31604004 -3 -3
r
1530.05102539 2 -2
1530.65905762 1 -2
1531.3470459 0 -2
1532.15795898 0 -1
1532.78295898 0 0
1533.55603027 0 1
1534.38793945 -1 1
1535.19494629 -2 1
1535.89794922 -1 1
1536.70605469 -2 1
1537.56396484 -1 1
1538.42602539 -2 1
1539.28295898 -1 1
1540.15405273 -2 1
1540.8470459 -1 1
1541.54797363 -2 1
1542.19494629 -1 1
1543.08105469 0 1
1543.93701172 -1 1
1544.73901367 0 1
1545.40002441 -1 1
1546.1619873 -2 1
1546.87097168 -1 1
1547.76403809 0 1
1548.6159668 -1 1
1549.23205566 0 1
1550.02404785 -1 1
1550.65600586 0 1
1551.375 -1 1
1552.02404785 0 1
1552.91296387 -1 1
1553.60498047 0 1
1554.43395996 -1 1
1555.24304199 -2 1
1555.95495605 -1 1
1556.56896973 0 1
1557.46801758 -1 1
1558.1920166 0 1
1558.93701172 -1 1
1559.82995605 0 1
1560.6619873 -1 1
1561.38098145 0 1
1562.12902832 -1 1
1562.77197266 0 1
1563.59899902 -1 1
1564.35205078 0 1
1564.95996094 -1 1
1565.62902832 0 1
1566.32104492 -1 1
1566.92602539 -1 2
1567.62695312 0 2
1568.35998535 -1 2
1569.16503906 0 2
1570.02294922 0 1
1570.75097656 -1 1
1571.58605957 -1 0
1572.30395508 -1 1
1572.9420166 0 1
1573.71594238 -1 1
1574.57897949 0 1
1575.22497559 -1 1
1575.93798828 -1 2
1576.8079834 0 2
1577.48498535 0 1
1578.19897461 -1 1
1578.80004883 0 1
1579.56103516 -1 1
1580.45703125 0 1
1581.08300781 -1 1
1581.81799316 0 1
1582.51000977 -1 1
1583.31005859 -1 0
1584.0949707 -1 1
1584.80603027 -1 2
1585.57995605 0 2
1586.37304688 0 1
1587.125 -1 1
1587.96203613 0 1
1588.73205566 -1 1
1589.56799316 0 1
1590.33703613 -1 1
1591.01599121 -1 2
1591.65600586 0 2
1592.42797852 0 1
1593.05297852 -1 1
1593.85302734 0 1
1594.67102051 -1 1
1595.39196777 0 1
1596.27905273 -1 1
1597.04101562 -1 2
1597.66003418 0 2
1598.5279541 0 1
1599.25695801 -1 1
1599.92504883 -1 0
1600.71594238 -1 1
1601.54003906 0 1
1602.14599609 -1 1
1603.03601074 0 1
1603.76000977 -1 1
1604.38500977 0 1
1605.06994629 -1 1
1605.91796875 0 1
1606.6159668 -1 1
1607.40905762 -2 1
1608.2779541 -1 1
1609.15698242 0 1
1609.98999023 -1 1
1610.59204102 0 1
1611.42700195 -1 1
1612.24304199 0 1
1612.98901367 -1 1
1613.63500977 0 1
1614.45703125 -1 1
1615.09899902 0 1
1615.93395996 -1 1
1616.81396484 0 1
1617.57702637 -1 1
1618.30505371 0 1
1619.09899902 -1 1
1619.92895508 -1 0
1620.5760498 -1 1
1621.44799805 -1 2
1622.18701172 0 2
1623.00305176 0 1
1623.67199707 -1 1
1624.45996094 -1 0
1625.35705566 -1 1
1626.07800293 0 1
1626.9630127 -1 1
1627.81896973 0 1
1628.56994629 -1 1
1629.3260498 0 1
1630.14904785 -1 1
1630.89001465 -2 1
1631.74499512 -1 1
1632.57299805 0 1
1633.2800293 -1 1
1633.9239502 0 1
1634.70898438 -1 1
1635.52502441 0 1
1636.23303223 -1 1
1637.00805664 0 1
1637.71704102 -1 1
1638.5670166 -1 0
1639.22302246 -1 1
1640.01599121 -1 0
1640.79504395 -1 1
1641.4029541 -1 2
1642.10400391 0 2
1642.76293945 0 1
1643.60498047 -1 1
1644.375 0 1
1645.16101074 -1 1
1645.89404297 0 1
1646.70703125 -1 1
1647.5489502 0 1
1648.39794922 -1 1
1649.04602051 -1 2
1649.82495117 0 2
1650.43005371 0 1
1651.18798828 -1 1
1652.0369873 0 1
1652.79699707 -1 1
1653.43994141 -1 0
1654.10302734 -1 1
1654.93701172 -1 0
1655.83605957 -1 1
1656.57495117 0 1
1657.34399414 -1 1
1658.11999512 0 1
1658.84399414 -1 1
1659.51904297 0 1
1660.13000488 -1 1
1660.94604492 0 1
1661.83898926 -1 1
1662.54003906 -1 0
1663.28100586 -1 1
1663.90905762 -2 1
1664.53894043 -1 1
1665.18005371 0 1
1665.875 -1 1
1666.60998535 0 1
1667.44799805 -1 1
1668.33105469 0 1
1668.99597168 -1 1
1669.83605957 0 1
1670.51904297 -1 1
1671.33703613 0 1
1672.18603516 -1 1
1673.06799316 -1 2
1673.73596191 0 2
1674.42504883 0 1
1675.02905273 -1 1
1675.89599609 -1 0
1676.50097656 -1 1
1677.33898926 -1 0
1678.1159668 -1 1
1678.88793945 0 1
1679.65795898 -1 1
1680.43603516 0 1
1681.13195801 -1 1
1681.81201172 0 1
1682.52905273 -1 1
1683.25195312 0 1
1684.08300781 -1 1
1684.8470459 -1 2
1685.66503906 0 2
1686.29199219 0 1
1686.98901367 -1 1
1687.64599609 0 1
1688.47302246 -1 1
1689.30700684 0 1
1690.10205078 -1 1
1690.74804688 0 1
1691.39294434 -1 1
1692.1340332 0 1
1692.90405273 -1 1
1693.5579834 0 1
1694.30395508 -1 1
1695.10803223 -1 0
1695.83105469 -1 1
1696.65405273 0 1
1697.35400391 -1 1
1698.22900391 -1 0
1699.02502441 -1 1
1699.62805176 0 1
1700.25695801 -1 1
1701.10803223 0 1
1701.94897461 -1 1
1702.63598633 -2 1
1703.28100586 -1 1
1704.0300293 0 1
1704.70495605 -1 1
1705.5760498 0 1
1706.19897461 -1 1
1707.08996582 0 1
1707.72094727 -1 1
1708.56298828 0 1
1709.25598145 -1 1
1710.0279541 -1 0
1710.87597656 -1 1
1711.56298828 0 1
1712.4329834 -1 1
1713.14697266 0 1
1713.98498535 -1 1
1714.60705566 -1 0
1715.38903809 -1 1
1716.09301758 0 1
1716.93005371 -1 1
1717.73303223 -1 2
1718.63098145 0 2
1719.30102539 0 1
1720.16503906 0 0
1720.88696289 -1 0
1721.73803711 -1 1
1722.56799316 0 1
1723.45996094 0 0
1724.22802734 -1 0
1725.01098633 -1 1
1725.9050293 0 1
1726.77001953 -1 1
1727.49804688 0 1
1728.24597168 -1 1
1728.9510498 0 1
1729.76403809 -1 1
1730.47900391 0 1
1731.36499023 -1 1
1732.12695312 0 1
1732.97094727 -1 1
1733.5970459 0 1
1734.38903809 -1 1
1735.20495605 0 1
1736.05895996 -1 1
1736.94494629 -1 2
1737.83398438 0 2
1738.49304199 0 1
1739.30102539 -1 1
1740.01196289 0 1
1740.78405762 -1 1
1741.64794922 0 1
1742.39697266 -1 1
1743.26501465 0 1
1744.03601074 -1 1
1744.72998047 0 1
1745.46899414 -1 1
1746.20495605 0 1
1746.86096191 -1 1
1747.60900879 0 1
1748.31604004 -1 1
1749.2130127 0 1
1749.94299316 -1 1
1750.64196777 -1 2
1751.3380127 0 2
1752.01293945 0 1
1752.64294434 -1 1
1753.4699707 0 1
1754.33605957 -1 1
1755.08105469 0 1
1755.78405762 -1 1
1756.58703613 0 1
1757.43200684 -1 1
1758.20202637 0 1
1758.8079834 0 0
1759.58203125 -1 0
1760.40002441 -1 1
1761.2199707 0 1
1762.09094238 -1 1
1762.84399414 -2 1
1763.52502441 -1 1
1764.24304199 0 1
1765.10302734 0 0
1765.75402832 -1 0
1766.36999512 -1 1
1767.20495605 0 1
1767.84204102 -1 1
1768.57702637 0 1
1769.27001953 -1 1
1770.16503906 0 1
1770.95898438 -1 1
1771.63793945 0 1
1772.48999023 -1 1
1773.30505371 0 1
1773.91796875 -1 1
1774.72705078 0 1
1775.52099609 -1 1
1776.3380127 0 1
1776.96801758 -1 1
1777.73999023 -1 2
1778.40002441 0 2
1779.25598145 1 2
1780.01904297 1 1
1780.69494629 1 0
1781.39501953 0 0
1782.00695801 -1 0
1782.77697754 -1 1
1783.43896484 0 1
1784.10705566 -1 1
1784.77099609 0 1
1785.64904785 -1 1
1786.26293945 0 1
1786.90405273 -1 1
1787.73706055 0 1
1788.54699707 -1 1
1789.17797852 0 1
1789.80102539 -1 1
1790.62695312 0 1
1791.51000977 -1 1
1792.18896484 0 1
1793.0300293 -1 1
1793.86804199 0 1
1794.72497559 0 0
1795.56604004 -1 0
1796.22705078 -1 1
1796.91894531 -1 2
1797.62695312 0 2
1798.27197266 1 2
1798.95898438 2 2
1799.77404785 2 3
1800.47802734 3 3
r
1801.07897949 -2 2
1801.94995117 -1 2
1802.625 0 2
1803.29504395 1 2
1803.91796875 2 2
1804.60205078 2 3
1805.25 3 3
r
1806.11694336 2 2
1806.95703125 3 2
1807.76794434 3 3
r
1808.45703125 -2 -2
1809.18994141 -3 -2
1809.98999023 -3 -3
r
1810.7590332 2 -2
1811.58203125 1 -2
1812.45800781 1 -1
1813.2199707 1 0
1813.87597656 0 0
1814.48303223 -1 0
1815.15795898 0 0
1815.82397461 1 0
1816.44702148 0 0
1817.2779541 -1 0
1818.06396484 0 0
1818.85900879 1 0
1819.53295898 0 0
1820.40197754 -1 0
1821.25097656 0 0
1822.09594727 1 0
1822.89794922 0 0
1823.63500977 -1 0
1824.47399902 0 0
1825.35400391 1 0
1826.24597168 0 0
1826.8470459 -1 0
1827.47497559 0 0
1828.30505371 1 0
1829.18994141 0 0
1830.07800293 1 0
1830.97705078 1 -1
1831.6159668 1 0
1832.38598633 2 0
1833.21398926 1 0
1833.89001465 2 0
1834.57495117 2 -1
1835.38598633 2 0
1836.18994141 2 -1
1836.93505859 2 0
1837.77099609 2 -1
1838.67102051 2 0
1839.33703613 2 -1
1840.21398926 2 0
1840.99804688 2 -1
1841.83703613 2 0
1842.5949707 2 1
1843.47998047 3 1
1844.29199219 3 2
1845.01098633 3 3
r
1845.86206055 -2 2
1846.68200684 -1 2
1847.5670166 0 2
1848.32897949 1 2
1848.98901367 2 2
1849.61901855 3 2
1850.37402344 3 3
r
1851.04602051 2 2
1851.87194824 3 2
1852.68896484 3 3
r
1853.54602051 -2 -2
1854.41503906 -2 -3
1855.19604492 -3 -3
r
1855.9420166 2 -2
1856.59094238 2 -1
1857.47399902 2 0
1858.07897949 2 1
1858.68505859 2 2
1859.30297852 3 2
1859.91894531 3 3
r
1860.8079834 -2 2
1861.4699707 -1 2
1862.16101074 0 2
1862.87902832 1 2
1863.55004883 2 2
1864.31604004 2 3
1865.16003418 3 3
r
1865.81994629 2 2
1866.50500488 2 3
1867.21899414 3 3
r
1868.11303711 -2 -2
1868.85803223 -3 -2
1869.64404297 -3 -3
r
1870.47900391 2 -2
1871.14599609 2 -1
1871.91894531 2 0
1872.57995605 2 1
1873.32397461 3 1
1873.92895508 3 2
1874.75402832 3 3
r
1875.48095703 -2 2
1876.31005859 -1 2
1876.96203613 0 2
1877.59594727 1 2
1878.31494141 2 2
1879.20202637 3 2
1880.09301758 3 3
r
1880.88500977 2 2
1881.53894043 3 2
1882.43005371 3 3
r
1883.27697754 -2 -2
1883.93200684 -3 -2
1884.54101562 -3 -3
r
1885.36206055 2 -2
1886.16394043 2 -1
1887.06298828 2 0
1887.76196289 2 1
1888.5670166 2 2
1889.39599609 3 2
1890.10803223 3 3
r
1891.00805664 -2 2
1891.75598145 -1 2
1892.5489502 0 2
1893.39501953 1 2
1894.01098633 2 2
1894.89501953 2 3
1895.58300781 3 3
r
1896.25305176 2 2
1897.12805176 2 3
1897.97399902 3 3
r
1898.83898926 -2 -2
1899.55895996 -3 -2
1900.29199219 -3 -3
r
1900.97998047 2 -2
1901.71704102 2 -1
1902.44104004 2 0
1903.05505371 2 1
1903.86206055 2 2
1904.72497559 2 3
1905.41796875 3 3
r
1906.12194824 -2 2
1906.97094727 -1 2
1907.7989502 0 2
1908.60998535 1 2
1909.41796875 2 2
1910.25805664 2 3
1911.09899902 3 3
r
1911.98205566 2 2
1912.72595215 3 2
1913.43005371 3 3
r
1914.24304199 -2 -2
1915.07995605 -3 -2
1915.90698242 -3 -3
r
1916.73095703 2 -2
1917.41503906 2 -1
1918.17199707 2 0
1918.96899414 2 1
1919.72900391 2 2
1920.5090332 3 2
1921.35705566 3 3
r
1922.08105469 -2 2
1922.69702148 -1 2
1923.32702637 0 2
1924.17199707 1 2
1924.84301758 2 2
1925.5880127 3 2
1926.25305176 3 3
r
1926.88903809 2 2
1927.54003906 2 3
1928.3079834 3 3
r
1929.16601562 -2 -2
1930.04003906 -2 -3
1930.68005371 -3 -3
r
1931.29699707 2 -2
1931.99804688 2 -1
1932.74194336 2 0
1933.5579834 2 1
1934.36096191 2 2
1935.08105469 3 2
1935.94299316 3 3
r
1936.83898926 -2 2
1937.68200684 -1 2
1938.3449707 0 2
1938.9699707 1 2
1939.68798828 2 2
1940.43395996 3 2
1941.16003418 3 3
r
1941.7779541 2 2
1942.48095703 2 3
1943.23205566 3 3
r
1943.96203613 -2 -2
1944.82800293 -2 -3
1945.45898438 -3 -3
r
1946.28295898 2 -2
1947.11303711 2 -1
1947.85302734 2 0
1948.73596191 3 0
1949.47399902 3 1
1950.33300781 3 2
1951.21496582 3 3
r
1951.82995605 -2 2
1952.49597168 -1 2
1953.15698242 0 2
1953.87304688 1 2
1954.61303711 2 2
1955.29602051 3 2
1956.04003906 3 3
r
1956.67102051 2 2
1957.46496582 3 2
1958.34594727 3 3
r
1959.14599609 -2 -2
1959.80297852 -3 -2
1960.49804688 -3 -3
r
1961.28100586 2 -2
1961.98999023 2 -1
1962.61499023 2 0
1963.33398438 2 1
1964.01501465 3 1
1964.71105957 3 2
1965.33203125 3 3
r
1966.02697754 -2 2
1966.64697266 -1 2
1967.31396484 0 2
1968.14099121 1 2
1968.94299316 2 2
1969.83496094 3 2
1970.71704102 3 3
r
1971.33300781 2 2
1972.05200195 3 2
1972.79504395 3 3
r
1973.41503906 -2 -2
1974.05895996 -3 -2
1974.85498047 -3 -3
r
1975.61096191 2 -2
1976.32800293 2 -1
1977.10498047 2 0
1977.89501953 2 1
1978.79199219 3 1
1979.39599609 3 2
1980.18200684 3 3
r
1981.04003906 -2 2
1981.77099609 -1 2
1982.45397949 0 2
1983.21801758 1 2
1983.88500977 2 2
1984.72705078 3 2
1985.42297363 3 3
r
1986.05603027 2 2
1986.66296387 3 2
1987.38598633 3 3
r
1988.2800293 -2 -2
1989.01098633 -3 -2
1989.68701172 -3 -3
r
1990.43994141 2 -2
1991.07104492 2 -1
1991.79797363 2 0
1992.48205566 3 0
1993.20800781 3 1
1994.02001953 3 2
1994.65905762 3 3
r
1995.36206055 -2 2
1996.0489502 -1 2
1996.76293945 0 2
1997.65600586 1 2
1998.52001953 2 2
1999.1739502 3 2
1999.85095215 3 3
r
2000.59899902 2 2
2001.36401367 3 2
2002.12304688 3 3
r
2002.82397461 -2 -2
2003.57104492 -3 -2
2004.44104004 -3 -3
r
2005.20202637 2 -2
2005.97595215 2 -1
2006.76000977 2 0
2007.38598633 2 1
2008.13793945 3 1
2008.73803711 3 2
2009.48205566 3 3
r
2010.28796387 -2 2
2011.1159668 -1 2
2011.84204102 0 2
2012.61499023 1 2
2013.42895508 2 2
2014.10705566 3 2
2014.92297363 3 3
r
2015.70996094 2 2
2016.60998535 3 2
2017.43701172 3 3
r
2018.19995117 -2 -2
2019.09301758 -3 -2
2019.97595215 -3 -3
r
2020.81604004 2 -2
2021.44799805 2 -1
2022.13500977 2 0
2022.75598145 3 0
2023.56799316 3 1
2024.28198242 3 2
2025.06799316 3 3
r
2025.76696777 -2 2
2026.44396973 -1 2
2027.15197754 0 2
2027.99499512 1 2
2028.61096191 2 2
2029.39404297 3 2
2030.01293945 3 3
r
2030.6340332 2 2
2031.38696289 3 2
2032.17797852 3 3
r
2032.81396484 -2 -2
2033.50805664 -3 -2
2034.28894043 -3 -3
r
2035.12097168 2 -2
2035.7800293 2 -1
2036.39001465 2 0
2037.22998047 2 1
2037.89904785 2 2
2038.58496094 3 2
2039.23999023 3 3
r
2039.99902344 -2 2
2040.66894531 -1 2
2041.53405762 0 2
2042.35498047 1 2
2043.0970459 2 2
2043.98205566 3 2
2044.70703125 3 3
r
2045.44799805 2 2
2046.28100586 3 2
2047.05297852 3 3
r
2047.87902832 -2 -2
2048.69702148 -3 -2
2049.31103516 -3 -3
r
2049.92089844 2 -2
2050.72094727 2 -1
2051.55688477 2 0
2052.20507812 2 1
2053.03100586 2 2
2053.65209961 2 3
2054.50805664 3 3
r
2055.16503906 -2 2
2056.04711914 -2 1
2056.76708984 -2 0
2057.53295898 -2 -1
2058.33007812 -2 -2
2059.17211914 -2 -3
2059.83203125 -3 -3
r
2060.51391602 2 2
2061.13598633 2 3
2061.85498047 3 3
r
2062.71801758 -2 -2
2063.50292969 -2 -3
2064.13989258 -3 -3
r
2064.90307617 2 -2
2065.79296875 2 -1
2066.62402344 2 0
2067.31811523 2 1
2068.17602539 2 2
2068.98999023 3 2
2069.76611328 3 3
r
2070.59204102 -2 2
2071.38500977 -1 2
2072.18188477 0 2
2073.00708008 1 2
2073.8449707 2 2
2074.71411133 3 2
2075.60498047 3 3
r
2076.34008789 2 2
2077.14697266 2 3
2077.98291016 3 3
r
2078.80810547 -2 -2
2079.60791016 -2 -3
2080.20898438 -3 -3
r
2080.88696289 2 -2
2081.51098633 2 -1
2082.18701172 2 0
2082.9519043 2 1
2083.74707031 2 2
2084.54199219 3 2
2085.36499023 3 3
r
2086.18310547 -2 2
2086.96801758 -1 2
2087.5690918 0 2
2088.45898438 1 2
2089.2980957 2 2
2090.17993164 3 2
2091.05395508 3 3
r
2091.74511719 2 2
2092.39990234 3 2
2093.06689453 3 3
r
2093.74511719 -2 -2
2094.58789062 -2 -3
2095.26000977 -3 -3
r
2096.11303711 2 -2
2096.95996094 2 -1
2097.85791016 2 0
2098.74707031 2 1
2099.36108398 2 2
2100.19311523 3 2
2100.98193359 3 3
r
2101.60107422 -2 2
2102.34790039 -1 2
2103.03491211 0 2
2103.85107422 1 2
2104.56298828 2 2
2105.17895508 2 3
2105.97607422 3 3
r
2106.60693359 2 2
2107.25708008 3 2
2107.95703125 3 3
r
2108.67407227 -2 -2
2109.3359375 -2 -3
2110.23291016 -3 -3
r
2111.04711914 2 -2
2111.76708984 2 -1
2112.63696289 2 0
2113.46606445 2 1
2114.24389648 2 2
2114.8659668 3 2
2115.55493164 3 3
r
2116.3359375 -2 2
2117.22094727 -1 2
2117.83300781 0 2
2118.44897461 1 2
2119.1809082 2 2
2119.80297852 3 2
2120.65405273 3 3
r
2121.41992188 2 2
2122.25805664 3 2
2122.86499023 3 3
r
2123.55810547 -2 -2
2124.20898438 -3 -2
2124.87402344 -3 -3
r
2125.49511719 2 -2
2126.20092773 2 -1
2127.02709961 2 0
2127.88500977 2 1
2128.53100586 2 2
2129.39599609 3 2
2130.06298828 3 3
r
2130.73388672 -2 2
2131.38891602 -1 2
2132.11010742 0 2
2132.79492188 1 2
2133.63696289 2 2
2134.48291016 3 2
2135.11108398 3 3
r
2135.72705078 2 2
2136.37011719 3 2
2137.03100586 3 3
r
2137.81494141 -2 -2
2138.58398438 -3 -2
2139.37402344 -3 -3
r
2139.98999023 2 -2
2140.85107422 1 -2
2141.71801758 1 -1
2142.41088867 1 0
2143.13110352 2 0
2143.96411133 2 1
2144.57299805 3 1
2145.21899414 3 2
2145.87304688 3 3
r
2146.69189453 -2 2
2147.41308594 -1 2
2148.14404297 0 2
2149.02197266 1 2
2149.86206055 2 2
2150.54003906 3 2
2151.14404297 3 3
r
2151.98095703 2 2
2152.87890625 3 2
2153.53295898 3 3
r
2154.18994141 -2 -2
2154.82299805 -3 -2
2155.59912109 -3 -3
r
2156.28100586 2 -2
2157.09912109 2 -1
2157.97802734 2 0
2158.7890625 2 1
2159.58007812 3 1
2160.45092773 3 2
2161.3059082 3 3
r
2162.00708008 -2 2
2162.65405273 -1 2
2163.5090332 0 2
2164.34790039 1 2
2165.18505859 2 2
2165.99804688 3 2
2166.76293945 3 3
r
2167.50292969 2 2
2168.13793945 3 2
2168.87207031 3 3
r
2169.64599609 -2 -2
2170.35791016 -2 -3
2171.11010742 -3 -3
r
2171.96899414 2 -2
2172.69506836 1 -2
2173.47900391 1 -1
2174.27905273 1 0
2175.17797852 2 0
2175.92407227 3 0
2176.77905273 3 1
2177.4440918 3 2
2178.12890625 3 3
r
2178.8190918 -2 2
2179.46411133 -1 2
2180.30004883 0 2
2180.96704102 1 2
2181.59912109 2 2
2182.42407227 3 2
2183.32202148 3 3
r
2184.0 2 2
2184.6159668 3 2
2185.25097656 3 3
r
2186.09008789 -2 -2
2186.98510742 -2 -3
2187.75488281 -3 -3
r
2188.37695312 2 -2
2189.17211914 2 -1
2189.80810547 2 0
2190.66503906 2 1
2191.31494141 3 1
2192.17993164 3 2
2192.91503906 3 3
r
2193.68896484 -2 2
2194.56591797 -1 2
2195.20996094 0 2
2195.88891602 1 2
2196.66894531 2 2
2197.29296875 3 2
2197.99804688 3 3
r
2198.82202148 2 2
2199.53710938 3 2
2200.2590332 3 3
r
2201.01196289 -2 -2
2201.64501953 -2 -3
2202.27001953 -3 -3
r
2202.95507812 2 -2
2203.57202148 2 -1
2204.24389648 2 0
2204.98901367 2 1
2205.82006836 3 1
2206.62695312 3 2
2207.23803711 3 3
r
2207.86499023 -2 2
2208.59912109 -1 2
2209.38208008 0 2
2210.19091797 1 2
2210.88696289 2 2
2211.50610352 3 2
2212.10888672 3 3
r
2212.89306641 2 2
2213.62988281 3 2
2214.39892578 3 3
r
2215.01293945 -2 -2
2215.83496094 -3 -2
2216.48291016 -3 -3
r
2217.32788086 2 -2
2217.95996094 2 -1
2218.77392578 2 0
2219.58789062 2 1
2220.23510742 2 2
2220.86010742 3 2
2221.55200195 3 3
r
2222.40795898 -2 2
2223.14794922 -1 2
2223.91308594 0 2
2224.60009766 1 2
2225.47192383 2 2
2226.21191406 3 2
2226.86889648 3 3
r
2227.48095703 2 2
2228.1640625 3 2
2228.93994141 3 3
r
2229.69702148 -2 -2
2230.57788086 -3 -2
2231.38696289 -3 -3
r
2232.2109375 2 -2
2232.8269043 2 -1
2233.66796875 2 0
2234.44702148 3 0
2235.08398438 3 1
2235.75292969 3 2
2236.49291992 3 3
r
2237.34594727 -2 2
2237.96899414 -1 2
2238.61889648 0 2
2239.44702148 1 2
2240.23291016 2 2
2240.88305664 3 2
2241.77392578 3 3
r
2242.42797852 2 2
2243.21606445 3 2
2243.9050293 3 3
r
2244.69897461 -2 -2
2245.52294922 -3 -2
2246.40893555 -3 -3
r
2247.01196289 2 -2
2247.90698242 2 -1
2248.66796875 2 0
2249.53491211 2 1
2250.41308594 2 2
2251.16210938 3 2
2251.99707031 3 3
r
2252.80200195 -2 2
2253.55200195 -1 2
2254.31298828 0 2
2255.02197266 1 2
2255.83007812 2 2
2256.50610352 3 2
2257.37695312 3 3
r
2257.99291992 2 2
2258.83203125 3 2
2259.70605469 3 3
r
2260.56396484 -2 -2
2261.43408203 -3 -2
2262.27197266 -3 -3
r
2263.14111328 2 -2
2263.83300781 2 -1
2264.62792969 2 0
2265.4050293 2 1
2266.27587891 3 1
2267.14208984 3 2
2267.81005859 3 3
r
2268.53295898 -2 2
2269.29907227 -1 2
2270.0 0 2
2270.87011719 1 2
2271.69311523 2 2
2272.36401367 3 2
2273.23901367 3 3
r
2274.11791992 2 2
2274.72802734 3 2
2275.54711914 3 3
r
2276.39501953 -2 -2
2277.03198242 -2 -3
2277.8840332 -3 -3
r
2278.57910156 2 -2
2279.37597656 2 -1
2279.98193359 2 0
2280.64990234 2 1
2281.44311523 2 2
2282.19799805 3 2
2282.81591797 3 3
r
2283.56005859 -2 2
2284.39990234 -1 2
2285.07397461 0 2
2285.8190918 1 2
2286.60595703 2 2
2287.39990234 3 2
2288.05004883 3 3
r
2288.77197266 2 2
2289.47094727 3 2
2290.29492188 3 3
r
2290.96801758 -2 -2
2291.85595703 -2 -3
2292.64892578 -3 -3
r
2293.49291992 2 -2
2294.13989258 2 -1
2294.77905273 2 0
2295.57495117 2 1
2296.20288086 3 1
2296.99804688 3 2
2297.73095703 3 3
r
2298.51098633 -2 2
2299.27709961 -1 2
2300.12792969 0 2
2300.88500977 1 2
2301.56005859 2 2
2302.29711914 3 2
2303.0390625 3 3
r
2303.93408203 2 2
2304.59790039 3 2
2305.31689453 3 3
r
2305.9699707 -2 -2
2306.62402344 -2 -3
2307.47509766 -3 -3
r
2308.22607422 2 -2
2308.94799805 2 -1
2309.78710938 2 0
2310.59912109 3 0
2311.2980957 3 1
2312.0480957 3 2
2312.75292969 3 3
r
2313.42797852 -2 2
2314.14404297 -1 2
2314.92797852 0 2
2315.60888672 1 2
2316.21191406 2 2
2316.90087891 3 2
2317.59204102 3 3
r
2318.28710938 2 2
2318.90600586 3 2
2319.51708984 3 3
r
2320.32495117 -2 -2
2321.14697266 -2 -3
2321.97412109 -3 -3
r
2322.79907227 2 -2
2323.5559082 2 -1
2324.40209961 2 0
2325.13598633 2 1
2325.81591797 3 1
2326.51098633 3 2
2327.12988281 3 3
r
2327.74389648 -2 2
2328.46289062 -1 2
2329.26293945 0 2
2330.05297852 1 2
2330.77587891 2 2
2331.66894531 3 2
2332.30908203 3 3
r
2333.01000977 2 2
2333.67504883 3 2
2334.41796875 3 3
r
2335.23999023 -2 -2
2336.0769043 -2 -3
2336.89501953 -3 -3
r
2337.78491211 2 -2
2338.65698242 2 -1
2339.34106445 2 0
2339.97094727 2 1
2340.65307617 3 1
2341.51391602 3 2
2342.14794922 3 3
r
2342.79907227 -2 2
2343.41503906 -1 2
2344.30810547 0 2
2344.96411133 1 2
2345.69799805 2 2
2346.49291992 3 2
2347.39111328 3 3
r
2348.00390625 2 2
2348.87304688 3 2
2349.65087891 3 3
r
2350.41699219 -2 -2
2351.1340332 -2 -3
2351.89306641 -3 -3
r
2352.73291016 2 -2
2353.36791992 2 -1
2354.23291016 2 0
2354.85595703 3 0
2355.62207031 3 1
2356.33789062 3 2
2357.13793945 3 3
r
2357.78393555 -2 2
2358.56005859 -1 2
2359.43701172 0 2
2360.33105469 1 2
2360.96704102 2 2
2361.79492188 3 2
2362.64404297 3 3
r
2363.27099609 2 2
2364.01708984 3 2
2364.63598633 3 3
r
2365.47412109 -2 -2
2366.20898438 -2 -3
2366.83789062 -3 -3
r
2367.71606445 2 -2
2368.42993164 2 -1
2369.0769043 2 0
2369.8359375 3 0
2370.46191406 3 1
2371.2109375 3 2
2371.94995117 3 3
r
2372.60498047 -2 2
2373.39306641 -1 2
2374.03710938 0 2
2374.71606445 1 2
2375.34399414 2 2
2375.98803711 3 2
2376.61499023 3 3
r
2377.29394531 2 2
2377.97900391 3 2
2378.68188477 3 3
r
2379.54907227 -2 -2
2380.40209961 -3 -2
2381.17895508 -3 -3
r
2382.01708984 2 -2
2382.86401367 2 -1
2383.55493164 2 0
2384.17895508 2 1
2384.82006836 2 2
2385.58691406 3 2
2386.40307617 3 3
r
2387.02001953 -2 2
2387.69897461 -2 1
2388.3269043 -2 0
2389.01000977 -2 -1
2389.67700195 -3 -1
2390.5 -3 -2
2391.23388672 -3 -3
r
2391.99511719 2 2
2392.64697266 2 3
2393.31201172 3 3
r
2394.11791992 -2 -2
2394.99707031 -3 -2
2395.71899414 -3 -3
r
2396.61303711 2 -2
2397.34912109 2 -1
2398.02099609 2 0
2398.68603516 2 1
2399.50097656 2 2
