0.500999987125 3 6
1.33800005913 2 6
2.06299996376 1 6
2.73600006104 0 6
3.42700004578 -1 6
4.22900009155 -2 6
5.07800006866 -3 6
5.80800008774 -4 6
6.67700004578 -3 6
7.50099992752 -2 6
8.28999996185 -2 6
9.0860004425 -1 6
9.88300037384 0 6
10.7609996796 -1 6
11.4589996338 -2 6
12.3009996414 -2 5
12.9989995956 -2 4
13.6949996948 -3 4
14.345000267 -3 5
14.9969997406 -3 6
15.8409996033 -3 6
16.5909996033 -3 6
17.2560005188 -2 6
17.8859996796 -1 6
18.5830001831 0 6
19.392999649 1 6
20.0370006561 0 6
20.7150001526 0 6
21.5540008545 -1 6
22.1590003967 0 6
22.7700004578 -1 6
23.642999649 -1 6
24.3630008698 -2 6
25.2089996338 -1 6
25.9230003357 -2 6
26.7460002899 -3 6
27.5580005646 -3 6
28.2670001984 -2 6
28.9790000916 -2 5
29.7700004578 -1 5
30.4850006104 0 5
31.1299991608 1 5
31.9060001373 1 4
32.6310005188 0 4
33.283000946 0 3
33.8979988098 0 2
34.7980003357 1 2
35.6510009766 0 2
36.3209991455 1 2
37.0019989014 0 2
37.736000061 1 2
38.4949989319 0 2
39.3359985352 0 3
40.0060005188 0 4
40.7849998474 0 3
41.4399986267 0 2
42.2389984131 0 1
42.8759994507 0 2
43.6310005188 0 1
44.3800010681 -1 1
45.1959991455 -1 2
45.9249992371 -1 3
46.5789985657 -1 2
47.2890014648 0 2
48.0880012512 -1 2
48.9809989929 -2 2
49.6489982605 -1 2
50.4249992371 -2 2
51.1730003357 -1 2
51.8079986572 -2 2
52.5789985657 -2 1
53.186000824 -2 0
53.9300003052 -2 -1
54.686000824 -1 -1
55.4469985962 -2 -1
56.1790008545 -3 -1
56.7869987488 -2 -1
57.5909996033 -3 -1
58.3730010986 -4 -1
59.0989990234 -4 0
59.8870010376 -4 1
60.6710014343 -4 0
61.5369987488 -4 -1
62.3170013428 -3 -1
62.986000061 -2 -1
63.7239990234 -3 -1
64.5970001221 -2 -1
65.31300354 -3 -1
66.2060012817 -2 -1
66.9909973145 -3 -1
67.7630004883 -3 0
68.4960021973 -3 -1
69.2580032349 -3 -2
70.1159973145 -3 -3
70.8330001831 -2 -3
71.71900177 -1 -3
72.327003479 -2 -3
73.0260009766 -3 -3
73.8399963379 -4 -3
74.5049972534 -5 -3
75.28099823 -5 -2
76.0960006714 -5 -1
76.9400024414 -5 0
77.6829986572 -5 1
78.5439987183 -4 1
79.4189987183 -3 1
80.1240005493 -2 1
80.7289962769 -3 1
81.5049972534 -2 1
82.2369995117 -1 1
82.8700027466 0 1
83.5640029907 -1 1
84.3099975586 0 1
85.0400009155 -1 1
85.766998291 0 1
86.6579971313 -1 1
87.3519973755 0 1
88.1399993896 -1 1
88.8239974976 0 1
89.5130004883 -1 1
90.2210006714 -2 1
91.0530014038 -1 1
91.841003418 -2 1
92.7170028687 -1 1
93.5039978027 -2 1
94.1360015869 -1 1
94.7419967651 -2 1
95.5199966431 -1 1
96.283996582 -2 1
96.9240036011 -1 1
97.6470031738 -2 1
98.3560028076 -1 1
99.2429962158 -2 1
100.04699707 -1 1
100.786003113 -1 2
101.588996887 0 2
102.401000977 -1 2
103.113998413 0 2
103.897003174 0 1
104.646003723 0 2
105.336997986 0 1
106.23500061 0 2
107.027999878 0 1
107.777999878 0 2
108.597999573 0 3
109.452003479 0 2
110.197998047 0 3
110.963996887 0 2
111.711997986 1 2
112.392997742 0 2
113.17099762 1 2
113.801002502 0 2
114.685997009 1 2
115.443000793 0 2
116.084999084 1 2
116.941001892 1 1
117.793998718 0 1
118.661003113 1 1
119.31199646 0 1
119.981002808 1 1
120.599998474 0 1
121.374000549 1 1
122.153999329 0 1
122.808998108 1 1
123.565002441 0 1
124.175003052 1 1
124.778999329 0 1
125.603996277 1 1
126.29599762 0 1
127.11000061 1 1
127.726997375 2 1
128.464996338 1 1
129.106994629 2 1
129.962997437 3 1
130.636001587 3 0
131.490005493 3 1
132.227996826 3 2
133.085006714 3 1
133.68699646 3 2
134.535995483 3 1
135.272994995 3 0
136.143005371 4 0
136.98500061 3 0
137.68699646 2 0
138.503005981 1 0
139.121994019 0 0
139.815002441 -1 0
140.591003418 -1 1
141.24899292 0 1
142.085006714 1 1
142.854003906 2 1
143.649993896 1 1
144.419006348 1 2
145.242996216 1 1
145.970001221 1 2
146.75100708 1 1
147.442993164 1 2
148.134994507 1 1
148.891998291 1 2
149.542999268 1 1
150.167007446 1 2
150.929992676 1 1
151.617996216 2 1
152.264007568 2 0
152.957992554 1 0
153.695007324 1 1
154.548995972 2 1
155.17300415 2 0
155.910003662 1 0
156.64100647 2 0
157.442993164 1 0
158.143997192 2 0
158.871994019 3 0
159.511993408 2 0
160.259994507 2 1
161.145996094 2 0
161.917007446 2 -1
162.520004272 2 0
163.386001587 2 1
164.117004395 2 0
164.899993896 2 -1
165.630004883 1 -1
166.423995972 1 0
167.197998047 2 0
168.042999268 3 0
168.899993896 2 0
169.57800293 1 0
170.464996338 2 0
171.322998047 1 0
172.162994385 2 0
172.845001221 1 0
173.714996338 2 0
174.531997681 1 0
175.305999756 2 0
176.128997803 1 0
176.779998779 2 0
177.458999634 2 -1
178.207000732 2 0
178.957992554 2 -1
179.559997559 2 -2
180.442993164 2 -1
181.315002441 2 -2
182.054992676 2 -1
182.781005859 3 -1
183.585006714 2 -1
184.210006714 3 -1
185.00100708 2 -1
185.763000488 1 -1
186.544998169 1 0
187.389007568 2 0
188.069000244 2 -1
188.820007324 1 -1
189.445007324 0 -1
190.332992554 -1 -1
191.220001221 -1 0
191.824005127 -1 1
192.496002197 0 1
193.313995361 1 1
194.026992798 2 1
194.880996704 2 0
195.748001099 2 1
196.37600708 2 0
197.190002441 2 1
198.033004761 2 0
198.832992554 1 0
199.488998413 2 0
200.343994141 1 0
201.054992676 2 0
201.912994385 1 0
202.652999878 2 0
203.520004272 1 0
204.406997681 2 0
205.179000854 3 0
205.936004639 2 0
206.660003662 2 -1
207.324996948 2 0
208.027999878 2 -1
208.921005249 1 -1
209.725997925 0 -1
210.593002319 -1 -1
211.414993286 -1 0
212.143997192 0 0
212.985992432 1 0
213.800003052 2 0
214.697006226 2 -1
215.505996704 1 -1
216.32699585 0 -1
217.167007446 -1 -1
217.779998779 -1 0
218.531997681 0 0
219.376998901 1 0
220.054992676 2 0
220.714004517 2 1
221.550994873 2 0
222.333999634 2 1
223.026000977 2 0
223.848007202 2 1
224.490997314 2 0
225.253005981 2 1
225.876998901 2 0
226.744003296 3 0
227.50100708 2 0
228.108001709 1 0
228.863006592 2 0
229.669998169 1 0
230.369995117 2 0
231.154006958 1 0
232.027999878 0 0
232.753997803 1 0
233.373001099 0 0
234.222000122 1 0
235.048995972 2 0
235.791000366 1 0
236.464004517 2 0
237.190994263 2 -1
237.832000732 1 -1
238.64100647 0 -1
239.276992798 -1 -1
240.11000061 -2 -1
240.858001709 -2 0
241.632995605 -1 0
242.432998657 -1 1
243.195999146 0 1
244.080001831 1 1
244.92300415 1 0
245.690002441 2 0
246.434997559 2 -1
247.106002808 2 -2
247.748001099 1 -2
248.56199646 0 -2
249.436004639 -1 -2
250.18800354 -2 -2
251.01600647 -2 -1
251.770004272 -2 -2
252.447006226 -2 -3
253.18800354 -2 -2
254.037002563 -1 -2
254.720001221 0 -2
255.466003418 1 -2
256.131011963 2 -2
256.75201416 2 -3
257.570007324 1 -3
258.347991943 0 -3
259.210998535 -1 -3
260.105010986 -1 -2
260.765991211 0 -2
261.484008789 1 -2
262.246002197 1 -3
262.966003418 1 -2
263.579986572 1 -1
264.343994141 2 -1
265.071990967 2 -2
265.971984863 2 -1
266.634002686 2 0
267.483001709 2 1
268.089996338 2 0
268.811004639 2 1
269.515991211 2 2
270.20098877 2 1
270.816986084 2 2
271.595001221 2 1
272.466003418 3 1
273.128997803 2 1
273.856994629 3 1
274.600006104 2 1
275.29800415 1 1
276.049987793 0 1
276.658996582 -1 1
277.395996094 0 1
278.157012939 -1 1
278.852996826 0 1
279.489990234 -1 1
280.135009766 -2 1
280.99798584 -1 1
281.772003174 -2 1
282.447998047 -2 0
283.170013428 -2 1
283.851013184 -2 2
284.591003418 -2 1
285.24899292 -2 0
285.915985107 -2 1
286.539001465 -2 0
287.300994873 -3 0
287.915008545 -2 0
288.544006348 -3 0
289.188995361 -2 0
290.058990479 -3 0
290.914001465 -2 0
291.799987793 -1 0
292.683013916 0 0
293.37399292 1 0
294.032012939 0 0
294.875 -1 0
295.485992432 0 0
296.088012695 1 0
296.720001221 0 0
297.579986572 -1 0
298.316986084 0 0
299.141998291 -1 0
299.82800293 0 0
300.725006104 -1 0
301.368988037 0 0
301.970001221 -1 0
302.835998535 -2 0
303.730010986 -1 0
304.506988525 -1 1
305.274993896 -2 1
306.07800293 -2 2
306.812011719 -2 1
307.432006836 -2 0
308.080993652 -2 1
308.957000732 -2 0
309.723999023 -2 1
310.414001465 -2 0
311.282989502 -2 1
312.037994385 -2 0
312.773986816 -2 1
313.45098877 -2 0
314.29901123 -2 1
314.941986084 -2 0
315.735992432 -2 1
316.540008545 -2 0
317.244995117 -3 0
318.065002441 -3 1
318.714996338 -3 0
319.467987061 -2 0
320.270996094 -3 0
321.023010254 -2 0
321.635009766 -2 -1
322.479003906 -3 -1
323.303985596 -2 -1
324.180999756 -1 -1
324.787994385 0 -1
325.643005371 1 -1
326.263000488 0 -1
326.947998047 1 -1
327.667999268 0 -1
328.562988281 1 -1
329.385986328 0 -1
330.132995605 1 -1
330.776000977 0 -1
331.611999512 1 -1
332.325012207 0 -1
333.04598999 1 -1
333.845001221 0 -1
334.510986328 1 -1
335.187011719 1 0
335.947998047 0 0
336.795013428 1 0
337.398986816 0 0
338.196014404 1 0
338.903991699 0 0
339.514007568 1 0
340.257995605 2 0
340.911987305 1 0
341.601989746 2 0
342.395996094 2 -1
343.255004883 2 0
343.878997803 2 -1
344.683990479 2 -2
345.319000244 2 -1
346.162994385 2 -2
346.777008057 2 -1
347.432006836 2 0
348.290008545 2 -1
348.944000244 2 0
349.825012207 2 1
350.45300293 2 0
351.061004639 2 1
351.765014648 2 0
352.468994141 2 1
353.257995605 2 0
354.148986816 3 0
354.861999512 2 0
355.519012451 3 0
356.343994141 2 0
357.096984863 2 1
357.993011475 1 1
358.848999023 0 1
359.579986572 -1 1
360.399993896 -2 1
361.253997803 -2 0
362.102996826 -2 -1
362.787994385 -1 -1
363.518005371 0 -1
364.151000977 1 -1
364.800994873 1 0
365.463012695 1 1
366.071990967 0 1
366.687011719 -1 1
367.450012207 -1 0
368.196014404 -2 0
368.851989746 -2 -1
369.657012939 -1 -1
370.312988281 0 -1
370.933990479 1 -1
371.605010986 1 0
372.455993652 1 1
373.194000244 0 1
374.04598999 -1 1
374.885986328 -2 1
375.647003174 -2 0
376.359985352 -1 0
377.227996826 -1 1
377.864013672 -2 1
378.743988037 -2 0
379.631988525 -1 0
380.320007324 -1 1
381.180999756 -1 2
382.022003174 -1 1
382.898986816 -1 2
383.653991699 -1 1
384.368011475 -1 2
385.156005859 -1 1
385.992004395 -1 2
386.872009277 -1 1
387.653991699 -1 2
388.457000732 -1 1
389.121002197 -2 1
389.977996826 -1 1
390.674987793 -2 1
391.569000244 -1 1
392.179992676 -2 1
392.927001953 -1 1
393.690002441 -1 0
394.302001953 -2 0
394.967010498 -1 0
395.815002441 -2 0
396.514007568 -1 0
397.195007324 -2 0
397.993988037 -1 0
398.833007812 -2 0
399.661987305 -1 0
400.445007324 -2 0
401.25 -1 0
401.985992432 -2 0
402.611999512 -1 0
403.32800293 -2 0
404.119995117 -1 0
404.910003662 -1 1
405.710998535 -1 0
406.506988525 -1 1
407.186004639 -1 0
407.976013184 -1 1
408.79901123 -1 0
409.506011963 -1 1
410.375 -1 0
411.167999268 -1 1
411.959014893 -1 0
412.678009033 -1 1
413.559997559 -1 0
414.278015137 -1 1
415.015991211 -1 2
415.710998535 0 2
416.503997803 1 2
417.153991699 1 1
417.79699707 0 1
418.609008789 -1 1
419.332000732 0 1
420.119995117 -1 1
420.726989746 0 1
421.490997314 -1 1
422.322998047 0 1
422.988006592 -1 1
423.618011475 0 1
424.425994873 -1 1
425.102996826 0 1
425.897003174 -1 1
426.640991211 -1 2
427.359008789 0 2
428.069000244 1 2
428.960998535 0 2
429.733001709 0 1
430.401000977 -1 1
431.035003662 -1 2
431.643005371 0 2
432.535003662 0 1
433.191009521 -1 1
433.959991455 -1 2
434.697998047 0 2
435.333007812 0 1
436.111999512 -1 1
436.742004395 -2 1
437.522003174 -1 1
438.191986084 -2 1
438.946990967 -1 1
439.62600708 -2 1
440.321990967 -1 1
441.019012451 0 1
441.859008789 -1 1
442.535003662 0 1
443.302001953 -1 1
444.018005371 0 1
444.753997803 -1 1
445.49899292 0 1
446.350006104 -1 1
447.069000244 0 1
447.709014893 -1 1
448.544006348 0 1
449.441009521 -1 1
450.062988281 0 1
450.819000244 -1 1
451.506988525 -2 1
452.299987793 -1 1
453.152008057 -2 1
453.790985107 -1 1
454.473999023 0 1
455.20098877 -1 1
455.803985596 0 1
456.588989258 -1 1
457.381988525 0 1
458.204986572 -1 1
458.963989258 0 1
459.859008789 -1 1
460.533996582 -1 2
461.149993896 -1 1
461.894989014 -1 2
462.528991699 -1 1
463.29699707 -1 0
464.12600708 -1 1
464.960998535 -1 0
465.567993164 -1 1
466.37701416 -1 0
467.220001221 -1 1
467.95300293 -1 0
468.800994873 -1 1
469.540985107 -1 0
470.322998047 -1 1
470.984008789 -1 0
471.845001221 -1 1
472.572998047 -1 0
473.312011719 -1 1
473.95098877 -2 1
474.74798584 -1 1
475.541992188 -2 1
476.420013428 -1 1
477.144012451 0 1
477.839996338 -1 1
478.57699585 0 1
479.283996582 -1 1
480.019012451 0 1
480.915985107 -1 1
481.539001465 0 1
482.152008057 -1 1
483.028991699 0 1
483.67199707 -1 1
484.476989746 0 1
485.229003906 -1 1
485.989990234 0 1
486.666992188 -1 1
487.317993164 -1 2
487.996002197 0 2
488.834014893 0 1
489.513000488 -1 1
490.29699707 -1 2
490.945007324 0 2
491.592987061 0 1
492.25 -1 1
492.895996094 -1 2
493.707000732 -1 1
494.545013428 -1 2
495.165985107 -1 1
496.033996582 -2 1
496.640014648 -1 1
497.528991699 -2 1
498.32901001 -1 1
498.95401001 0 1
499.584991455 -1 1
500.261993408 0 1
501.105987549 -1 1
501.971984863 0 1
502.802001953 -1 1
503.610992432 0 1
504.273010254 -1 1
505.106994629 0 1
505.769989014 -1 1
506.613006592 -1 0
507.303009033 -2 0
508.079986572 -1 0
508.850006104 -2 0
509.720001221 -1 0
510.472991943 -2 0
511.121002197 -1 0
511.929992676 -2 0
512.731018066 -1 0
513.450012207 -2 0
514.21697998 -1 0
515.018981934 -2 0
515.830993652 -1 0
516.603027344 -2 0
517.422973633 -1 0
518.24798584 -1 1
518.909973145 -1 0
519.517028809 -1 1
520.331970215 -1 0
521.04498291 -1 1
521.87097168 -1 0
522.565979004 -1 1
523.241027832 -1 0
524.072021484 -1 1
524.961975098 -1 0
525.74798584 -1 1
526.403991699 -1 0
527.25402832 -1 1
527.947998047 -1 0
528.763000488 -1 1
529.598022461 -1 0
530.429992676 -1 1
531.127990723 0 1
531.82800293 -1 1
532.572021484 0 1
533.340026855 -1 1
533.994995117 0 1
534.859985352 -1 1
535.676025391 0 1
536.427978516 -1 1
537.176025391 0 1
537.888977051 -1 1
538.708984375 0 1
539.507019043 -1 1
540.392028809 -2 1
541.184997559 -1 1
541.914001465 -1 2
542.612976074 0 2
543.372009277 0 1
544.051025391 -1 1
544.893981934 -1 2
545.50201416 0 2
546.281982422 0 1
547.013977051 -1 1
547.802001953 -1 2
548.515014648 0 2
549.296020508 0 1
550.181030273 -1 1
550.91998291 0 1
551.536987305 -1 1
552.333007812 0 1
553.151977539 -1 1
553.942993164 0 1
554.708007812 -1 1
555.5 0 1
556.109008789 -1 1
556.971984863 0 1
557.784973145 -1 1
558.478027344 0 1
559.119018555 -1 1
559.757019043 -2 1
560.466003418 -1 1
561.088989258 -2 1
561.846984863 -1 1
562.520996094 0 1
563.392028809 -1 1
564.054992676 0 1
564.664978027 -1 1
565.270996094 0 1
566.086975098 -1 1
566.815002441 0 1
567.702026367 -1 1
568.382995605 0 1
569.138000488 -1 1
569.992004395 0 1
570.695983887 -1 1
571.473022461 0 1
572.088989258 -1 1
572.926025391 0 1
573.723022461 -1 1
574.528015137 -2 1
575.309020996 -1 1
576.135009766 -1 0
576.947998047 -1 1
577.557006836 -1 0
578.312988281 -1 1
579.094970703 -1 0
579.87298584 -1 1
580.536987305 -1 0
581.29498291 -1 1
582.177001953 -1 0
582.866027832 -1 1
583.75 -1 2
584.382995605 -1 1
585.041015625 -1 2
585.684997559 -1 1
586.458007812 0 1
587.086975098 -1 1
587.763977051 0 1
588.653015137 -1 1
589.429016113 0 1
590.291015625 -1 1
591.166015625 0 1
591.926025391 -1 1
592.651000977 0 1
593.544006348 -1 1
594.338012695 -1 0
595.085021973 -1 1
595.911010742 -1 0
596.703979492 -1 1
597.320983887 -1 0
598.197998047 -1 1
598.880004883 -2 1
599.747009277 -1 1
600.478027344 0 1
601.104980469 -1 1
601.914978027 0 1
602.796020508 -1 1
603.598022461 0 1
604.318969727 -1 1
604.922973633 0 1
605.658996582 -1 1
606.307006836 -2 1
607.04699707 -1 1
607.793029785 0 1
608.67199707 -1 1
609.281005859 0 1
609.971984863 -1 1
610.666992188 0 1
611.442993164 -1 1
612.211975098 0 1
612.835021973 -1 1
613.601989746 0 1
614.408996582 -1 1
615.133972168 -1 2
615.906005859 -1 1
616.533996582 -1 0
617.400024414 -1 1
618.228027344 -1 0
618.942016602 -1 1
619.705993652 -1 0
620.315979004 -1 1
621.04699707 -1 0
621.715026855 -1 1
622.611999512 -1 0
623.338012695 -1 1
624.146972656 -1 0
624.823974609 -1 1
625.596984863 -1 2
626.40802002 -1 1
627.021972656 -1 2
627.630004883 -1 1
628.328979492 0 1
629.15802002 -1 1
629.885986328 0 1
630.744995117 -1 1
631.49597168 0 1
632.331970215 -1 1
633.208984375 -2 1
634.085998535 -1 1
634.734008789 0 1
635.424987793 -1 1
636.268005371 0 1
637.034973145 -1 1
637.91998291 0 1
638.664978027 -1 1
639.270996094 0 1
640.153991699 -1 1
640.818969727 0 1
641.45098877 -1 1
642.241027832 -1 0
643.067016602 -2 0
643.679016113 -1 0
644.484008789 -2 0
645.177978516 -1 0
645.934020996 -2 0
646.539978027 -1 0
647.400024414 -2 0
648.101013184 -1 0
648.934997559 -2 0
649.58001709 -1 0
650.476989746 -2 0
651.101989746 -1 0
651.843017578 -2 0
652.562011719 -1 0
653.377990723 -2 0
654.20501709 -1 0
654.833984375 -1 1
655.478027344 0 1
656.109008789 -1 1
656.804992676 0 1
657.434997559 -1 1
658.073974609 0 1
658.973022461 -1 1
659.760986328 0 1
660.50402832 -1 1
661.374023438 0 1
662.195983887 -1 1
662.802978516 -1 0
663.45501709 -1 1
664.226989746 -1 0
664.87298584 -1 1
665.684997559 -1 0
666.580993652 -1 1
667.187011719 -1 0
667.92401123 -1 1
668.674987793 -1 0
669.479980469 -1 1
670.184997559 -1 0
670.908996582 -1 1
671.755004883 -1 0
672.617980957 -1 1
673.258972168 0 1
673.885986328 -1 1
674.776977539 0 1
675.585998535 -1 1
676.353027344 0 1
677.242980957 -1 1
677.890014648 0 1
678.705993652 -1 1
679.359985352 0 1
680.166015625 -1 1
680.768005371 0 1
681.570983887 -1 1
682.193969727 -1 2
683.000976562 -1 1
683.781982422 -1 2
684.499023438 -1 1
685.228027344 -1 2
685.857971191 -1 1
686.672973633 -1 0
687.302001953 -1 1
688.161010742 -1 0
688.973999023 -1 1
689.867980957 -1 0
690.695007324 -1 1
691.395019531 -1 0
692.192016602 -1 1
692.976013184 -1 0
693.643981934 -2 0
694.354980469 -1 0
695.057983398 -2 0
695.783996582 -1 0
696.431030273 -2 0
697.142028809 -1 0
697.908996582 -2 0
698.690002441 -1 0
699.403991699 -2 0
700.138000488 -1 0
700.791992188 0 0
701.486999512 -1 0
702.09197998 0 0
702.818969727 -1 0
703.692993164 0 0
704.460998535 -1 0
705.07800293 -2 0
705.79699707 -1 0
706.510986328 -2 0
707.271972656 -1 0
707.931030273 -2 0
708.666992188 -1 0
709.450012207 -2 0
710.171020508 -1 0
710.989990234 -2 0
711.59197998 -1 0
712.317993164 -1 1
713.164001465 -1 0
714.052978516 -1 1
714.786010742 -1 0
715.487976074 -1 1
716.280029297 -1 0
716.945983887 -1 1
717.767028809 -1 0
718.62902832 -1 1
719.403015137 -1 0
720.179992676 -1 1
721.054992676 -1 0
721.820983887 -1 1
722.651977539 -1 0
723.526000977 -1 1
724.24798584 0 1
725.140991211 -1 1
725.906005859 0 1
726.518005371 -1 1
727.252990723 0 1
727.903015137 -1 1
728.530029297 0 1
729.216003418 -1 1
729.82598877 0 1
730.432983398 -1 1
731.312011719 0 1
731.986022949 -1 1
732.601989746 0 1
733.267028809 -1 1
734.077026367 0 1
734.79901123 -1 1
735.604980469 0 1
736.476013184 -1 1
737.085021973 -1 2
737.952026367 0 2
738.638977051 0 1
739.502990723 -1 1
740.340026855 -1 2
741.090026855 -1 1
741.835998535 0 1
742.508972168 -1 1
743.275024414 0 1
744.094970703 -1 1
744.844970703 0 1
745.593017578 -1 1
746.356018066 0 1
747.15802002 -1 1
747.806030273 0 1
748.418029785 -1 1
749.310974121 0 1
750.182983398 -1 1
750.95300293 0 1
751.703979492 -1 1
752.361999512 0 1
753.070007324 -1 1
753.882019043 -1 0
754.700012207 -2 0
755.523010254 -1 0
756.32598877 -2 0
757.224975586 -1 0
757.974975586 -2 0
758.591003418 -1 0
759.242004395 -2 0
759.883972168 -1 0
760.489990234 -1 1
761.140014648 -1 0
761.92401123 -1 1
762.62298584 -1 0
763.448974609 -1 1
764.229003906 0 1
764.867004395 -1 1
765.585021973 0 1
766.198974609 -1 1
766.877990723 0 1
767.541992188 -1 1
768.179016113 0 1
769.041992188 -1 1
769.924987793 0 1
770.681030273 -1 1
771.5 0 1
772.263977051 -1 1
773.156005859 0 1
773.854980469 -1 1
774.750976562 0 1
775.528015137 -1 1
776.182006836 0 1
777.025024414 -1 1
777.742004395 -1 0
778.40802002 -1 1
779.12902832 -1 0
779.736999512 -1 1
780.486022949 -1 0
781.289978027 -1 1
782.047973633 -1 0
782.765014648 -1 1
783.432983398 0 1
784.15802002 -1 1
784.783996582 0 1
785.588012695 -1 1
786.460021973 0 1
787.244995117 -1 1
787.927978516 0 1
788.546020508 0 2
789.317016602 0 1
790.163024902 0 2
790.895996094 0 1
791.62902832 0 2
792.517028809 0 1
793.25 0 0
794.103027344 0 1
794.869995117 0 0
795.656005859 0 1
796.49597168 0 0
797.349975586 0 1
798.073974609 0 2
798.765014648 0 1
799.632995605 0 2
800.393981934 0 1
801.148986816 0 2
801.767028809 0 1
802.534973145 0 2
803.145996094 0 1
803.773986816 0 2
804.442993164 0 1
805.29699707 0 2
806.150024414 0 1
806.947998047 0 0
807.757995605 -1 0
808.442016602 -1 1
809.276000977 0 1
809.882019043 1 1
810.719970703 1 0
811.499023438 1 1
812.181030273 1 0
812.815002441 1 1
813.518005371 1 0
814.383972168 2 0
815.28302002 2 -1
816.070007324 2 0
816.823974609 2 -1
817.578979492 1 -1
818.215026855 2 -1
818.859985352 1 -1
819.530029297 2 -1
820.16998291 1 -1
821.00402832 2 -1
821.812011719 1 -1
822.471008301 0 -1
823.098999023 1 -1
823.895996094 0 -1
824.731018066 1 -1
825.53302002 0 -1
826.163024902 1 -1
827.060974121 0 -1
827.666015625 1 -1
828.448974609 0 -1
829.187988281 1 -1
829.981994629 0 -1
830.861022949 1 -1
831.692993164 0 -1
832.406005859 1 -1
833.135009766 0 -1
833.763000488 1 -1
834.377990723 1 0
835.234985352 1 -1
835.882995605 1 0
836.528991699 1 -1
837.237976074 1 0
837.969970703 1 -1
838.765014648 2 -1
839.646972656 1 -1
840.541992188 2 -1
841.330993652 1 -1
841.953979492 1 -2
842.606994629 0 -2
843.369018555 1 -2
843.986999512 1 -3
844.593017578 1 -4
845.320007324 1 -3
846.030029297 0 -3
846.864990234 0 -2
847.705993652 0 -1
848.500976562 0 0
849.221984863 0 1
850.033996582 1 1
850.807006836 1 0
851.604980469 1 -1
852.294006348 1 -2
852.92401123 1 -1
853.539978027 1 -2
854.405029297 0 -2
855.278015137 0 -1
855.973022461 0 0
856.784973145 1 0
857.484985352 2 0
858.109985352 1 0
858.827026367 2 0
859.635986328 1 0
860.400024414 2 0
861.283996582 1 0
862.145996094 0 0
862.984008789 1 0
863.601989746 0 0
864.479980469 1 0
865.198974609 2 0
865.823974609 1 0
866.585998535 2 0
867.189025879 1 0
867.989990234 2 0
868.685974121 1 0
869.322998047 1 1
870.151000977 1 0
870.864013672 1 1
871.564025879 1 0
872.307006836 1 1
872.945007324 1 0
873.606994629 1 1
874.226013184 1 0
874.880004883 1 1
875.768005371 1 0
876.5 1 1
877.226989746 1 0
877.999023438 1 1
878.864013672 1 2
879.489013672 1 1
880.197021484 2 1
881.033996582 1 1
881.929016113 2 1
882.554992676 1 1
883.213989258 2 1
884.070007324 1 1
884.883972168 0 1
885.596984863 -1 1
886.388977051 0 1
887.24597168 -1 1
887.888000488 0 1
888.674987793 -1 1
889.426025391 0 1
890.302001953 -1 1
891.137023926 0 1
891.822021484 -1 1
892.609008789 0 1
893.315979004 -1 1
893.91998291 0 1
894.614990234 -1 1
895.260986328 0 1
896.088989258 -1 1
896.734985352 0 1
897.366027832 -1 1
898.24597168 0 1
899.117980957 -1 1
899.810974121 0 1
900.564025879 -1 1
901.283996582 0 1
901.979003906 -1 1
902.593994141 0 1
903.437011719 -1 1
904.041015625 0 1
904.656982422 -1 1
905.291015625 0 1
905.903015137 -1 1
906.533996582 0 1
907.364990234 -1 1
908.090026855 0 1
908.919006348 -1 1
909.690979004 0 1
910.406982422 -1 1
911.24798584 0 1
912.052001953 -1 1
912.900024414 -2 1
913.736999512 -1 1
914.361999512 0 1
915.065979004 -1 1
915.965026855 0 1
916.799987793 -1 1
917.447021484 0 1
918.190979004 -1 1
918.929016113 0 1
919.588989258 -1 1
920.255004883 0 1
921.018981934 -1 1
921.736022949 0 1
922.463989258 -1 1
923.168029785 0 1
923.822021484 -1 1
924.476989746 0 1
925.320007324 -1 1
926.197021484 0 1
927.034973145 -1 1
927.703979492 0 1
928.431030273 -1 1
929.304016113 0 1
929.929992676 -1 1
930.786010742 0 1
931.484985352 -1 1
932.109008789 0 1
932.880004883 -1 1
933.719970703 0 1
934.354003906 -1 1
935.21697998 0 1
935.853027344 0 2
936.482971191 0 1
937.283996582 0 2
938.156005859 0 1
938.932006836 0 2
939.781982422 0 1
940.513977051 0 2
941.284973145 0 1
942.146972656 0 2
942.95501709 0 1
943.564025879 0 0
944.382019043 0 1
945.143981934 0 0
945.775024414 0 1
946.659973145 0 0
947.526977539 0 1
948.398010254 0 0
949.018005371 0 1
949.776000977 0 0
950.663024902 -1 0
951.49798584 -1 1
952.348999023 -1 0
953.041992188 -1 1
953.940979004 0 1
954.731994629 1 1
955.617980957 1 0
956.323974609 1 1
957.028015137 0 1
957.742980957 1 1
958.403015137 0 1
959.119018555 1 1
959.937011719 1 2
960.70300293 1 1
961.471008301 0 1
962.265014648 1 1
963.143005371 0 1
963.864013672 1 1
964.54699707 0 1
965.231994629 1 1
965.890014648 2 1
966.65802002 1 1
967.489013672 0 1
968.260986328 1 1
968.922973633 0 1
969.643981934 1 1
970.306030273 0 1
971.177978516 1 1
971.880981445 0 1
972.695007324 1 1
973.361999512 2 1
974.065002441 1 1
974.843017578 0 1
975.593017578 1 1
976.333984375 0 1
977.210021973 1 1
977.956970215 0 1
978.767028809 1 1
979.46697998 1 2
980.106994629 1 1
980.732971191 1 2
981.461975098 1 1
982.20501709 1 0
982.857971191 1 1
983.471008301 1 0
984.29498291 1 1
985.065979004 1 0
985.700012207 1 1
986.505981445 1 0
987.262023926 1 1
988.138000488 1 0
989.03302002 1 1
989.922973633 1 0
990.775024414 2 0
991.536987305 1 0
992.161010742 0 0
992.786010742 1 0
993.530029297 2 0
994.29699707 1 0
995.133972168 2 0
995.945007324 1 0
996.684997559 2 0
997.505004883 1 0
998.234985352 1 -1
999.007019043 0 -1
999.726989746 1 -1
1000.44897461 0 -1
1001.09197998 1 -1
1001.86602783 0 -1
1002.53399658 1 -1
1003.41900635 0 -1
1004.13800049 1 -1
1004.815979 0 -1
1005.54101562 1 -1
1006.29602051 1 -2
1006.90802002 0 -2
1007.79302979 1 -2
1008.39697266 0 -2
1009.22198486 1 -2
1010.05999756 1 -3
1010.96002197 1 -2
1011.82897949 0 -2
1012.64898682 1 -2
1013.5380249 0 -2
1014.30102539 0 -1
1015.10601807 1 -1
1015.86102295 0 -1
1016.70001221 1 -1
1017.49102783 0 -1
1018.12298584 1 -1
1018.79101562 1 -2
1019.47497559 1 -1
1020.32397461 1 0
1021.02398682 1 -1
1021.88500977 1 0
1022.60101318 1 -1
1023.34002686 1 0
1024.15405273 1 -1
1024.93994141 1 0
1025.76501465 2 0
1026.47802734 1 0
1027.26501465 2 0
1028.04797363 1 0
1028.79199219 2 0
1029.40100098 1 0
1030.18200684 2 0
1030.78601074 1 0
1031.49194336 2 0
1032.2199707 1 0
1033.06396484 1 -1
1033.78503418 1 -2
1034.68395996 1 -1
1035.47802734 0 -1
1036.33300781 1 -1
1037.01293945 0 -1
1037.81799316 1 -1
1038.49194336 0 -1
1039.2130127 1 -1
1040.06298828 0 -1
1040.74597168 1 -1
1041.42004395 0 -1
1042.26403809 1 -1
1042.94104004 0 -1
1043.71398926 1 -1
1044.60595703 0 -1
1045.36694336 1 -1
1046.1529541 0 -1
1046.93395996 1 -1
1047.67700195 2 -1
1048.49194336 1 -1
1049.11804199 2 -1
1049.95202637 1 -1
1050.84204102 1 -2
1051.61999512 0 -2
1052.24694824 0 -1
1053.08605957 1 -1
1053.7220459 0 -1
1054.37304688 1 -1
1055.08203125 0 -1
1055.92004395 1 -1
1056.79797363 0 -1
1057.58996582 1 -1
1058.23803711 0 -1
1058.87597656 1 -1
1059.55895996 0 -1
1060.30603027 1 -1
1060.92797852 0 -1
1061.58203125 1 -1
1062.26196289 0 -1
1063.04199219 1 -1
1063.78601074 0 -1
1064.6739502 1 -1
1065.54003906 0 -1
1066.38195801 1 -1
1067.1829834 1 0
1067.78601074 1 -1
1068.54199219 1 0
1069.24804688 1 -1
1069.99401855 1 0
1070.87194824 1 -1
1071.62304688 1 0
1072.29699707 1 -1
1073.00500488 1 -2
1073.67199707 0 -2
1074.49902344 0 -1
1075.15197754 1 -1
1075.88903809 1 -2
1076.64599609 0 -2
1077.37402344 1 -2
1078.20202637 0 -2
1079.03198242 1 -2
1079.65100098 0 -2
1080.33605957 0 -1
1080.9720459 1 -1
1081.83898926 1 -2
1082.56896973 0 -2
1083.3470459 0 -1
1084.04699707 -1 -1
1084.77001953 0 -1
1085.63195801 -1 -1
1086.26904297 0 -1
1086.96594238 -1 -1
1087.79504395 0 -1
1088.69299316 -1 -1
1089.54504395 0 -1
1090.34094238 -1 -1
1091.15197754 0 -1
1092.02099609 -1 -1
1092.63000488 0 -1
1093.3380127 -1 -1
1094.0880127 -1 -2
1094.8449707 -1 -3
1095.56896973 -1 -2
1096.31604004 -1 -3
1097.03198242 -1 -2
1097.91003418 -1 -1
1098.52404785 -1 0
1099.13903809 -1 1
1099.94299316 0 1
1100.70495605 1 1
1101.56799316 1 0
1102.2779541 1 -1
1103.06494141 1 0
1103.9239502 1 -1
1104.77697754 1 0
1105.49304199 1 -1
1106.35205078 1 0
1106.9630127 2 0
1107.79602051 1 0
1108.46594238 2 0
1109.11694336 1 0
1109.89001465 2 0
1110.5970459 1 0
1111.35400391 2 0
1111.96203613 1 0
1112.65197754 2 0
1113.4630127 1 0
1114.14196777 0 0
1114.83605957 1 0
1115.62597656 0 0
1116.37304688 1 0
1117.24694824 0 0
1118.00195312 1 0
1118.60803223 0 0
1119.39001465 1 0
1120.28894043 0 0
1121.05395508 1 0
1121.88195801 1 -1
1122.74194336 1 0
1123.36999512 1 -1
1124.11206055 1 0
1124.9050293 1 -1
1125.66699219 1 0
1126.38000488 1 -1
1127.02404785 1 0
1127.66296387 1 -1
1128.52197266 1 0
1129.33496094 1 -1
1129.97998047 1 -2
1130.62902832 1 -1
1131.27404785 1 -2
1132.02600098 1 -1
1132.64697266 2 -1
1133.49499512 1 -1
1134.24304199 2 -1
1135.05700684 1 -1
1135.84399414 2 -1
1136.7130127 1 -1
1137.49694824 1 0
1138.12805176 1 -1
1139.01098633 1 0
1139.62902832 1 -1
1140.47998047 1 -2
1141.34997559 0 -2
1142.17297363 0 -1
1143.04003906 -1 -1
1143.88500977 -1 0
1144.77001953 -1 1
1145.37402344 0 1
1145.98498535 1 1
1146.59802246 1 0
1147.25695801 1 -1
1147.9720459 0 -1
1148.86499023 -1 -1
1149.76098633 -1 0
1150.64001465 -1 1
1151.31396484 0 1
1152.06396484 1 1
1152.70898438 1 0
1153.41394043 1 -1
1154.09997559 0 -1
1154.9050293 -1 -1
1155.5369873 -1 0
1156.2409668 -2 0
1156.86804199 -1 0
1157.58105469 -2 0
1158.25598145 -1 0
1159.13000488 -2 0
1159.76794434 -1 0
1160.51196289 -2 0
1161.33105469 -1 0
1162.12194824 -2 0
1162.87194824 -1 0
1163.48706055 -2 0
1164.30297852 -1 0
1165.12304688 -2 0
1165.87805176 -1 0
1166.50097656 -2 0
1167.14294434 -1 0
1167.95605469 0 0
1168.63098145 -1 0
1169.28295898 0 0
1170.04394531 -1 0
1170.73596191 0 0
1171.37597656 -1 0
1172.19604492 0 0
1173.06896973 -1 0
1173.81994629 0 0
1174.61499023 -1 0
1175.23095703 -2 0
1176.11694336 -1 0
1176.92102051 -2 0
1177.57397461 -1 0
1178.42700195 -2 0
1179.11096191 -1 0
1179.84997559 -1 1
1180.50097656 0 1
1181.10998535 1 1
1182.00500488 1 0
1182.85302734 1 -1
1183.69702148 0 -1
1184.36694336 -1 -1
1185.26000977 -1 0
1185.87597656 -1 1
1186.66394043 0 1
1187.37695312 1 1
1188.13195801 1 0
1188.91003418 1 -1
1189.61303711 0 -1
1190.47900391 -1 -1
1191.18505859 -1 0
1191.95703125 -1 1
1192.82397461 0 1
1193.60498047 1 1
1194.21203613 1 0
1195.03100586 2 0
1195.69897461 1 0
1196.32897949 2 0
1197.21704102 1 0
1198.04199219 2 0
1198.72595215 1 0
1199.40795898 2 0
