0.500999987125 3 6
1.33800005913 2 6
2.06299996376 1 6
2.73600006104 0 6
3.42700004578 -1 6
4.22900009155 -2 6
5.07800006866 -3 6
5.80800008774 -4 6
6.67700004578 -3 6
7.50099992752 -2 6
8.28999996185 -2 6
9.0860004425 -1 6
9.88300037384 0 6
10.7609996796 -1 6
11.4589996338 -2 6
12.3009996414 -2 5
12.9989995956 -2 4
13.6949996948 -2 5
14.345000267 -3 5
14.9969997406 -3 6
15.8409996033 -3 6
16.5909996033 -2 6
17.2560005188 -3 6
17.8859996796 -2 6
18.5830001831 -1 6
19.392999649 0 6
20.0370006561 1 6
20.7150001526 0 6
21.5540008545 0 6
22.1590003967 1 6
22.7700004578 0 6
23.642999649 -1 6
24.3630008698 0 6
25.2089996338 -1 6
25.9230003357 -2 6
26.7460002899 -2 6
27.5580005646 -3 6
28.2670001984 -4 6
28.9790000916 -3 6
29.7700004578 -4 6
30.4850006104 -5 6
31.1299991608 -6 6
31.9060001373 -6 6
32.6310005188 -6 6
33.283000946 -6 6
33.8979988098 -6 6
34.7980003357 -6 6
35.6510009766 -6 5
36.3209991455 -6 4
37.0019989014 -5 4
37.736000061 -5 3
38.4949989319 -5 2
39.3359985352 -5 1
40.0060005188 -5 0
40.7849998474 -5 -1
41.4399986267 -5 -2
42.2389984131 -5 -1
42.8759994507 -5 0
43.6310005188 -5 1
44.3800010681 -6 1
45.1959991455 -6 1
45.9249992371 -5 1
46.5789985657 -5 0
47.2890014648 -4 0
48.0880012512 -3 0
48.9809989929 -2 0
49.6489982605 -3 0
50.4249992371 -4 0
51.1730003357 -5 0
51.8079986572 -5 1
52.5789985657 -5 2
53.186000824 -5 1
53.9300003052 -5 0
54.686000824 -4 0
55.4469985962 -3 0
56.1790008545 -2 0
56.7869987488 -1 0
57.5909996033 0 0
58.3730010986 1 0
59.0989990234 0 0
59.8870010376 -1 0
60.6710014343 0 0
61.5369987488 1 0
62.3170013428 0 0
62.986000061 -1 0
63.7239990234 0 0
64.5970001221 -1 0
65.31300354 -2 0
66.2060012817 -1 0
66.9909973145 -2 0
67.7630004883 -3 0
68.4960021973 -4 0
69.2580032349 -4 -1
70.1159973145 -4 -2
70.8330001831 -4 -1
71.71900177 -4 0
72.327003479 -4 1
73.0260009766 -5 1
73.8399963379 -6 1
74.5049972534 -5 1
75.28099823 -4 1
76.0960006714 -3 1
76.9400024414 -2 1
77.6829986572 -3 1
78.5439987183 -2 1
79.4189987183 -1 1
80.1240005493 -1 2
80.7289962769 -1 1
81.5049972534 -1 2
82.2369995117 0 2
82.8700027466 -1 2
83.5640029907 0 2
84.3099975586 -1 2
85.0400009155 0 2
85.766998291 -1 2
86.6579971313 0 2
87.3519973755 0 1
88.1399993896 0 2
88.8239974976 -1 2
89.5130004883 -1 1
90.2210006714 -1 2
91.0530014038 -1 3
91.841003418 -1 2
92.7170028687 -1 1
93.5039978027 -1 0
94.1360015869 -1 1
94.7419967651 -1 0
95.5199966431 -2 0
96.283996582 -2 1
96.9240036011 -1 1
97.6470031738 -1 0
98.3560028076 -2 0
99.2429962158 -1 0
100.04699707 -2 0
100.786003113 -3 0
101.588996887 -2 0
102.401000977 -1 0
103.113998413 -2 0
103.897003174 -2 1
104.646003723 -1 1
105.336997986 -2 1
106.23500061 -1 1
107.027999878 -2 1
107.777999878 -1 1
108.597999573 -2 1
109.452003479 -1 1
110.197998047 -2 1
110.963996887 -1 1
111.711997986 -2 1
112.392997742 -1 1
113.17099762 -1 2
113.801002502 -1 1
114.685997009 -1 2
115.443000793 -1 1
116.084999084 0 1
116.941001892 -1 1
117.793998718 0 1
118.661003113 -1 1
119.31199646 0 1
119.981002808 -1 1
120.599998474 -2 1
121.374000549 -1 1
122.153999329 -2 1
122.808998108 -1 1
123.565002441 -2 1
124.175003052 -1 1
124.778999329 -2 1
125.603996277 -1 1
126.29599762 -1 2
127.11000061 -1 1
127.726997375 0 1
128.464996338 -1 1
129.106994629 0 1
129.962997437 -1 1
130.636001587 0 1
131.490005493 -1 1
132.227996826 0 1
133.085006714 -1 1
133.68699646 -1 2
134.535995483 -1 1
135.272994995 -1 2
136.143005371 -1 1
136.98500061 -1 2
137.68699646 -1 1
138.503005981 -2 1
139.121994019 -1 1
139.815002441 -2 1
140.591003418 -2 0
141.24899292 -2 1
142.085006714 -2 0
142.854003906 -2 1
143.649993896 -1 1
144.419006348 0 1
145.242996216 -1 1
145.970001221 -2 1
146.75100708 -1 1
147.442993164 -2 1
148.134994507 -1 1
148.891998291 -2 1
149.542999268 -1 1
150.167007446 0 1
150.929992676 -1 1
151.617996216 0 1
152.264007568 -1 1
152.957992554 0 1
153.695007324 -1 1
154.548995972 0 1
155.17300415 -1 1
155.910003662 0 1
156.64100647 -1 1
157.442993164 0 1
158.143997192 -1 1
158.871994019 -2 1
159.511993408 -1 1
160.259994507 -1 2
161.145996094 -1 1
161.917007446 -1 2
162.520004272 -1 1
163.386001587 -1 2
164.117004395 -1 1
164.899993896 -1 2
165.630004883 -1 1
166.423995972 -1 2
167.197998047 -1 1
168.042999268 -2 1
168.899993896 -2 0
169.57800293 -2 1
170.464996338 -2 0
171.322998047 -1 0
172.162994385 -2 0
172.845001221 -1 0
173.714996338 -2 0
174.531997681 -1 0
175.305999756 -2 0
176.128997803 -1 0
176.779998779 -2 0
177.458999634 -2 -1
178.207000732 -2 0
178.957992554 -2 -1
179.559997559 -2 0
180.442993164 -2 -1
181.315002441 -2 0
182.054992676 -3 0
182.781005859 -2 0
183.585006714 -3 0
184.210006714 -2 0
185.00100708 -1 0
185.763000488 -2 0
186.544998169 -1 0
187.389007568 -2 0
188.069000244 -1 0
188.820007324 -2 0
189.445007324 -1 0
190.332992554 -2 0
191.220001221 -1 0
191.824005127 -2 0
192.496002197 -1 0
193.313995361 -2 0
194.026992798 -2 1
194.880996704 -2 0
195.748001099 -2 1
196.37600708 -2 0
197.190002441 -2 1
198.033004761 -2 0
198.832992554 -2 1
199.488998413 -2 0
200.343994141 -2 1
201.054992676 -1 1
201.912994385 -2 1
202.652999878 -1 1
203.520004272 -2 1
204.406997681 -1 1
205.179000854 0 1
205.936004639 -1 1
206.660003662 0 1
207.324996948 -1 1
208.027999878 0 1
208.921005249 -1 1
209.725997925 0 1
210.593002319 -1 1
211.414993286 0 1
212.143997192 -1 1
212.985992432 0 1
213.800003052 -1 1
214.697006226 0 1
215.505996704 -1 1
216.32699585 -2 1
217.167007446 -1 1
217.779998779 -2 1
218.531997681 -1 1
219.376998901 -2 1
220.054992676 -1 1
220.714004517 -1 2
221.550994873 -1 1
222.333999634 -1 2
223.026000977 -1 1
223.848007202 -1 2
224.490997314 -1 1
225.253005981 -1 0
225.876998901 -1 1
226.744003296 -1 0
227.50100708 -1 1
228.108001709 -1 0
228.863006592 -1 1
229.669998169 -1 0
230.369995117 -1 1
231.154006958 0 1
232.027999878 -1 1
232.753997803 0 1
233.373001099 -1 1
234.222000122 0 1
235.048995972 -1 1
235.791000366 0 1
236.464004517 -1 1
237.190994263 0 1
237.832000732 -1 1
238.64100647 0 1
239.276992798 -1 1
240.11000061 -1 2
240.858001709 0 2
241.632995605 -1 2
242.432998657 0 2
243.195999146 -1 2
244.080001831 0 2
244.92300415 1 2
245.690002441 0 2
246.434997559 1 2
247.106002808 2 2
247.748001099 1 2
248.56199646 1 3
249.436004639 1 2
250.18800354 1 3
251.01600647 1 2
251.770004272 1 1
252.447006226 1 0
253.18800354 2 0
254.037002563 3 0
254.720001221 4 0
255.466003418 3 0
256.131011963 2 0
256.75201416 1 0
257.570007324 0 0
258.347991943 -1 0
259.210998535 -1 1
260.105010986 -1 2
260.765991211 -1 1
261.484008789 -1 2
262.246002197 -1 1
262.966003418 -1 2
263.579986572 -1 1
264.343994141 -1 0
265.071990967 -2 0
265.971984863 -2 1
266.634002686 -2 0
267.483001709 -1 0
268.089996338 -2 0
268.811004639 -1 0
269.515991211 -2 0
270.20098877 -1 0
270.816986084 -2 0
271.595001221 -1 0
272.466003418 -2 0
273.128997803 -1 0
273.856994629 -2 0
274.600006104 -1 0
275.29800415 -2 0
276.049987793 -2 -1
276.658996582 -1 -1
277.395996094 -2 -1
278.157012939 -1 -1
278.852996826 -2 -1
279.489990234 -1 -1
280.135009766 -2 -1
280.99798584 -1 -1
281.772003174 0 -1
282.447998047 1 -1
283.170013428 0 -1
283.851013184 1 -1
284.591003418 0 -1
285.24899292 0 0
285.915985107 -1 0
286.539001465 -2 0
287.300994873 -2 -1
287.915008545 -1 -1
288.544006348 0 -1
289.188995361 1 -1
290.058990479 1 0
290.914001465 0 0
291.799987793 0 1
292.683013916 0 0
293.37399292 -1 0
294.032012939 -2 0
294.875 -2 -1
295.485992432 -1 -1
296.088012695 0 -1
296.720001221 1 -1
297.579986572 1 0
298.316986084 1 1
299.141998291 1 0
299.82800293 2 0
300.725006104 1 0
301.368988037 2 0
301.970001221 2 1
302.835998535 2 0
303.730010986 2 1
304.506988525 2 0
305.274993896 3 0
306.07800293 3 1
306.812011719 3 0
307.432006836 3 -1
308.080993652 3 -2
308.957000732 3 -3
309.723999023 3 -4
310.414001465 4 -4
311.282989502 3 -4
312.037994385 2 -4
312.773986816 1 -4
313.45098877 0 -4
314.29901123 -1 -4
314.941986084 0 -4
315.735992432 0 -5
316.540008545 0 -4
317.244995117 0 -3
318.065002441 0 -4
318.714996338 0 -3
319.467987061 0 -2
320.270996094 0 -1
321.023010254 1 -1
321.635009766 1 0
322.479003906 2 0
323.303985596 2 -1
324.180999756 2 0
324.787994385 3 0
325.643005371 2 0
326.263000488 3 0
326.947998047 2 0
327.667999268 2 1
328.562988281 2 0
329.385986328 2 1
330.132995605 1 1
330.776000977 2 1
331.611999512 1 1
332.325012207 0 1
333.04598999 -1 1
333.845001221 -1 0
334.510986328 -2 0
335.187011719 -1 0
335.947998047 -2 0
336.795013428 -1 0
337.398986816 -2 0
338.196014404 -1 0
338.903991699 -2 0
339.514007568 -1 0
340.257995605 -2 0
340.911987305 -1 0
341.601989746 -2 0
342.395996094 -1 0
343.255004883 -2 0
343.878997803 -1 0
344.683990479 -1 1
345.319000244 -1 0
346.162994385 -1 1
346.777008057 -1 0
347.432006836 -1 1
348.290008545 -1 2
348.944000244 -1 1
349.825012207 -1 2
350.45300293 -1 1
351.061004639 -2 1
351.765014648 -1 1
352.468994141 -2 1
353.257995605 -1 1
354.148986816 0 1
354.861999512 -1 1
355.519012451 0 1
356.343994141 -1 1
357.096984863 0 1
357.993011475 -1 1
358.848999023 0 1
359.579986572 -1 1
360.399993896 0 1
361.253997803 -1 1
362.102996826 0 1
362.787994385 -1 1
363.518005371 0 1
364.151000977 -1 1
364.800994873 0 1
365.463012695 -1 1
366.071990967 0 1
366.687011719 -1 1
367.450012207 0 1
368.196014404 -1 1
368.851989746 -2 1
369.657012939 -1 1
370.312988281 -1 2
370.933990479 0 2
371.605010986 1 2
372.455993652 1 1
373.194000244 0 1
374.04598999 -1 1
374.885986328 -1 2
375.647003174 -1 1
376.359985352 -1 2
377.227996826 -1 1
377.864013672 -1 0
378.743988037 -1 1
379.631988525 -1 0
380.320007324 -1 1
381.180999756 -1 0
382.022003174 -2 0
382.898986816 -1 0
383.653991699 -2 0
384.368011475 -1 0
385.156005859 -2 0
385.992004395 -1 0
386.872009277 -2 0
387.653991699 -1 0
388.457000732 -1 1
389.121002197 -1 0
389.977996826 -1 1
390.674987793 -1 0
391.569000244 -1 1
392.179992676 -1 0
392.927001953 -1 1
393.690002441 -1 0
394.302001953 -1 1
394.967010498 -2 1
395.815002441 -1 1
396.514007568 0 1
397.195007324 -1 1
397.993988037 0 1
398.833007812 -1 1
399.661987305 0 1
400.445007324 -1 1
401.25 0 1
401.985992432 -1 1
402.611999512 0 1
403.32800293 -1 1
404.119995117 0 1
404.910003662 -1 1
405.710998535 0 1
406.506988525 -1 1
407.186004639 0 1
407.976013184 -1 1
408.79901123 0 1
409.506011963 -1 1
410.375 -1 2
411.167999268 0 2
411.959014893 1 2
412.678009033 0 2
413.559997559 1 2
414.278015137 0 2
415.015991211 1 2
415.710998535 1 3
416.503997803 1 2
417.153991699 1 1
417.79699707 1 2
418.609008789 1 1
419.332000732 2 1
420.119995117 1 1
420.726989746 1 0
421.490997314 1 1
422.322998047 1 0
422.988006592 2 0
423.618011475 1 0
424.425994873 2 0
425.102996826 1 0
425.897003174 2 0
426.640991211 1 0
427.359008789 2 0
428.069000244 1 0
428.960998535 2 0
429.733001709 2 -1
430.401000977 2 0
431.035003662 2 -1
431.643005371 2 0
432.535003662 2 -1
433.191009521 2 0
433.959991455 2 -1
434.697998047 2 0
435.333007812 2 -1
436.111999512 3 -1
436.742004395 2 -1
437.522003174 3 -1
438.191986084 2 -1
438.946990967 1 -1
439.62600708 2 -1
440.321990967 1 -1
441.019012451 0 -1
441.859008789 0 0
442.535003662 1 0
443.302001953 0 0
444.018005371 1 0
444.753997803 0 0
445.49899292 1 0
446.350006104 0 0
447.069000244 1 0
447.709014893 2 0
448.544006348 1 0
449.441009521 2 0
450.062988281 1 0
450.819000244 2 0
451.506988525 2 -1
452.299987793 2 0
453.152008057 2 -1
453.790985107 2 0
454.473999023 2 -1
455.20098877 2 0
455.803985596 2 -1
456.588989258 2 0
457.381988525 2 -1
458.204986572 2 0
458.963989258 2 -1
459.859008789 2 0
460.533996582 3 0
461.149993896 2 0
461.894989014 3 0
462.528991699 2 0
463.29699707 3 0
464.12600708 2 0
464.960998535 1 0
465.567993164 1 1
466.37701416 2 1
467.220001221 1 1
467.95300293 1 2
468.800994873 1 1
469.540985107 1 2
470.322998047 1 1
470.984008789 1 2
471.845001221 1 1
472.572998047 0 1
473.312011719 -1 1
473.95098877 -1 2
474.74798584 0 2
475.541992188 0 1
476.420013428 -1 1
477.144012451 -2 1
477.839996338 -1 1
478.57699585 0 1
479.283996582 -1 1
480.019012451 0 1
480.915985107 -1 1
481.539001465 0 1
482.152008057 -1 1
483.028991699 0 1
483.67199707 -1 1
484.476989746 0 1
485.229003906 -1 1
485.989990234 0 1
486.666992188 -1 1
487.317993164 0 1
487.996002197 -1 1
488.834014893 0 1
489.513000488 -1 1
490.29699707 -2 1
490.945007324 -1 1
491.592987061 -1 0
492.25 -1 1
492.895996094 -1 0
493.707000732 -1 1
494.545013428 -1 0
495.165985107 -1 1
496.033996582 -1 0
496.640014648 -1 1
497.528991699 -1 0
498.32901001 -1 1
498.95401001 0 1
499.584991455 -1 1
500.261993408 0 1
501.105987549 -1 1
501.971984863 0 1
502.802001953 -1 1
503.610992432 0 1
504.273010254 -1 1
505.106994629 0 1
505.769989014 -1 1
506.613006592 -2 1
507.303009033 -1 1
508.079986572 -1 2
508.850006104 0 2
509.720001221 1 2
510.472991943 1 1
511.121002197 0 1
511.929992676 -1 1
512.731018066 0 1
513.450012207 -1 1
514.21697998 0 1
515.018981934 -1 1
515.830993652 0 1
516.603027344 -1 1
517.422973633 0 1
518.24798584 -1 1
518.909973145 -1 2
519.517028809 0 2
520.331970215 0 1
521.04498291 -1 1
521.87097168 -1 2
522.565979004 -1 1
523.241027832 0 1
524.072021484 -1 1
524.961975098 0 1
525.74798584 -1 1
526.403991699 0 1
527.25402832 -1 1
527.947998047 0 1
528.763000488 -1 1
529.598022461 0 1
530.429992676 -1 1
531.127990723 -1 0
531.82800293 -1 1
532.572021484 -1 0
533.340026855 -1 1
533.994995117 -1 0
534.859985352 -1 1
535.676025391 -1 0
536.427978516 -1 1
537.176025391 -1 0
537.888977051 -1 1
538.708984375 -2 1
539.507019043 -1 1
540.392028809 0 1
541.184997559 -1 1
541.914001465 0 1
542.612976074 -1 1
543.372009277 0 1
544.051025391 -1 1
544.893981934 0 1
545.50201416 -1 1
546.281982422 0 1
547.013977051 -1 1
547.802001953 0 1
548.515014648 -1 1
549.296020508 -2 1
550.181030273 -1 1
550.91998291 0 1
551.536987305 -1 1
552.333007812 0 1
553.151977539 -1 1
553.942993164 -1 2
554.708007812 0 2
555.5 0 1
556.109008789 -1 1
556.971984863 -1 2
557.784973145 -1 1
558.478027344 0 1
559.119018555 -1 1
559.757019043 0 1
560.466003418 -1 1
561.088989258 0 1
561.846984863 -1 1
562.520996094 0 1
563.392028809 -1 1
564.054992676 0 1
564.664978027 -1 1
565.270996094 0 1
566.086975098 -1 1
566.815002441 -1 0
567.702026367 -1 1
568.382995605 -1 0
569.138000488 -1 1
569.992004395 -1 0
570.695983887 -1 1
571.473022461 -1 0
572.088989258 -1 1
572.926025391 -1 0
573.723022461 -1 1
574.528015137 -1 0
575.309020996 -1 1
576.135009766 -2 1
576.947998047 -1 1
577.557006836 0 1
578.312988281 -1 1
579.094970703 0 1
579.87298584 -1 1
580.536987305 0 1
581.29498291 -1 1
582.177001953 0 1
582.866027832 -1 1
583.75 0 1
584.382995605 -1 1
585.041015625 0 1
585.684997559 -1 1
586.458007812 0 1
587.086975098 -1 1
587.763977051 0 1
588.653015137 -1 1
589.429016113 0 1
590.291015625 -1 1
591.166015625 -1 2
591.926025391 0 2
592.651000977 0 1
593.544006348 -1 1
594.338012695 -1 2
595.085021973 0 2
595.911010742 0 1
596.703979492 -1 1
597.320983887 -1 2
598.197998047 0 2
598.880004883 0 1
599.747009277 1 1
600.478027344 2 1
601.104980469 1 1
601.914978027 2 1
602.796020508 1 1
603.598022461 1 0
604.318969727 1 1
604.922973633 1 0
605.658996582 1 1
606.307006836 1 0
607.04699707 1 1
607.793029785 1 0
608.67199707 1 1
609.281005859 1 2
609.971984863 1 1
610.666992188 1 2
611.442993164 1 1
612.211975098 0 1
612.835021973 -1 1
613.601989746 0 1
614.408996582 -1 1
615.133972168 0 1
615.906005859 -1 1
616.533996582 0 1
617.400024414 -1 1
618.228027344 0 1
618.942016602 -1 1
619.705993652 0 1
620.315979004 -1 1
621.04699707 0 1
621.715026855 -1 1
622.611999512 0 1
623.338012695 -1 1
624.146972656 -2 1
624.823974609 -1 1
625.596984863 -2 1
626.40802002 -1 1
627.021972656 0 1
627.630004883 -1 1
628.328979492 0 1
629.15802002 -1 1
629.885986328 0 1
630.744995117 -1 1
631.49597168 0 1
632.331970215 -1 1
633.208984375 0 1
634.085998535 -1 1
634.734008789 0 1
635.424987793 -1 1
636.268005371 0 1
637.034973145 -1 1
637.91998291 0 1
638.664978027 -1 1
639.270996094 0 1
640.153991699 -1 1
640.818969727 -1 0
641.45098877 -2 0
642.241027832 -1 0
643.067016602 -2 0
643.679016113 -1 0
644.484008789 -2 0
645.177978516 -1 0
645.934020996 -2 0
646.539978027 -1 0
647.400024414 -2 0
648.101013184 -1 0
648.934997559 -2 0
649.58001709 -1 0
650.476989746 -2 0
651.101989746 -1 0
651.843017578 0 0
652.562011719 -1 0
653.377990723 0 0
654.20501709 -1 0
654.833984375 0 0
655.478027344 -1 0
656.109008789 0 0
656.804992676 -1 0
657.434997559 -1 1
658.073974609 -1 0
658.973022461 -1 1
659.760986328 -1 0
660.50402832 -1 1
661.374023438 -1 0
662.195983887 -1 1
662.802978516 -1 0
663.45501709 -1 1
664.226989746 -1 0
664.87298584 -1 1
665.684997559 -1 0
666.580993652 -1 1
667.187011719 -1 0
667.92401123 -1 1
668.674987793 -1 0
669.479980469 -1 1
670.184997559 -1 0
670.908996582 -1 1
671.755004883 -1 0
672.617980957 -1 1
673.258972168 -1 0
673.885986328 -1 1
674.776977539 -1 0
675.585998535 -1 1
676.353027344 -1 2
677.242980957 -1 1
677.890014648 -1 2
678.705993652 -1 1
679.359985352 -1 2
680.166015625 -1 1
680.768005371 -2 1
681.570983887 -1 1
682.193969727 -2 1
683.000976562 -1 1
683.781982422 -2 1
684.499023438 -1 1
685.228027344 -2 1
685.857971191 -1 1
686.672973633 0 1
687.302001953 1 1
688.161010742 2 1
688.973999023 1 1
689.867980957 2 1
690.695007324 1 1
691.395019531 1 0
692.192016602 1 1
692.976013184 1 0
693.643981934 1 1
694.354980469 1 0
695.057983398 1 1
695.783996582 1 0
696.431030273 1 1
697.142028809 0 1
697.908996582 -1 1
698.690002441 0 1
699.403991699 1 1
700.138000488 2 1
700.791992188 1 1
701.486999512 0 1
702.09197998 1 1
702.818969727 0 1
703.692993164 1 1
704.460998535 0 1
705.07800293 1 1
705.79699707 0 1
706.510986328 1 1
707.271972656 2 1
707.931030273 1 1
708.666992188 1 2
709.450012207 1 1
710.171020508 1 2
710.989990234 1 1
711.59197998 2 1
712.317993164 1 1
713.164001465 2 1
714.052978516 1 1
714.786010742 0 1
715.487976074 1 1
716.280029297 1 0
716.945983887 0 0
717.767028809 -1 0
718.62902832 -1 1
719.403015137 0 1
720.179992676 1 1
721.054992676 1 0
721.820983887 0 0
722.651977539 -1 0
723.526000977 -1 1
724.24798584 0 1
725.140991211 1 1
725.906005859 1 0
726.518005371 0 0
727.252990723 -1 0
727.903015137 -1 1
728.530029297 0 1
729.216003418 1 1
729.82598877 1 0
730.432983398 0 0
731.312011719 -1 0
731.986022949 -1 1
732.601989746 0 1
733.267028809 1 1
734.077026367 1 0
734.79901123 1 1
735.604980469 1 0
736.476013184 1 1
737.085021973 1 0
737.952026367 1 1
738.638977051 1 0
739.502990723 1 1
740.340026855 2 1
741.090026855 2 0
741.835998535 2 1
742.508972168 2 0
743.275024414 2 1
744.094970703 2 0
744.844970703 2 1
745.593017578 2 0
746.356018066 1 0
747.15802002 2 0
747.806030273 2 -1
748.418029785 1 -1
749.310974121 2 -1
750.182983398 1 -1
750.95300293 2 -1
751.703979492 1 -1
752.361999512 0 -1
753.070007324 1 -1
753.882019043 0 -1
754.700012207 1 -1
755.523010254 0 -1
756.32598877 1 -1
757.224975586 0 -1
757.974975586 1 -1
758.591003418 1 -2
759.242004395 0 -2
759.883972168 1 -2
760.489990234 0 -2
761.140014648 1 -2
761.92401123 1 -3
762.62298584 0 -3
763.448974609 0 -2
764.229003906 1 -2
764.867004395 0 -2
765.585021973 1 -2
766.198974609 0 -2
766.877990723 -1 -2
767.541992188 0 -2
768.179016113 -1 -2
769.041992188 0 -2
769.924987793 0 -3
770.681030273 0 -2
771.5 1 -2
772.263977051 0 -2
773.156005859 0 -1
773.854980469 -1 -1
774.750976562 0 -1
775.528015137 1 -1
776.182006836 1 -2
777.025024414 0 -2
777.742004395 0 -1
778.40802002 1 -1
779.12902832 1 -2
779.736999512 0 -2
780.486022949 0 -1
781.289978027 1 -1
782.047973633 1 -2
782.765014648 0 -2
783.432983398 1 -2
784.15802002 0 -2
784.783996582 1 -2
785.588012695 0 -2
786.460021973 1 -2
787.244995117 0 -2
787.927978516 0 -1
788.546020508 1 -1
789.317016602 0 -1
790.163024902 1 -1
790.895996094 0 -1
791.62902832 1 -1
792.517028809 1 -2
793.25 0 -2
794.103027344 0 -1
794.869995117 1 -1
795.656005859 2 -1
796.49597168 1 -1
797.349975586 2 -1
798.073974609 1 -1
798.765014648 2 -1
799.632995605 1 -1
800.393981934 1 0
801.148986816 2 0
801.767028809 2 -1
802.534973145 1 -1
803.145996094 0 -1
803.773986816 -1 -1
804.442993164 0 -1
805.29699707 -1 -1
806.150024414 0 -1
806.947998047 -1 -1
807.757995605 0 -1
808.442016602 -1 -1
809.276000977 0 -1
809.882019043 -1 -1
810.719970703 0 -1
811.499023438 -1 -1
812.181030273 0 -1
812.815002441 -1 -1
813.518005371 -1 -2
814.383972168 -1 -1
815.28302002 -1 -2
816.070007324 -1 -1
816.823974609 -1 -2
817.578979492 -1 -1
818.215026855 -1 -2
818.859985352 -1 -1
819.530029297 -1 0
820.16998291 -2 0
821.00402832 -2 -1
821.812011719 -1 -1
822.471008301 -1 0
823.098999023 -2 0
823.895996094 -1 0
824.731018066 -2 0
825.53302002 -1 0
826.163024902 -2 0
827.060974121 -1 0
827.666015625 -2 0
828.448974609 -1 0
829.187988281 -2 0
829.981994629 -1 0
830.861022949 -2 0
831.692993164 -1 0
832.406005859 -2 0
833.135009766 -1 0
833.763000488 -1 1
834.377990723 0 1
835.234985352 1 1
835.882995605 2 1
836.528991699 2 0
837.237976074 1 0
837.969970703 1 1
838.765014648 2 1
839.646972656 2 0
840.541992188 1 0
841.330993652 1 1
841.953979492 2 1
842.606994629 1 1
843.369018555 1 2
843.986999512 1 1
844.593017578 1 2
845.320007324 1 1
846.030029297 1 0
846.864990234 1 1
847.705993652 1 0
848.500976562 1 1
849.221984863 1 0
850.033996582 1 1
850.807006836 1 0
851.604980469 1 1
852.294006348 1 0
852.92401123 1 1
853.539978027 1 0
854.405029297 1 1
855.278015137 1 0
855.973022461 0 0
856.784973145 -1 0
857.484985352 -1 1
858.109985352 0 1
858.827026367 1 1
859.635986328 0 1
860.400024414 1 1
861.283996582 0 1
862.145996094 1 1
862.984008789 0 1
863.601989746 1 1
864.479980469 0 1
865.198974609 1 1
865.823974609 2 1
866.585998535 1 1
867.189025879 2 1
867.989990234 1 1
868.685974121 2 1
869.322998047 1 1
870.151000977 0 1
870.864013672 1 1
871.564025879 0 1
872.307006836 1 1
872.945007324 0 1
873.606994629 1 1
874.226013184 0 1
874.880004883 1 1
875.768005371 0 1
876.5 1 1
877.226989746 0 1
877.999023438 1 1
878.864013672 1 2
879.489013672 1 1
880.197021484 1 2
881.033996582 1 1
881.929016113 1 0
882.554992676 0 0
883.213989258 0 1
884.070007324 1 1
884.883972168 1 0
885.596984863 1 1
886.388977051 1 0
887.24597168 1 1
887.888000488 1 0
888.674987793 1 1
889.426025391 1 0
890.302001953 1 1
891.137023926 1 0
891.822021484 1 1
892.609008789 1 0
893.315979004 1 1
893.91998291 1 0
894.614990234 1 1
895.260986328 2 1
896.088989258 1 1
896.734985352 2 1
897.366027832 1 1
898.24597168 2 1
899.117980957 1 1
899.810974121 0 1
900.564025879 1 1
901.283996582 0 1
901.979003906 1 1
902.593994141 0 1
903.437011719 1 1
904.041015625 0 1
904.656982422 1 1
905.291015625 0 1
905.903015137 1 1
906.533996582 0 1
907.364990234 1 1
908.090026855 0 1
908.919006348 1 1
909.690979004 0 1
910.406982422 1 1
911.24798584 0 1
912.052001953 1 1
912.900024414 0 1
913.736999512 1 1
914.361999512 0 1
915.065979004 1 1
915.965026855 0 1
916.799987793 1 1
917.447021484 0 1
918.190979004 1 1
918.929016113 0 1
919.588989258 1 1
920.255004883 1 2
921.018981934 1 1
921.736022949 1 2
922.463989258 1 1
923.168029785 1 0
923.822021484 1 1
924.476989746 1 0
925.320007324 1 1
926.197021484 1 0
927.034973145 1 1
927.703979492 1 0
928.431030273 1 1
929.304016113 1 0
929.929992676 1 1
930.786010742 1 0
931.484985352 2 0
932.109008789 1 0
932.880004883 2 0
933.719970703 1 0
934.354003906 2 0
935.21697998 1 0
935.853027344 2 0
936.482971191 1 0
937.283996582 2 0
938.156005859 1 0
938.932006836 2 0
939.781982422 1 0
940.513977051 2 0
941.284973145 1 0
942.146972656 2 0
942.95501709 1 0
943.564025879 2 0
944.382019043 1 0
945.143981934 1 1
945.775024414 1 0
946.659973145 1 1
947.526977539 1 0
948.398010254 1 1
949.018005371 1 0
949.776000977 1 1
950.663024902 1 0
951.49798584 1 1
952.348999023 1 0
953.041992188 1 1
953.940979004 1 0
954.731994629 1 1
955.617980957 1 0
956.323974609 1 1
957.028015137 2 1
957.742980957 1 1
958.403015137 2 1
959.119018555 1 1
959.937011719 0 1
960.70300293 1 1
961.471008301 0 1
962.265014648 1 1
963.143005371 0 1
963.864013672 1 1
964.54699707 0 1
965.231994629 1 1
965.890014648 0 1
966.65802002 1 1
967.489013672 0 1
968.260986328 1 1
968.922973633 0 1
969.643981934 1 1
970.306030273 0 1
971.177978516 1 1
971.880981445 0 1
972.695007324 1 1
973.361999512 0 1
974.065002441 1 1
974.843017578 0 1
975.593017578 1 1
976.333984375 0 1
977.210021973 1 1
977.956970215 1 2
978.767028809 1 1
979.46697998 1 2
980.106994629 1 1
980.732971191 1 2
981.461975098 1 1
982.20501709 0 1
982.857971191 1 1
983.471008301 1 0
984.29498291 0 0
985.065979004 1 0
985.700012207 0 0
986.505981445 1 0
987.262023926 0 0
988.138000488 1 0
989.03302002 0 0
989.922973633 1 0
990.775024414 2 0
991.536987305 1 0
992.161010742 2 0
992.786010742 2 -1
993.530029297 1 -1
994.29699707 1 -2
995.133972168 1 -1
995.945007324 1 -2
996.684997559 1 -1
997.505004883 1 -2
998.234985352 1 -1
999.007019043 1 0
999.726989746 2 0
1000.44897461 2 -1
1001.09197998 2 -2
1001.86602783 1 -2
1002.53399658 1 -1
1003.41900635 1 0
1004.13800049 2 0
1004.815979 2 -1
1005.54101562 1 -1
1006.29602051 2 -1
1006.90802002 1 -1
1007.79302979 1 0
1008.39697266 2 0
1009.22198486 1 0
1010.05999756 2 0
1010.96002197 1 0
1011.82897949 2 0
1012.64898682 1 0
1013.5380249 2 0
1014.30102539 1 0
1015.10601807 2 0
1015.86102295 1 0
1016.70001221 2 0
1017.49102783 1 0
1018.12298584 1 1
1018.79101562 1 0
1019.47497559 1 1
1020.32397461 1 0
1021.02398682 1 1
1021.88500977 1 0
1022.60101318 1 1
1023.34002686 1 0
1024.15405273 1 1
1024.93994141 1 0
1025.76501465 1 1
1026.47802734 1 0
1027.26501465 1 1
1028.04797363 1 0
1028.79199219 1 1
1029.40100098 1 0
1030.18200684 1 1
1030.78601074 1 0
1031.49194336 1 1
1032.2199707 1 0
1033.06396484 1 1
1033.78503418 1 0
1034.68395996 1 1
1035.47802734 1 0
1036.33300781 2 0
1037.01293945 1 0
1037.81799316 2 0
1038.49194336 1 0
1039.2130127 2 0
1040.06298828 1 0
1040.74597168 0 0
1041.42004395 1 0
1042.26403809 0 0
1042.94104004 1 0
1043.71398926 0 0
1044.60595703 1 0
1045.36694336 0 0
1046.1529541 1 0
1046.93395996 0 0
1047.67700195 1 0
1048.49194336 1 1
1049.11804199 1 0
1049.95202637 1 1
1050.84204102 1 0
1051.61999512 1 1
1052.24694824 1 0
1053.08605957 1 1
1053.7220459 2 1
1054.37304688 1 1
1055.08203125 2 1
1055.92004395 2 0
1056.79797363 1 0
1057.58996582 1 1
1058.23803711 2 1
1058.87597656 2 0
1059.55895996 1 0
1060.30603027 1 1
1060.92797852 1 0
1061.58203125 1 1
1062.26196289 1 0
1063.04199219 1 1
1063.78601074 1 0
1064.6739502 1 1
1065.54003906 1 0
1066.38195801 1 1
1067.1829834 1 0
1067.78601074 1 1
1068.54199219 1 0
1069.24804688 1 1
1069.99401855 1 0
1070.87194824 1 1
1071.62304688 1 0
1072.29699707 1 1
1073.00500488 1 0
1073.67199707 1 1
1074.49902344 1 0
1075.15197754 1 1
1075.88903809 1 2
1076.64599609 1 1
1077.37402344 1 2
1078.20202637 1 1
1079.03198242 1 0
1079.65100098 1 1
1080.33605957 1 0
1080.9720459 1 1
1081.83898926 1 0
1082.56896973 2 0
1083.3470459 1 0
1084.04699707 2 0
1084.77001953 1 0
1085.63195801 2 0
1086.26904297 1 0
1086.96594238 2 0
1087.79504395 1 0
1088.69299316 2 0
1089.54504395 1 0
1090.34094238 1 -1
1091.15197754 0 -1
1092.02099609 -1 -1
1092.63000488 -1 0
1093.3380127 -1 1
1094.0880127 0 1
1094.8449707 1 1
1095.56896973 1 0
1096.31604004 1 -1
1097.03198242 0 -1
1097.91003418 -1 -1
1098.52404785 -1 0
1099.13903809 -1 1
1099.94299316 0 1
1100.70495605 1 1
1101.56799316 1 0
1102.2779541 1 -1
1103.06494141 0 -1
1103.9239502 -1 -1
1104.77697754 0 -1
1105.49304199 -1 -1
1106.35205078 0 -1
1106.9630127 -1 -1
1107.79602051 0 -1
1108.46594238 -1 -1
1109.11694336 0 -1
1109.89001465 -1 -1
1110.5970459 0 -1
1111.35400391 -1 -1
1111.96203613 0 -1
1112.65197754 -1 -1
1113.4630127 0 -1
1114.14196777 -1 -1
1114.83605957 0 -1
1115.62597656 -1 -1
1116.37304688 0 -1
1117.24694824 -1 -1
1118.00195312 0 -1
1118.60803223 -1 -1
1119.39001465 0 -1
1120.28894043 -1 -1
1121.05395508 -1 -2
1121.88195801 -1 -1
1122.74194336 -1 -2
1123.36999512 -1 -1
1124.11206055 -1 -2
1124.9050293 -1 -1
1125.66699219 -1 0
1126.38000488 -1 1
1127.02404785 0 1
1127.66296387 1 1
1128.52197266 1 0
1129.33496094 1 -1
1129.97998047 0 -1
1130.62902832 -1 -1
1131.27404785 -1 0
1132.02600098 -1 1
1132.64697266 0 1
1133.49499512 1 1
1134.24304199 1 0
1135.05700684 1 -1
1135.84399414 0 -1
1136.7130127 -1 -1
1137.49694824 -1 0
1138.12805176 -1 1
1139.01098633 0 1
1139.62902832 1 1
1140.47998047 1 0
1141.34997559 1 -1
1142.17297363 0 -1
1143.04003906 -1 -1
1143.88500977 -1 0
1144.77001953 -1 1
1145.37402344 0 1
1145.98498535 1 1
1146.59802246 1 0
1147.25695801 1 -1
1147.9720459 0 -1
1148.86499023 -1 -1
1149.76098633 -1 0
1150.64001465 -1 1
1151.31396484 0 1
1152.06396484 1 1
1152.70898438 1 0
1153.41394043 1 -1
1154.09997559 1 -2
1154.9050293 0 -2
1155.5369873 0 -1
1156.2409668 -1 -1
1156.86804199 -1 0
1157.58105469 -2 0
1158.25598145 -1 0
1159.13000488 -2 0
1159.76794434 -1 0
1160.51196289 -2 0
1161.33105469 -1 0
1162.12194824 -2 0
1162.87194824 -1 0
1163.48706055 -2 0
1164.30297852 -1 0
1165.12304688 -2 0
1165.87805176 -1 0
1166.50097656 -2 0
1167.14294434 -1 0
1167.95605469 -2 0
1168.63098145 -1 0
1169.28295898 0 0
1170.04394531 -1 0
1170.73596191 0 0
1171.37597656 -1 0
1172.19604492 0 0
1173.06896973 -1 0
1173.81994629 0 0
1174.61499023 -1 0
1175.23095703 -2 0
1176.11694336 -1 0
1176.92102051 -2 0
1177.57397461 -1 0
1178.42700195 -2 0
1179.11096191 -1 0
1179.84997559 -1 -1
1180.50097656 -1 -2
1181.10998535 -1 -1
1182.00500488 -1 -2
1182.85302734 -1 -1
1183.69702148 -1 -2
1184.36694336 -1 -1
1185.26000977 -1 -2
1185.87597656 -1 -1
1186.66394043 -1 0
1187.37695312 -2 0
1188.13195801 -1 0
1188.91003418 -1 1
1189.61303711 0 1
1190.47900391 1 1
1191.18505859 1 0
1191.95703125 1 -1
1192.82397461 1 -2
1193.60498047 0 -2
1194.21203613 0 -1
1195.03100586 1 -1
1195.69897461 1 0
1196.32897949 1 -1
1197.21704102 1 0
1198.04199219 1 -1
1198.72595215 1 0
1199.40795898 1 -1
