0.500999987125 -1 -1
1.1740000248 -1 -1
1.86500000954 -1 -1
2.66700005531 0 -1
3.51600003242 1 -1
4.24700021744 0 -1
5.11600017548 -1 -1
5.94000005722 -1 -1
6.72900009155 -1 -1
7.52500009537 -1 -1
8.32199954987 0 -1
9.19999980927 -1 -1
9.89799976349 0 -1
10.7399997711 -1 -1
11.4379997253 -1 -1
12.1339998245 -1 -1
12.7840003967 -1 -1
13.4359998703 -1 -1
14.279999733 -1 -1
15.029999733 -1 0
15.6949996948 -1 1
16.3250007629 -1 1
17.0219993591 -1 1
17.8320007324 -1 1
18.4759998322 -1 1
19.1539993286 -1 1
19.9930000305 -1 1
20.5979995728 -1 1
21.2089996338 -1 1
22.0820007324 -1 1
22.8020000458 -1 1
23.6480007172 -1 1
24.3619995117 -1 1
25.1849994659 -1 1
25.9969997406 0 1
26.7059993744 1 1
27.4179992676 1 1
28.2089996338 1 1
28.9239997864 0 1
29.5690002441 1 1
30.3449993134 0 1
31.0699996948 1 1
31.7220001221 0 1
32.3370018005 1 1
33.2369995117 0 1
34.0900001526 1 1
34.7599983215 0 1
35.4410018921 1 1
36.1759986877 1 1
36.9350013733 1 1
37.7760009766 1 1
38.4459991455 1 1
39.2249984741 1 1
39.8800010681 1 1
40.6790008545 1 1
41.3160018921 1 1
42.0709991455 1 1
42.8199996948 1 1
43.6360015869 1 1
44.3650016785 1 1
45.0190010071 1 1
45.7290000916 0 1
46.5279998779 -1 1
47.4210014343 0 1
48.0890007019 1 1
48.8650016785 0 1
49.6129989624 1 1
50.2480010986 0 1
51.0190010071 1 1
51.6259994507 0 1
52.3699989319 1 1
53.1259994507 0 1
53.8870010376 1 1
54.6189994812 1 1
55.2270011902 1 1
56.03099823 1 1
56.8129997253 1 1
57.5390014648 1 1
58.3269996643 1 0
59.111000061 1 -1
59.9770011902 0 -1
60.7569999695 -1 -1
61.4259986877 -1 0
62.1640014648 -1 1
63.0369987488 0 1
63.7529983521 1 1
64.6460037231 1 0
65.4309997559 1 1
66.2030029297 1 0
66.9359970093 1 1
67.6979980469 1 1
68.5559997559 1 1
69.2730026245 1 1
70.158996582 1 1
70.766998291 1 1
71.466003418 1 1
72.2799987793 1 1
72.9449996948 1 1
73.7210006714 1 1
74.5360031128 1 1
75.3799972534 1 1
76.1230010986 1 1
76.9840011597 0 1
77.8590011597 -1 1
78.5640029907 0 1
79.1689987183 -1 1
79.9449996948 -1 1
80.6770019531 -1 1
81.3099975586 -1 1
82.0039978027 -1 1
82.75 -1 1
83.4800033569 -1 1
84.2070007324 -1 1
85.0979995728 -1 1
85.7919998169 -1 1
86.5800018311 -1 1
87.263999939 -1 1
87.9530029297 -1 1
88.6610031128 -1 1
89.4929962158 -1 1
90.28099823 -1 1
91.1569976807 -1 1
91.9440002441 -1 0
92.5759963989 -1 1
93.1819992065 -1 0
93.9599990845 -1 1
94.7239990234 0 1
95.3639984131 -1 1
96.0869979858 0 1
96.7959976196 -1 1
97.6829986572 0 1
98.4869995117 -1 1
99.2259979248 -1 1
100.028999329 -1 1
100.841003418 -1 1
101.554000854 -1 1
102.336997986 -1 1
103.085998535 -1 1
103.777000427 -1 1
104.675003052 -1 1
105.468002319 -1 1
106.218002319 -1 1
107.038002014 -1 0
107.891998291 -1 1
108.638000488 -1 0
109.403999329 -1 1
110.152000427 -1 0
110.833000183 -1 1
111.611000061 -1 1
112.240997314 -1 1
113.125999451 -1 1
113.883003235 0 1
114.525001526 -1 1
115.380996704 0 1
116.23400116 -1 1
117.100997925 -1 1
117.751998901 -1 1
118.42099762 -1 1
119.040000916 -1 1
119.814002991 -1 1
120.59400177 -1 1
121.249000549 -1 1
122.004997253 -1 1
122.614997864 -1 1
123.21900177 -1 1
124.043998718 -1 1
124.736000061 -1 1
125.550003052 0 1
126.166999817 -1 1
126.904998779 0 1
127.54699707 -1 1
128.402999878 0 1
129.076004028 -1 1
129.929992676 -1 1
130.667999268 -1 1
131.524993896 -1 1
132.126998901 -1 1
132.975997925 -1 1
133.712997437 -1 0
134.582992554 -1 1
135.425003052 -1 0
136.126998901 -1 1
136.942993164 -1 0
137.56199646 -1 1
138.255004883 -1 1
139.031005859 -1 1
139.688995361 -1 1
140.524993896 -1 1
141.294006348 -1 1
142.089996338 -1 1
142.85899353 -1 1
143.682998657 -1 1
144.410003662 -1 1
145.190994263 0 1
145.882995605 -1 1
146.574996948 0 1
147.332000732 -1 1
147.983001709 0 1
148.606994629 -1 1
149.369995117 -1 1
150.057998657 -1 1
150.703994751 -1 1
151.397994995 -1 1
152.134994507 -1 1
152.988998413 -1 1
153.613006592 -1 1
154.350006104 -1 1
155.080993652 -1 1
155.882995605 -1 1
156.583999634 -1 0
157.31199646 -1 1
157.95199585 -1 0
158.699996948 -1 1
159.585998535 -1 0
160.356994629 -1 1
160.960006714 -1 1
161.826004028 -1 1
162.557006836 0 1
163.339996338 -1 1
164.070007324 0 1
164.863998413 -1 1
165.638000488 0 1
166.483001709 -1 1
167.339996338 -1 1
168.018005371 -1 1
168.904998779 -1 1
169.763000488 -1 1
170.602996826 -1 1
171.285003662 -1 1
172.154998779 -1 1
172.972000122 -1 1
173.746002197 -1 1
174.569000244 -1 1
175.220001221 -1 1
175.899002075 -1 1
176.647003174 0 1
177.397994995 -1 1
178.0 0 1
178.882995605 -1 1
179.755004883 -1 1
180.494995117 -1 0
181.220993042 -1 1
182.024993896 -1 0
182.649993896 -1 1
183.440994263 -1 0
184.20300293 -1 1
184.98500061 -1 0
185.828994751 -1 1
186.509002686 -1 1
187.259994507 -1 1
187.884994507 -1 1
188.772994995 -1 1
189.660003662 0 1
190.264007568 -1 1
190.936004639 0 1
191.753997803 -1 1
192.466995239 -1 1
193.320999146 -1 1
194.18800354 -1 1
194.815994263 -1 1
195.630004883 -1 1
196.473007202 -1 1
197.272994995 -1 1
197.929000854 -1 1
198.783996582 -1 1
199.494995117 0 1
200.352996826 -1 1
201.093002319 0 1
201.960006714 -1 1
202.847000122 -1 1
203.619003296 -1 1
204.37600708 -1 1
205.100006104 -1 1
205.76499939 -1 1
206.468002319 -1 1
207.360992432 0 1
208.166000366 -1 1
209.033004761 0 1
209.854995728 -1 1
210.583999634 -1 1
211.425994873 -1 1
212.240005493 -1 0
213.136993408 -1 1
213.945999146 -1 0
214.766998291 -1 1
215.606994629 -1 0
216.220001221 -1 1
216.972000122 -1 1
217.817001343 -1 1
218.494995117 -1 1
219.154006958 -1 1
219.990997314 -1 1
220.774002075 -1 1
221.466003418 -1 1
222.287994385 0 1
222.930999756 -1 1
223.692993164 0 1
224.317001343 -1 1
225.184005737 0 1
225.940994263 -1 1
226.54800415 -1 1
227.302993774 -1 1
228.11000061 -1 1
228.809997559 -1 1
229.593994141 -1 1
230.468002319 -1 1
231.194000244 -1 1
231.81300354 -1 1
232.662002563 -1 1
233.488998413 -1 1
234.231002808 -1 0
234.904006958 -1 1
235.630996704 -1 0
236.272003174 -1 1
237.080993652 -1 0
237.716995239 -1 1
238.550003052 -1 0
239.29800415 -1 1
240.072998047 -1 1
240.873001099 0 1
241.636001587 -1 1
242.520004272 0 1
243.363006592 -1 1
244.130004883 -1 1
244.875 -1 1
245.546005249 -1 1
246.18800354 -1 1
247.001998901 -1 1
247.87600708 -1 1
248.628005981 -1 1
249.455993652 -1 1
250.210006714 -1 1
250.886993408 -1 1
251.628005981 0 1
252.477005005 -1 1
253.160003662 0 1
253.906005859 -1 1
254.570999146 -1 1
255.192001343 -1 1
256.010009766 -1 1
256.787994385 -1 1
257.651000977 -1 1
258.545013428 -1 1
259.205993652 0 1
259.92401123 -1 1
260.686004639 0 1
261.406005859 -1 1
262.019989014 0 1
262.783996582 -1 1
263.511993408 0 1
264.411987305 -1 1
265.074005127 -1 1
265.92300415 -1 1
266.529998779 -1 0
267.25100708 -1 1
267.955993652 -1 0
268.640991211 -1 1
269.256988525 -1 0
270.035003662 -1 1
270.906005859 -1 0
271.569000244 -1 1
272.29699707 -1 1
273.040008545 -1 1
273.738006592 -1 1
274.489990234 -1 1
275.098999023 -1 1
275.835998535 -1 1
276.596984863 -1 1
277.292999268 -1 1
277.929992676 -1 1
278.575012207 -1 1
279.437988281 0 1
280.212005615 -1 1
280.888000488 0 1
281.609985352 -1 1
282.290985107 0 1
283.031005859 -1 1
283.688995361 -1 1
284.355987549 -1 1
284.979003906 -1 1
285.740997314 -1 1
286.355010986 -1 1
286.984008789 -1 1
287.628997803 -1 1
288.49899292 -1 1
289.354003906 -1 1
290.239990234 -1 1
291.12298584 -1 0
291.813995361 -1 1
292.471984863 -1 0
293.315002441 -1 1
293.925994873 -1 0
294.528015137 -1 1
295.160003662 -1 0
296.019989014 -1 1
296.756988525 0 1
297.582000732 -1 1
298.268005371 0 1
299.165008545 -1 1
299.808990479 0 1
300.410003662 -1 1
301.276000977 0 1
302.170013428 -1 1
302.946990967 -1 1
303.714996338 -1 1
304.518005371 -1 1
305.25201416 -1 1
305.872009277 -1 1
306.520996094 -1 1
307.397003174 -1 1
308.164001465 -1 1
308.854003906 -1 1
309.722991943 -1 1
310.477996826 -1 1
311.213989258 0 1
311.890991211 -1 1
312.739013672 0 1
313.381988525 -1 1
314.175994873 -1 1
314.980010986 -1 1
315.684997559 -1 1
316.505004883 -1 1
317.154998779 -1 0
317.907989502 -1 1
318.710998535 -1 0
319.463012695 -1 1
320.075012207 -1 0
320.919006348 -1 1
321.743988037 -1 1
322.621002197 0 1
323.227996826 -1 1
324.083007812 0 1
324.70300293 -1 1
325.388000488 0 1
326.108001709 -1 1
327.002990723 0 1
327.82598877 -1 1
328.572998047 -1 1
329.216003418 -1 1
330.052001953 -1 1
330.765014648 -1 1
331.485992432 -1 1
332.285003662 -1 1
332.95098877 -1 1
333.62701416 -1 1
334.388000488 -1 1
335.234985352 -1 1
335.838989258 -1 0
336.635986328 -1 1
337.343994141 -1 0
337.95401001 -1 1
338.697998047 -1 0
339.351989746 -1 1
340.041992188 -1 0
340.835998535 -1 1
341.695007324 -1 1
342.319000244 -1 1
343.12399292 0 1
343.759002686 -1 1
344.602996826 0 1
345.217010498 -1 1
345.872009277 -1 1
346.730010986 -1 1
347.384002686 -1 1
348.265014648 -1 1
348.893005371 -1 1
349.50100708 -1 1
350.204986572 -1 1
350.908996582 -1 1
351.697998047 0 1
352.588989258 -1 1
353.302001953 0 1
353.959014893 -1 1
354.783996582 0 1
355.536987305 -1 1
356.433013916 -1 1
357.289001465 -1 1
358.019989014 -1 1
358.839996338 -1 1
359.694000244 -1 1
360.542999268 -1 1
361.227996826 -1 0
361.958007812 -1 1
362.591003418 -1 0
363.240997314 -1 1
363.903015137 -1 0
364.511993408 -1 1
365.12701416 -1 0
365.890014648 -1 1
366.635986328 -1 0
367.291992188 -1 1
368.096984863 0 1
368.752990723 -1 1
369.37399292 0 1
370.045013428 -1 1
370.895996094 0 1
371.634002686 -1 1
372.485992432 0 1
373.32598877 -1 1
374.087005615 -1 1
374.799987793 -1 1
375.667999268 -1 1
376.303985596 -1 1
377.183990479 -1 1
378.071990967 -1 1
378.760009766 -1 1
379.621002197 -1 1
380.462005615 -1 1
381.338989258 -1 1
382.093994141 0 1
382.808013916 -1 1
383.596008301 0 1
384.432006836 -1 1
385.312011719 0 1
386.093994141 -1 1
386.897003174 0 1
387.561004639 -1 1
388.417999268 -1 1
389.114990234 -1 1
390.009002686 -1 1
390.619995117 -1 1
391.367004395 -1 0
392.130004883 -1 1
392.742004395 -1 0
393.407012939 -1 1
394.255004883 -1 0
394.95401001 -1 1
395.635009766 -1 0
396.433990479 -1 1
397.273010254 -1 1
398.101989746 -1 1
398.885009766 -1 1
399.690002441 -1 1
400.425994873 0 1
401.052001953 -1 1
401.768005371 0 1
402.559997559 -1 1
403.350006104 0 1
404.151000977 -1 1
404.946990967 0 1
405.62600708 -1 1
406.415985107 -1 1
407.239013672 -1 1
407.946014404 -1 1
408.815002441 -1 1
409.608001709 -1 1
410.399993896 -1 1
411.118988037 -1 1
412.00100708 0 1
412.718994141 -1 1
413.457000732 0 1
414.152008057 -1 1
414.945007324 -1 1
415.595001221 -1 0
416.238006592 -1 1
417.049987793 -1 0
417.772003174 -1 1
418.559997559 -1 0
419.166992188 -1 1
419.930999756 -1 0
420.763000488 -1 1
421.428009033 -1 1
422.058013916 -1 1
422.865997314 -1 1
423.542999268 0 1
424.337005615 -1 1
425.080993652 0 1
425.79901123 -1 1
426.509002686 0 1
427.401000977 -1 1
428.17300415 -1 1
428.841003418 -1 1
429.475006104 -1 1
430.083007812 -1 1
430.975006104 0 1
431.631011963 -1 1
432.399993896 0 1
433.138000488 -1 1
433.773010254 -1 1
434.552001953 -1 1
435.182006836 -1 1
435.962005615 -1 1
436.631988525 -1 1
437.386993408 -1 1
438.066009521 -1 1
438.761993408 -1 1
439.459014893 -1 1
440.29901123 0 1
440.975006104 -1 1
441.742004395 0 1
442.458007812 -1 1
443.194000244 -1 0
443.938995361 -1 0
444.790008545 -1 0
445.509002686 -1 0
446.148986816 -1 0
446.984008789 -1 0
447.881011963 -1 0
448.502990723 -1 0
449.259002686 -1 0
449.946990967 -1 0
450.739990234 -1 0
451.592010498 -1 0
452.230987549 -1 0
452.914001465 -1 0
453.640991211 -1 0
454.243988037 -1 0
455.028991699 -1 0
455.821990967 -1 0
456.644989014 -1 0
457.403991699 -1 0
458.29901123 -1 0
458.973999023 -1 0
459.589996338 -1 0
460.334991455 -1 0
460.968994141 0 0
461.736999512 -1 0
462.566009521 0 0
463.401000977 -1 0
464.007995605 -1 0
464.816986084 -1 0
465.660003662 -1 0
466.393005371 -1 0
467.240997314 -1 0
467.980987549 -1 0
468.763000488 -1 1
469.42401123 -1 0
470.285003662 -1 1
471.013000488 -1 0
471.75201416 -1 1
472.390991211 -1 0
473.187988281 -1 1
473.981994629 -1 0
474.859985352 -1 1
475.583007812 -1 0
476.278991699 -1 1
477.015991211 -1 0
477.722991943 -1 1
478.458007812 -1 0
479.355010986 -1 1
479.977996826 -1 0
480.591003418 -1 1
481.467987061 -1 0
482.110992432 -1 1
482.915985107 -1 1
483.667999268 -1 1
484.428985596 -1 1
485.105987549 -1 1
485.756988525 -1 1
486.434997559 -1 1
487.273010254 -1 1
487.95199585 -1 1
488.735992432 -1 1
489.384002686 -1 1
490.032012939 -1 1
490.688995361 0 1
491.334991455 -1 1
492.145996094 0 1
492.984008789 -1 1
493.605010986 0 1
494.472991943 -1 1
495.07901001 -1 1
495.967987061 -1 1
496.768005371 0 1
497.393005371 -1 1
498.023986816 0 1
498.70098877 -1 1
499.545013428 0 1
500.411010742 -1 1
501.240997314 0 1
502.049987793 -1 1
502.712005615 0 1
503.54598999 -1 1
504.209014893 0 1
505.052001953 -1 1
505.742004395 -1 1
506.519012451 -1 1
507.289001465 -1 1
508.158996582 -1 1
508.911987305 -1 1
509.559997559 0 1
510.368988037 -1 1
511.169006348 0 1
511.888000488 -1 1
512.655029297 0 1
513.456970215 -1 1
514.268981934 -1 0
515.041015625 -1 1
515.861022949 -1 0
516.685974121 -1 1
517.348022461 -1 0
517.95501709 -1 1
518.770019531 -1 0
519.482971191 -1 1
520.309020996 -1 0
521.00402832 -1 0
521.679016113 -1 0
522.510009766 -1 0
523.400024414 -1 0
524.185974121 -1 0
524.84197998 -1 0
525.692016602 -1 0
526.385986328 -1 0
527.20098877 -1 0
528.036010742 -1 0
528.867980957 -1 0
529.565979004 -1 0
530.265991211 -1 0
531.010009766 -1 0
531.778015137 -1 0
532.432983398 -1 0
533.297973633 -1 0
534.114013672 -1 0
534.866027832 -1 0
535.614013672 -1 0
536.327026367 -1 0
537.146972656 -1 0
537.945007324 -1 0
538.83001709 -1 0
539.62298584 -1 0
540.351989746 -1 0
541.051025391 -1 0
541.809997559 -1 0
542.489013672 -1 1
543.331970215 0 1
543.940002441 -1 1
544.719970703 0 1
545.452026367 -1 1
546.239990234 0 1
546.95300293 -1 1
547.734008789 0 1
548.619018555 -1 1
549.357971191 0 1
549.974975586 -1 1
550.770996094 0 1
551.590026855 -1 1
552.380981445 0 1
553.145996094 -1 1
553.937988281 0 1
554.54699707 -1 1
555.409973145 0 1
556.223022461 -1 1
556.916015625 0 1
557.557006836 -1 1
558.195007324 -1 1
558.903991699 -1 1
559.526977539 -1 1
560.284973145 -1 1
560.958984375 -1 1
561.83001709 -1 1
562.492980957 -1 1
563.103027344 -1 0
563.708984375 -1 1
564.525024414 -1 0
565.252990723 -1 1
566.140014648 -1 0
566.820983887 -1 1
567.57598877 -1 0
568.429992676 -1 1
569.133972168 -1 0
569.911010742 -1 1
570.526977539 -1 0
571.364013672 -1 1
572.161010742 -1 0
572.966003418 -1 1
573.747009277 0 1
574.572998047 -1 1
575.385986328 0 1
575.994995117 -1 1
576.750976562 0 1
577.53302002 -1 1
578.310974121 0 1
578.974975586 -1 1
579.732971191 0 1
580.614990234 -1 1
581.304016113 0 1
582.187988281 -1 1
582.820983887 0 1
583.478027344 -1 1
584.122009277 0 1
584.895019531 -1 1
585.523986816 0 1
586.20098877 -1 1
587.090026855 0 1
587.866027832 -1 1
588.728027344 0 1
589.603027344 -1 1
590.362976074 0 1
591.088012695 -1 1
591.981018066 -1 1
592.775024414 -1 1
593.521972656 -1 1
594.348022461 0 1
595.140991211 -1 1
595.757995605 0 1
596.635009766 -1 1
597.317016602 0 1
598.184020996 -1 1
598.914978027 0 1
599.541992188 -1 1
600.351989746 -1 1
601.232971191 -1 1
602.034973145 0 1
602.755981445 -1 1
603.359985352 0 1
604.096008301 -1 1
604.744018555 0 1
605.484008789 -1 1
606.229980469 0 1
607.109008789 -1 1
607.718017578 0 1
608.408996582 -1 1
609.104003906 -1 0
609.880004883 -1 1
610.648986816 -1 0
611.271972656 -1 1
612.039001465 -1 0
612.846008301 -1 1
613.570983887 -1 0
614.343017578 -1 1
614.971008301 -1 0
615.836975098 -1 1
616.664978027 -1 0
617.37902832 -1 1
618.143005371 0 1
618.752990723 -1 1
619.484008789 0 1
620.151977539 -1 1
621.04901123 0 1
621.775024414 -1 1
622.583984375 0 1
623.260986328 -1 1
624.033996582 0 1
624.844970703 -1 1
625.458984375 0 1
626.067016602 -1 1
626.765991211 0 1
627.594970703 -1 1
628.322998047 0 1
629.182006836 -1 1
629.932983398 0 1
630.768981934 -1 1
631.645996094 0 1
632.523010254 -1 1
633.171020508 -1 1
633.861999512 -1 1
634.70501709 -1 1
635.471984863 -1 1
636.356994629 0 1
637.101989746 -1 1
637.708007812 0 1
638.591003418 -1 1
639.255981445 0 1
639.888000488 -1 1
640.677978516 0 1
641.50402832 -1 1
642.116027832 0 1
642.921020508 -1 1
643.614990234 -1 1
644.37097168 0 1
644.976989746 -1 1
645.836975098 0 1
646.538024902 0 1
647.372009277 0 1
648.017028809 1 1
648.914001465 0 1
649.539001465 1 1
650.280029297 1 1
650.999023438 1 1
651.815002441 1 1
652.642028809 1 1
653.270996094 1 1
653.914978027 1 1
654.546020508 1 1
655.242004395 1 1
655.872009277 1 0
656.510986328 1 1
657.409973145 1 0
658.197998047 1 1
658.940979004 1 0
659.810974121 1 1
660.632995605 1 0
661.239990234 1 0
661.892028809 1 0
662.664001465 1 0
663.309997559 1 0
664.122009277 1 0
665.018005371 1 0
665.624023438 1 0
666.361022949 1 0
667.111999512 1 0
667.916992188 1 0
668.622009277 1 0
669.346008301 1 0
670.192016602 1 0
671.054992676 0 0
671.695983887 -1 0
672.322998047 -1 1
673.213989258 -1 0
674.023010254 -1 1
674.789978027 -1 0
675.679992676 -1 0
676.327026367 -1 0
677.143005371 -1 0
677.79699707 -1 0
678.603027344 -1 0
679.20501709 -1 0
680.007995605 -1 0
680.630981445 -1 0
681.437988281 -1 0
682.218994141 -1 0
682.935974121 -1 0
683.664978027 -1 0
684.29498291 -1 0
685.109985352 -1 0
685.739013672 -1 0
686.598022461 -1 0
687.411010742 -1 0
688.304992676 -1 0
689.132019043 -1 0
689.831970215 -1 0
690.62902832 -1 0
691.413024902 -1 0
692.080993652 -1 0
692.791992188 -1 0
693.494995117 0 0
694.221008301 1 0
694.869018555 0 0
695.58001709 -1 0
696.346984863 0 0
697.127990723 1 0
697.84197998 0 0
698.57598877 -1 0
699.229980469 0 0
699.924987793 1 0
700.530029297 0 0
701.257019043 -1 0
702.130981445 -1 0
702.898986816 -1 0
703.515991211 -1 -1
704.234985352 -1 -1
704.948974609 -1 0
705.710021973 -1 -1
706.369995117 -1 0
707.106018066 -1 -1
707.888977051 -1 -1
708.609985352 -1 -1
709.429016113 -1 -1
710.031005859 -1 -1
710.757019043 -1 -1
711.603027344 -1 -1
712.492004395 -1 -1
713.226013184 -1 -1
713.927978516 -1 -1
714.719970703 -1 -1
715.385009766 -1 -1
716.205993652 -1 -1
717.067993164 -1 -1
717.84197998 -1 -1
718.619018555 -1 -1
719.494018555 -1 0
720.260009766 -1 -1
721.091003418 -1 -1
721.965026855 -1 -1
722.687011719 -1 -1
723.58001709 -1 -1
724.344970703 -1 -1
724.956970215 -1 -1
725.692016602 -1 -1
726.34197998 0 -1
726.968994141 -1 -1
727.655029297 0 -1
728.265014648 -1 -1
728.872009277 0 -1
729.750976562 -1 -1
730.424987793 0 -1
731.041015625 -1 -1
731.705993652 -1 0
732.515991211 -1 -1
733.237976074 -1 0
734.044006348 -1 -1
734.914978027 -1 0
735.523986816 -1 -1
736.390991211 -1 0
737.07800293 -1 -1
737.942016602 0 -1
738.778991699 -1 -1
739.528991699 0 -1
740.275024414 -1 -1
740.947998047 -1 -1
741.713989258 -1 -1
742.533996582 -1 -1
743.283996582 -1 -1
744.031982422 -1 -1
744.79498291 -1 -1
745.596984863 -1 -1
746.244995117 -1 -1
746.856994629 0 -1
747.75 -1 -1
748.622009277 0 -1
749.392028809 -1 -1
750.143005371 0 -1
750.801025391 -1 -1
751.508972168 0 -1
752.320983887 -1 -1
753.138977051 0 -1
753.961975098 -1 -1
754.765014648 0 -1
755.664001465 -1 -1
756.414001465 0 -1
757.030029297 -1 -1
757.681030273 -1 -1
758.322998047 -1 -1
758.929016113 -1 -1
759.578979492 -1 -1
760.362976074 -1 -1
761.062011719 -1 -1
761.888000488 -1 -1
762.668029785 -1 -1
763.306030273 -1 -1
764.023986816 -1 -1
764.637023926 0 -1
765.315979004 -1 -1
765.979980469 0 -1
766.616027832 -1 -1
767.479003906 0 -1
768.361999512 -1 -1
769.117980957 0 -1
769.937011719 -1 -1
770.70098877 0 -1
771.593017578 -1 -1
772.291992188 0 -1
773.187988281 -1 -1
773.965026855 0 -1
774.619018555 -1 -1
775.461975098 -1 -1
776.179016113 -1 -1
776.844970703 -1 -1
777.565979004 -1 0
778.17401123 -1 -1
778.922973633 -1 0
779.726989746 -1 -1
780.484985352 -1 0
781.202026367 -1 -1
781.869995117 -1 0
782.594970703 -1 -1
783.221008301 -1 -1
784.025024414 -1 -1
784.896972656 -1 -1
785.682006836 -1 -1
786.364990234 -1 -1
786.982971191 0 -1
787.75402832 -1 -1
788.599975586 0 -1
789.333007812 -1 -1
790.067016602 0 -1
790.95501709 -1 -1
791.687988281 0 -1
792.541015625 -1 -1
793.307983398 0 -1
794.093994141 -1 -1
794.934020996 0 -1
795.788024902 -1 -1
796.512023926 0 -1
797.20300293 -1 -1
798.070983887 0 -1
798.831970215 -1 -1
799.586975098 0 -1
800.20501709 -1 -1
800.973022461 0 -1
801.583984375 -1 -1
802.211975098 -1 -1
802.880981445 -1 -1
803.734985352 -1 -1
804.588012695 -1 -1
805.385986328 -1 -1
806.195983887 -1 -1
806.880004883 -1 -1
807.713989258 -1 -1
808.320007324 -1 -1
809.15802002 0 -1
809.937988281 -1 -1
810.619995117 0 -1
811.25402832 1 -1
811.956970215 0 -1
812.822998047 1 -1
813.723022461 1 -1
814.510009766 1 0
815.263977051 1 1
816.018981934 1 1
816.655029297 1 1
817.299987793 1 1
817.969970703 1 1
818.609985352 1 1
819.443969727 1 1
820.25201416 1 1
820.911010742 1 1
821.539001465 1 1
822.335998535 1 1
823.171020508 1 0
823.973022461 1 1
824.603027344 1 0
825.500976562 1 0
826.106018066 1 0
826.888977051 1 0
827.627990723 1 0
828.42199707 1 0
829.301025391 1 0
830.132995605 1 0
830.846008301 1 0
831.575012207 1 0
832.20300293 1 0
832.817993164 1 0
833.674987793 1 0
834.322998047 1 1
834.968994141 1 0
835.677978516 1 1
836.409973145 1 0
837.20501709 1 1
838.086975098 1 0
838.981994629 1 1
839.770996094 1 0
840.393981934 1 1
841.04699707 1 0
841.809020996 1 1
842.427001953 1 0
843.03302002 1 1
843.760009766 1 1
844.469970703 1 1
845.304992676 1 1
846.145996094 1 1
846.940979004 1 1
847.661987305 1 1
848.473999023 1 1
849.247009277 1 1
850.04498291 1 1
850.734008789 1 1
851.364013672 1 1
851.979980469 1 1
852.844970703 1 1
853.718017578 1 1
854.413024902 1 1
855.224975586 1 1
855.924987793 1 1
856.549987793 1 1
857.267028809 1 1
858.07598877 1 1
858.840026855 1 0
859.723999023 1 1
860.585998535 1 0
861.42401123 1 1
862.041992188 1 0
862.91998291 1 1
863.638977051 1 0
864.263977051 1 1
865.026000977 1 0
865.62902832 1 1
866.429992676 1 0
867.125976562 1 1
867.763000488 1 0
868.591003418 1 1
869.304016113 1 1
870.00402832 1 1
870.747009277 1 1
871.385009766 1 1
872.04699707 1 1
872.666015625 1 1
873.320007324 1 1
874.208007812 1 1
874.940002441 1 1
875.666992188 1 1
876.439025879 1 1
877.304016113 1 1
877.929016113 1 1
878.637023926 0 1
879.473999023 -1 1
880.369018555 -1 0
880.994995117 -1 -1
881.653991699 0 -1
882.510009766 1 -1
883.323974609 1 0
884.036987305 1 0
884.828979492 1 0
885.685974121 1 0
886.32800293 1 0
887.114990234 1 0
887.866027832 1 0
888.742004395 1 0
889.577026367 1 0
890.262023926 1 0
891.04901123 0 0
891.755981445 -1 0
892.359985352 -1 -1
893.054992676 0 -1
893.70098877 1 -1
894.528991699 1 0
895.174987793 1 1
895.806030273 0 1
896.685974121 -1 1
897.557983398 -1 0
898.250976562 -1 -1
899.00402832 0 -1
899.723999023 1 -1
900.419006348 1 0
901.033996582 1 1
901.87701416 0 1
902.481018066 -1 1
903.096984863 -1 0
903.731018066 -1 -1
904.343017578 -1 -1
904.973999023 -1 -1
905.804992676 0 -1
906.530029297 1 -1
907.359008789 1 0
908.130981445 1 1
908.846984863 0 1
909.687988281 -1 1
910.492004395 -1 0
911.340026855 -1 -1
912.177001953 0 -1
912.802001953 1 -1
913.505981445 1 -1
914.405029297 1 -1
915.239990234 1 -1
915.887023926 1 -1
916.630981445 1 -1
917.369018555 1 -1
918.028991699 1 -1
918.695007324 1 -1
919.458984375 1 -1
920.176025391 1 -1
920.903991699 1 -1
921.607971191 1 -1
922.262023926 1 -1
922.916992188 1 -1
923.760009766 1 -1
924.637023926 1 -1
925.474975586 1 -1
926.143981934 1 -1
926.87097168 1 -1
927.744018555 1 -1
928.369995117 1 -1
929.226013184 1 0
929.924987793 0 0
930.54901123 -1 0
931.320007324 -1 -1
932.159973145 -1 -1
932.794006348 0 -1
933.656982422 1 -1
934.293029785 1 0
934.922973633 0 0
935.723999023 -1 0
936.596008301 -1 0
937.372009277 -1 0
938.221984863 -1 0
938.953979492 -1 0
939.724975586 -1 0
940.586975098 -1 0
941.395019531 -1 0
942.00402832 -1 0
942.822021484 -1 0
943.583984375 -1 0
944.215026855 -1 0
945.099975586 -1 0
945.96697998 -1 0
946.838012695 -1 0
947.458007812 -1 0
948.216003418 -1 0
949.103027344 -1 0
949.937988281 -1 0
950.789001465 -1 0
951.481994629 -1 0
952.380981445 -1 0
953.17199707 -1 0
954.057983398 -1 0
954.763977051 -1 0
955.468017578 -1 0
956.182983398 -1 0
956.843017578 -1 0
957.559020996 -1 0
958.37701416 -1 0
959.143005371 -1 0
959.911010742 -1 0
960.70501709 -1 0
961.583007812 -1 0
962.304016113 -1 0
962.986999512 -1 0
963.67199707 -1 0
964.33001709 -1 0
965.098022461 -1 0
965.929016113 -1 0
966.70098877 -1 0
967.362976074 -1 0
968.083984375 -1 1
968.74597168 -1 0
969.617980957 -1 1
970.320983887 -1 1
971.135009766 -1 1
971.802001953 -1 1
972.505004883 -1 1
973.28302002 0 1
974.03302002 1 1
974.773986816 0 1
975.650024414 1 1
976.396972656 1 1
977.206970215 1 1
977.906982422 1 0
978.54699707 1 -1
979.172973633 1 0
979.901977539 1 -1
980.645019531 1 0
981.297973633 1 -1
981.911010742 1 0
982.734985352 1 -1
983.505981445 1 -1
984.140014648 1 -1
984.945983887 1 -1
985.702026367 1 -1
986.57800293 1 -1
987.473022461 1 -1
988.362976074 1 -1
989.215026855 1 -1
989.976989746 1 -1
990.601013184 1 -1
991.226013184 1 -1
991.969970703 1 -1
992.736999512 1 -1
993.573974609 1 -1
994.385009766 1 -1
995.125 1 -1
995.945007324 0 -1
996.674987793 1 -1
997.447021484 0 -1
998.166992188 1 -1
998.888977051 0 -1
999.531982422 1 -1
1000.30603027 1 -1
1000.97399902 1 0
1001.85900879 1 -1
1002.57800293 1 0
1003.25598145 1 -1
1003.98101807 1 0
1004.73602295 1 -1
1005.34802246 1 -1
1006.23297119 1 -1
1006.8369751 1 -1
1007.6619873 1 -1
1008.5 1 -1
1009.40002441 1 -1
1010.26898193 1 -1
1011.08898926 1 -1
1011.97802734 0 -1
1012.74102783 1 -1
1013.54602051 0 -1
1014.30102539 1 -1
1015.14001465 0 -1
1015.93103027 1 -1
1016.56298828 1 -1
1017.23101807 1 -1
1017.91497803 1 -1
1018.76397705 1 -1
1019.46398926 1 0
1020.32501221 1 -1
1021.04101562 1 0
1021.7800293 1 -1
1022.59399414 1 0
1023.38000488 1 -1
1024.20495605 1 0
1024.91796875 1 -1
1025.70495605 1 -1
1026.48803711 1 -1
1027.23205566 1 -1
1027.84094238 1 -1
1028.62194824 1 -1
1029.22595215 1 -1
1029.93200684 0 -1
1030.66003418 1 -1
1031.50402832 0 -1
1032.22497559 1 -1
1033.12402344 0 -1
1033.91796875 1 -1
1034.77294922 1 -1
1035.45300293 1 -1
1036.25805664 1 -1
1036.93200684 1 -1
1037.6529541 1 -1
1038.50305176 1 -1
1039.18603516 1 -1
1039.85998535 1 -1
1040.70397949 1 -1
1041.38098145 1 -1
1042.15405273 0 -1
1043.04602051 1 -1
1043.80700684 0 -1
1044.59301758 1 -1
1045.37402344 1 0
1046.11694336 1 -1
1046.93200684 1 0
1047.5579834 1 -1
1048.39196777 1 0
1049.28198242 1 -1
1050.06005859 1 0
1050.68701172 1 -1
1051.52600098 1 -1
1052.1619873 1 -1
1052.81201172 1 -1
1053.52099609 1 -1
1054.35900879 0 -1
1055.23706055 1 -1
1056.02905273 1 -1
1056.67700195 1 -1
1057.31494141 0 -1
1057.99804688 1 -1
1058.74499512 0 -1
1059.36694336 1 -1
1060.02099609 1 -1
1060.7010498 1 -1
1061.48095703 1 -1
1062.22497559 1 -1
1063.11303711 1 -1
1063.97900391 1 -1
1064.82104492 1 -1
1065.62194824 0 -1
1066.22497559 1 -1
1066.98095703 0 -1
1067.68701172 1 -1
1068.4329834 0 -1
1069.31103516 1 -1
1070.06201172 1 -1
1070.73596191 1 -1
1071.44396973 1 0
1072.11096191 1 -1
1072.93798828 1 0
1073.59094238 1 -1
1074.32800293 1 0
1075.08496094 1 -1
1075.81298828 1 0
1076.64099121 1 -1
1077.47094727 1 -1
1078.08996582 1 -1
1078.77502441 1 -1
1079.41101074 1 -1
1080.2779541 1 -1
1081.00805664 1 -1
1081.78601074 0 -1
1082.48596191 1 -1
1083.20898438 0 -1
1084.07104492 1 -1
1084.70800781 0 -1
1085.4050293 1 -1
1086.23400879 0 -1
1087.13195801 1 -1
1087.98400879 0 -1
1088.7800293 1 -1
1089.59094238 1 -1
1090.45996094 1 -1
1091.06896973 1 -1
1091.77697754 1 -1
1092.52697754 1 -1
1093.28405762 1 -1
1094.00805664 1 -1
1094.75500488 1 -1
1095.47094727 1 -1
1096.34899902 1 0
1096.9630127 1 -1
1097.57800293 1 0
1098.38195801 1 -1
1099.14404297 1 0
1100.00695801 1 -1
1100.71704102 1 0
1101.50402832 1 -1
1102.36303711 1 0
1103.21594238 1 -1
1103.93200684 1 -1
1104.79003906 1 -1
1105.40100098 0 -1
1106.23400879 1 -1
1106.90405273 0 -1
1107.55505371 1 -1
1108.32897949 0 -1
1109.03601074 1 -1
1109.79296875 0 -1
1110.40100098 1 -1
1111.09094238 0 -1
1111.90197754 1 -1
1112.58105469 0 -1
1113.27502441 1 -1
1114.06494141 1 -1
1114.81201172 1 -1
1115.68603516 1 -1
1116.44104004 1 -1
1117.04797363 1 -1
1117.82995605 1 -1
1118.72802734 1 -1
1119.49304199 1 -1
1120.32104492 1 -1
1121.18103027 0 -1
1121.80895996 1 -1
1122.55102539 0 -1
1123.34399414 1 -1
1124.10595703 0 -1
1124.81896973 1 -1
1125.4630127 1 -1
1126.10205078 1 -1
1126.96105957 1 -1
1127.77404785 1 -1
1128.41894531 1 0
1129.06799316 1 -1
1129.7130127 1 0
1130.46496582 1 -1
1131.08605957 1 0
1131.93395996 1 -1
1132.68200684 1 0
1133.49597168 1 -1
1134.28295898 1 0
1135.15197754 1 -1
1135.93603516 1 -1
1136.5670166 1 -1
1137.44995117 1 -1
1138.06799316 0 -1
1138.91894531 1 -1
1139.78894043 0 -1
1140.61206055 1 -1
1141.47900391 0 -1
1142.32397461 1 -1
1143.20898438 0 -1
1143.81298828 1 -1
1144.4239502 0 -1
1145.0369873 1 -1
1145.69604492 0 -1
1146.41101074 1 -1
1147.30395508 0 -1
1148.19995117 1 -1
1149.07897949 0 -1
1149.75305176 1 -1
1150.50305176 1 -1
1151.14794922 1 -1
1151.85302734 1 -1
1152.53894043 1 -1
1153.34399414 1 -1
1153.97595215 1 -1
1154.68005371 1 -1
1155.30700684 1 -1
1156.02001953 1 -1
1156.69494629 1 0
1157.56896973 1 -1
1158.20703125 1 0
1158.9510498 1 -1
1159.77001953 1 0
1160.56005859 1 -1
1161.31005859 1 0
1161.92602539 1 -1
1162.74194336 1 0
1163.56201172 1 -1
1164.3170166 1 -1
1164.93994141 1 -1
1165.58203125 1 -1
1166.39501953 1 -1
1167.06994629 1 -1
1167.7220459 0 -1
1168.48303223 1 -1
1169.17504883 0 -1
1169.81494141 1 -1
1170.6340332 0 -1
1171.50695801 1 -1
1172.25805664 0 -1
1173.05297852 1 -1
1173.66894531 0 -1
1174.55505371 1 -1
1175.35998535 0 -1
1176.01293945 1 -1
1176.8659668 0 -1
1177.55004883 1 -1
1178.28894043 1 -1
1178.93994141 1 -1
1179.5489502 1 -1
1180.44396973 1 -1
1181.29199219 1 -1
1182.13598633 1 -1
1182.80603027 1 -1
1183.69897461 1 -1
1184.31494141 1 0
1185.10302734 1 -1
1185.81604004 1 0
1186.57104492 1 -1
1187.34899902 1 0
1188.05200195 1 -1
1188.91796875 1 0
1189.62402344 1 -1
1190.39599609 1 0
1191.26293945 1 -1
1192.04394531 1 -1
1192.65100098 1 -1
1193.4699707 0 -1
1194.13793945 1 -1
1194.76794434 0 -1
1195.65600586 1 -1
1196.48095703 0 -1
1197.16503906 1 -1
1197.8470459 0 -1
1198.47705078 1 -1
1199.24499512 0 -1
1199.92004395 1 -1
