0.500999987125 1 3
1.16100001335 1 2
1.85500001907 0 2
2.61899995804 -1 2
3.36999988556 -1 1
4.01900005341 -1 0
4.64900016785 -1 -1
5.40100002289 -1 -2
6.29500007629 -1 -3
6.94099998474 -1 -4
7.60500001907 -1 -5
8.45699977875 -1 -5
9.09799957275 -2 -5
9.83699989319 -3 -5
10.6529998779 -2 -5
11.4189996719 -1 -5
12.1000003815 -1 -4
12.8809995651 -1 -3
13.5830001831 -1 -4
14.3509998322 -1 -5
15.1940002441 -1 -4
16.0520000458 -1 -3
16.6660003662 -1 -2
17.4249992371 -1 -1
18.2730007172 -1 -2
19.1660003662 0 -2
19.9570007324 1 -2
20.8129997253 2 -2
21.5499992371 2 -3
22.3120002747 2 -4
23.0160007477 2 -3
23.7980003357 2 -2
24.5079994202 2 -1
25.408000946 2 0
26.0629997253 1 0
26.7339992523 0 0
27.341999054 -1 0
28.1410007477 -1 -1
28.861000061 -1 -2
29.7439994812 -2 -2
30.5690002441 -1 -2
31.2919998169 -2 -2
32.0810012817 -2 -1
32.8390007019 -2 -2
33.6150016785 -2 -1
34.311000824 -2 -2
35.0810012817 -2 -1
35.9249992371 -2 -2
36.5480003357 -2 -1
37.408000946 -2 -2
38.2130012512 -3 -2
39.0060005188 -2 -2
39.7589988708 -1 -2
40.6230010986 0 -2
41.3689994812 -1 -2
42.2109985352 0 -2
43.0200004578 0 -1
43.9119987488 0 -2
44.7779998779 0 -1
45.4420013428 0 -2
46.2270011902 0 -3
47.0439987183 0 -2
47.9010009766 1 -2
48.5379981995 0 -2
49.1980018616 -1 -2
49.9560012817 0 -2
50.6380004883 -1 -2
51.2789993286 0 -2
51.9739990234 -1 -2
52.7540016174 0 -2
53.6199989319 -1 -2
54.3079986572 0 -2
55.0880012512 0 -3
55.8009986877 0 -2
56.5989990234 0 -3
57.3790016174 0 -2
58.0229988098 1 -2
58.6619987488 1 -1
59.3909988403 0 -1
60.2610015869 0 -2
60.8930015564 1 -2
61.641998291 2 -2
62.422000885 2 -1
63.0839996338 3 -1
63.7659988403 4 -1
64.4260025024 4 -1
65.2850036621 4 0
65.9140014648 3 0
66.6070022583 2 0
67.2689971924 2 -1
67.9649963379 2 -2
68.6139984131 2 -3
69.4599990845 2 -2
70.1380004883 3 -2
70.7910003662 4 -2
71.3939971924 4 -2
72.1989974976 4 -2
72.986000061 4 -3
73.6259994507 4 -2
74.4430007935 4 -1
75.0749969482 4 -2
75.908996582 4 -3
76.7900009155 3 -3
77.4929962158 2 -3
78.2910003662 3 -3
79.1050033569 4 -3
79.7509994507 4 -3
80.4479980469 4 -3
81.0999984741 4 -4
81.8000030518 4 -4
82.6969985962 4 -3
83.5080032349 4 -2
84.3249969482 4 -3
85.1149978638 4 -3
85.8050003052 4 -3
86.4349975586 4 -2
87.0749969482 4 -3
87.7119979858 4 -3
88.3450012207 4 -2
89.1139984131 4 -3
89.7969970703 4 -2
90.4479980469 4 -3
91.3300018311 4 -3
92.1529998779 3 -3
92.841003418 3 -2
93.7119979858 3 -3
94.6070022583 3 -2
95.4430007935 3 -1
96.1129989624 3 -2
96.8539962769 3 -1
97.6399993896 4 -1
98.4960021973 4 -1
99.0999984741 4 0
99.8730010986 4 -1
100.527000427 4 0
101.184997559 3 0
101.948997498 3 -1
102.660003662 3 0
103.489997864 3 -1
104.175003052 3 0
105.01499939 3 -1
105.901000977 3 0
106.517997742 3 -1
107.291000366 3 0
107.949996948 2 0
108.557998657 3 0
109.253997803 4 0
109.880996704 3 0
110.505996704 2 0
111.238998413 2 -1
112.050003052 2 0
112.682998657 2 -1
113.369003296 2 0
114.174003601 2 -1
114.956001282 2 0
115.593002319 1 0
116.388000488 1 -1
117.193000793 1 0
117.907997131 1 -1
118.549003601 1 0
119.23500061 1 -1
120.043998718 1 -2
120.943000793 1 -1
121.656997681 0 -1
122.480003357 1 -1
123.178001404 0 -1
123.808998108 1 -1
124.615997314 0 -1
125.399002075 1 -1
126.071998596 1 -2
126.711997986 2 -2
127.480003357 2 -1
128.149993896 1 -1
128.914001465 2 -1
129.587005615 1 -1
130.279006958 2 -1
130.880004883 1 -1
131.563995361 2 -1
132.384994507 1 -1
133.158996582 0 -1
133.884002686 0 -2
134.770996094 1 -2
135.48500061 1 -1
136.363006592 1 0
137.106994629 1 -1
137.917007446 1 0
138.610992432 1 -1
139.488006592 1 -2
140.182998657 1 -1
141.080001831 1 -2
141.902999878 1 -1
142.505004883 0 -1
143.332992554 0 -2
144.154998779 0 -1
144.837005615 0 -2
145.445007324 0 -1
146.218002319 0 -2
147.110992432 0 -1
147.996002197 0 -2
148.615005493 0 -1
149.350006104 0 -2
149.979995728 0 -1
150.651992798 0 -2
151.309005737 0 -1
151.994003296 0 -2
152.718994141 0 -1
153.595001221 0 -2
154.296005249 -1 -2
155.020004272 0 -2
155.714004517 -1 -2
156.503005981 0 -2
157.29800415 -1 -2
157.998001099 -2 -2
158.664993286 -1 -2
159.307998657 -2 -2
159.988998413 -1 -2
160.619003296 -2 -2
161.322998047 -2 -1
162.138000488 -2 -2
162.964996338 -2 -1
163.621994019 -2 -2
164.490997314 -2 -1
165.307998657 -2 0
166.195007324 -2 -1
167.01499939 -3 -1
167.75100708 -3 0
168.585006714 -3 1
169.339996338 -2 1
169.968994141 -1 1
170.856994629 -2 1
171.697998047 -3 1
172.552001953 -2 1
173.352005005 -1 1
174.179992676 -1 0
174.809005737 -1 -1
175.660003662 -2 -1
176.307006836 -3 -1
176.925994873 -2 -1
177.638000488 -3 -1
178.31199646 -2 -1
179.003005981 -3 -1
179.641998291 -2 -1
180.481002808 -2 -2
181.160003662 -2 -1
181.99899292 -2 -2
182.776992798 -2 -1
183.531997681 -1 -1
184.276992798 -1 -2
184.98399353 -1 -1
185.656005859 0 -1
186.524002075 -1 -1
187.143997192 0 -1
187.908996582 -1 -1
188.73500061 0 -1
189.514007568 0 -2
190.341003418 -1 -2
191.057998657 -1 -1
191.949005127 -1 -2
192.554000854 -1 -1
193.43800354 -1 0
194.089004517 -1 -1
194.796005249 -1 0
195.690002441 -1 -1
196.29699707 -1 0
197.158996582 -1 -1
197.912994385 -1 0
198.697998047 -1 -1
199.518005371 -1 0
200.268005371 -1 -1
201.130004883 -1 0
201.804000854 -1 -1
202.539993286 -2 -1
203.207992554 -1 -1
204.039001465 -2 -1
204.850997925 -1 -1
205.692993164 -2 -1
206.481994629 -1 -1
207.222000122 -2 -1
207.824996948 -1 -1
208.513000488 -2 -1
209.289001465 -1 -1
209.89100647 -2 -1
210.606994629 -1 -1
211.261001587 -2 -1
211.929992676 -1 -1
212.82699585 -1 -2
213.667007446 -1 -1
214.332992554 0 -1
215.003997803 0 -2
215.848007202 0 -1
216.667007446 0 -2
217.395004272 0 -1
218.044998169 0 -2
218.725006104 0 -1
219.516998291 0 -2
220.25 0 -1
221.136993408 1 -1
221.973007202 0 -1
222.807006836 1 -1
223.669006348 1 -2
224.477005005 1 -1
225.10899353 2 -1
225.776000977 1 -1
226.432998657 2 -1
227.253997803 1 -1
228.024993896 2 -1
228.841003418 1 -1
229.68699646 2 -1
230.54800415 1 -1
231.391998291 0 -1
232.259002686 1 -1
232.960006714 0 -1
233.742004395 1 -1
234.375 0 -1
235.113998413 1 -1
235.899993896 1 0
236.511001587 1 -1
237.177993774 1 0
238.0 1 -1
238.692001343 1 0
239.449996948 1 -1
240.12399292 1 -2
240.800994873 1 -1
241.677993774 1 -2
242.412002563 1 -1
243.152999878 1 0
243.945999146 1 -1
244.688995361 1 0
245.466003418 1 -1
246.089004517 1 0
246.699005127 1 -1
247.434005737 1 0
248.147003174 1 -1
248.76600647 1 0
249.651992798 1 -1
250.470993042 1 0
251.360992432 1 -1
252.152999878 1 -2
252.917999268 1 -1
253.817001343 0 -1
254.529006958 1 -1
255.410995483 0 -1
256.058013916 1 -1
256.941009521 0 -1
257.652008057 1 -1
258.514007568 2 -1
259.309997559 2 0
260.109985352 1 0
260.829986572 1 -1
261.600006104 2 -1
262.455993652 2 0
263.196014404 2 -1
264.085998535 2 0
264.955993652 2 1
265.589996338 2 0
266.317993164 2 1
266.938995361 2 0
267.631011963 2 1
268.437988281 2 0
269.312011719 2 1
270.20401001 1 1
270.838012695 1 0
271.713989258 1 -1
272.476013184 1 0
273.152008057 1 -1
273.92199707 1 0
274.588989258 1 -1
275.444000244 1 0
276.17401123 1 -1
276.95199585 1 0
277.842987061 1 -1
278.57901001 2 -1
279.378997803 2 0
280.130004883 2 1
280.967010498 1 1
281.617004395 1 0
282.470001221 1 -1
283.307006836 2 -1
284.058990479 2 0
284.712005615 1 0
285.402008057 1 -1
286.069000244 2 -1
286.937988281 2 0
287.609008789 1 0
288.407012939 1 -1
289.195007324 2 -1
290.041992188 2 0
290.730987549 1 0
291.571990967 1 -1
292.415985107 2 -1
293.217987061 2 0
293.860992432 1 0
294.721984863 1 -1
295.411987305 1 0
296.015991211 1 -1
296.630004883 1 -2
297.268005371 1 -1
298.063995361 1 -2
298.786987305 1 -1
299.552001953 1 0
300.191009521 1 -1
300.95199585 1 0
301.785003662 1 -1
302.445007324 1 0
303.058990479 1 -1
303.891998291 1 0
304.567993164 1 -1
305.186004639 1 0
305.82800293 1 -1
306.45199585 1 0
307.242004395 1 -1
308.036987305 1 0
308.765991211 1 -1
309.455993652 1 0
310.213012695 1 -1
310.835998535 1 0
311.527008057 1 -1
312.307006836 1 -2
312.910003662 1 -1
313.778015137 0 -1
314.473999023 0 -2
315.113006592 0 -1
315.802001953 0 -2
316.561004639 0 -1
317.412994385 0 -2
318.119995117 0 -1
318.727996826 0 -2
319.593994141 0 -1
320.24798584 0 -2
321.005004883 0 -1
321.648010254 0 -2
322.257995605 0 -1
323.105010986 0 -2
323.79699707 0 -1
324.398010254 0 -2
325.276000977 0 -1
326.157012939 1 -1
326.808990479 0 -1
327.472991943 1 -1
328.141998291 0 -1
329.010986328 1 -1
329.75 0 -1
330.640991211 1 -1
331.399993896 0 -1
332.183990479 1 -1
333.053985596 0 -1
333.678009033 1 -1
334.420013428 0 -1
335.213012695 1 -1
336.019012451 0 -1
336.838012695 1 -1
337.57901001 0 -1
338.385986328 1 -1
339.027008057 0 -1
339.914001465 1 -1
340.545013428 1 0
341.37399292 1 -1
342.057006836 1 0
342.730987549 1 -1
343.459014893 1 0
344.220001221 1 -1
345.04800415 1 0
345.721008301 1 -1
346.593994141 1 0
347.386993408 1 -1
348.276000977 2 -1
348.990997314 2 0
349.882995605 2 1
350.631011963 3 1
351.231994629 2 1
352.00100708 3 1
352.778991699 3 2
353.657012939 3 3
354.32699585 2 3
355.019012451 2 4
355.852996826 2 5
356.591003418 3 5
357.324005127 3 6
358.121002197 3 6
358.805999756 2 6
359.450012207 1 6
360.069000244 2 6
360.691009521 2 6
361.37399292 3 6
362.006988525 4 6
362.705993652 4 5
363.558013916 4 4
364.287994385 3 4
365.066009521 2 4
365.807006836 3 4
366.455993652 3 5
367.108001709 3 6
367.717010498 3 6
368.54800415 4 6
369.419006348 4 6
370.221008301 4 5
371.091003418 3 5
371.839996338 2 5
372.458007812 1 5
373.236999512 0 5
373.968994141 0 6
374.718994141 0 6
375.510986328 -1 6
376.239013672 -2 6
376.863006592 -1 6
377.62298584 0 6
378.240997314 1 6
379.04800415 1 5
379.734985352 1 4
380.410003662 1 5
381.130004883 1 4
381.82699585 1 3
382.720001221 1 2
383.335998535 1 1
384.227996826 1 0
385.113006592 1 -1
385.973999023 2 -1
386.871002197 2 0
387.563995361 2 1
388.407989502 2 2
389.118988037 1 2
389.781005859 1 1
390.493988037 1 0
391.309997559 1 -1
391.985992432 2 -1
392.734985352 2 0
393.367004395 2 1
394.096008301 1 1
394.740997314 1 0
395.596008301 1 -1
396.359985352 1 -2
397.101989746 1 -1
397.760009766 1 -2
398.382995605 1 -1
399.20199585 1 -2
399.992004395 1 -1
400.709014893 1 0
401.584991455 1 -1
402.274993896 1 0
403.156005859 1 -1
403.843994141 1 0
404.555999756 1 -1
405.174987793 1 0
405.842010498 1 -1
406.493988037 1 0
407.17098999 1 -1
407.868988037 1 0
408.511993408 1 -1
409.290008545 1 0
410.054992676 1 -1
410.809997559 1 0
411.605987549 1 -1
412.346984863 1 0
413.031005859 1 -1
413.854003906 1 0
414.727996826 1 -1
415.583007812 1 0
416.291992188 1 -1
416.992004395 1 0
417.846008301 1 -1
418.604003906 1 0
419.242004395 1 -1
420.12399292 0 -1
420.855987549 1 -1
421.515991211 0 -1
422.372009277 1 -1
423.216003418 0 -1
423.904998779 1 -1
424.644989014 0 -1
425.292999268 1 -1
425.898986816 0 -1
426.772003174 1 -1
427.657989502 0 -1
428.457000732 1 -1
429.303009033 0 -1
430.054992676 1 -1
430.683990479 0 -1
431.557006836 1 -1
432.24798584 0 -1
432.963012695 1 -1
433.774993896 0 -1
434.450012207 1 -1
435.128997803 2 -1
435.772003174 2 0
436.410003662 1 0
437.289001465 1 -1
438.121002197 2 -1
438.816009521 2 0
439.433013916 1 0
440.178985596 1 -1
440.917999268 2 -1
441.638000488 2 0
442.32699585 2 1
442.95401001 1 1
443.670013428 1 0
444.42098999 1 -1
445.186004639 1 -2
445.910003662 1 -1
446.675994873 1 0
447.407989502 1 -1
448.039001465 1 0
448.717987061 1 -1
449.515991211 1 0
450.196014404 1 -1
451.006011963 1 0
451.640014648 1 -1
452.333007812 1 0
453.218994141 1 -1
453.859008789 1 0
454.605010986 1 -1
455.489013672 1 0
456.152008057 1 -1
456.803009033 1 0
457.411010742 1 -1
458.049987793 1 0
458.696990967 1 -1
459.351989746 1 0
459.959991455 1 -1
460.645996094 1 0
461.511993408 1 -1
462.256011963 1 0
462.895996094 1 -1
463.787994385 1 0
464.634002686 1 -1
465.444000244 1 -2
466.312011719 1 -1
467.148986816 1 -2
467.774993896 1 -1
468.619995117 1 0
469.468994141 1 -1
470.229003906 1 0
470.851989746 1 -1
471.509002686 1 0
472.347991943 1 -1
473.216003418 1 0
474.037994385 1 -1
474.886993408 1 0
475.618011475 1 -1
476.503997803 1 0
477.157012939 1 -1
477.946990967 1 0
478.717010498 1 -1
479.320007324 1 0
480.088012695 1 -1
480.822998047 1 0
481.618011475 1 -1
482.468994141 0 -1
483.192993164 1 -1
483.821990967 0 -1
484.562011719 1 -1
485.255004883 0 -1
486.12600708 1 -1
486.769989014 0 -1
487.493011475 1 -1
488.20199585 0 -1
489.04699707 1 -1
489.648010254 0 -1
490.266998291 1 -1
491.096984863 0 -1
491.855987549 1 -1
492.507995605 2 -1
493.384002686 2 0
494.213012695 1 0
494.955993652 1 -1
495.803009033 2 -1
496.532012939 2 0
497.324005127 3 0
497.988006592 2 0
498.791992188 3 0
499.654998779 2 0
500.406005859 1 0
501.152008057 1 -1
501.789001465 0 -1
502.669006348 0 -2
503.278991699 0 -1
503.989990234 0 -2
504.817993164 0 -1
505.455993652 0 -2
506.316986084 0 -1
507.178985596 0 -2
507.842010498 0 -1
508.707000732 0 -2
509.375 0 -1
510.028991699 0 0
510.868011475 0 -1
511.537994385 0 0
512.388977051 0 -1
513.007995605 0 -2
513.859008789 0 -1
514.681030273 0 -2
515.543029785 0 -1
516.398986816 0 -2
517.218017578 0 -1
518.051025391 0 0
518.776000977 0 -1
519.591003418 0 0
520.403015137 0 -1
521.219970703 0 -2
521.92199707 0 -1
522.531982422 0 -2
523.140014648 0 -1
523.835021973 0 -2
524.687988281 0 -1
525.57800293 0 -2
526.395019531 0 -1
527.281005859 0 -2
528.090026855 0 -1
528.833007812 -1 -1
529.588012695 -1 0
530.283996582 -1 -1
530.984008789 -1 0
531.708007812 -1 -1
532.380004883 -1 0
533.140014648 -1 -1
533.789978027 -1 0
534.53302002 -1 -1
535.258972168 -2 -1
536.015014648 -1 -1
536.684997559 -2 -1
537.405029297 -1 -1
538.231018066 -2 -1
538.880004883 -1 -1
539.497009277 -2 -1
540.315979004 -1 -1
540.961975098 -2 -1
541.718994141 -1 -1
542.565002441 -2 -1
543.297973633 -1 -1
544.130004883 -2 -1
544.783996582 -1 -1
545.530029297 -1 0
546.297973633 0 0
547.125976562 1 0
547.901000977 1 -1
548.518981934 0 -1
549.367980957 -1 -1
550.229980469 -1 0
550.880981445 0 0
551.599975586 1 0
552.416992188 1 -1
553.043029785 0 -1
553.901977539 -1 -1
554.526977539 -1 0
555.34197998 0 0
555.960021973 1 0
556.708984375 1 -1
557.510009766 0 -1
558.174987793 -1 -1
558.786987305 -1 0
559.583984375 0 0
560.24597168 0 -1
560.937988281 -1 -1
561.554016113 -2 -1
562.273986816 -1 -1
562.984008789 -1 0
563.815002441 -1 -1
564.565979004 -1 0
565.267028809 -1 -1
566.077026367 -2 -1
566.95300293 -2 0
567.578979492 -2 -1
568.346008301 -2 0
569.062011719 -2 -1
569.960021973 -2 0
570.799987793 -2 1
571.411987305 -2 0
572.232971191 -2 1
572.835998535 -2 0
573.513977051 -2 1
574.166992188 -2 0
574.791015625 -2 1
575.49597168 -3 1
576.323974609 -3 2
577.012023926 -3 1
577.640991211 -3 2
578.374023438 -3 3
579.182983398 -3 4
579.807006836 -4 4
580.580993652 -5 4
581.301025391 -6 4
582.12902832 -5 4
582.784973145 -4 4
583.580993652 -4 3
584.369995117 -4 2
585.231018066 -3 2
585.934020996 -4 2
586.810974121 -4 3
587.710998535 -4 4
588.416015625 -5 4
589.229003906 -4 4
590.03302002 -3 4
590.723022461 -3 3
591.606018066 -3 2
592.323974609 -3 3
592.984985352 -4 3
593.716003418 -4 4
594.395019531 -4 3
595.116027832 -4 4
595.867980957 -5 4
596.468994141 -6 4
597.077026367 -6 5
597.892028809 -6 4
598.593994141 -5 4
599.37701416 -5 3
600.267028809 -4 3
601.0 -3 3
601.62298584 -2 3
602.411010742 -2 2
603.184997559 -2 3
603.937988281 -2 2
604.596008301 -2 1
605.434997559 -3 1
606.051025391 -2 1
606.883972168 -2 0
607.604003906 -2 1
608.367980957 -2 0
609.104980469 -2 1
609.982971191 -1 1
610.62097168 -1 0
611.40802002 -1 -1
612.039978027 -1 0
612.931030273 -1 -1
613.534973145 -1 0
614.184997559 -1 -1
614.872009277 -1 0
615.716003418 -1 -1
616.380981445 -1 0
617.041015625 0 0
617.900024414 0 -1
618.750976562 -1 -1
619.611999512 -1 0
620.502990723 0 0
621.164001465 0 -1
621.778015137 -1 -1
622.601013184 -1 0
623.396972656 -1 -1
624.226989746 -1 0
624.849975586 -1 -1
625.54699707 -2 -1
626.249023438 -2 0
626.869995117 -1 0
627.718994141 -1 -1
628.515991211 -2 -1
629.237976074 -2 0
629.929016113 -1 0
630.655029297 -1 -1
631.29498291 -2 -1
632.130004883 -2 0
632.969970703 -1 0
633.758972168 -1 -1
634.393981934 -1 0
634.997009277 -1 -1
635.796020508 -1 0
636.408996582 -1 -1
637.184020996 -1 0
637.87701416 -1 -1
638.578979492 -1 0
639.356018066 -1 -1
640.062988281 -1 0
640.776000977 -1 -1
641.554016113 -1 0
642.236022949 -1 -1
642.906982422 -1 0
643.530029297 -1 -1
644.255004883 -1 0
645.020019531 -1 -1
645.75 -1 0
646.541992188 -1 -1
647.314025879 -1 0
648.150024414 -1 -1
649.010986328 -1 0
649.791015625 0 0
650.45300293 0 -1
651.083007812 -1 -1
651.869018555 -1 0
652.502990723 0 0
653.280029297 0 -1
654.143981934 -1 -1
654.914978027 -2 -1
655.543029785 -2 0
656.265991211 -1 0
656.929016113 -2 0
657.67401123 -2 1
658.564025879 -1 1
659.223999023 -1 0
659.968017578 -2 0
660.612976074 -2 1
661.440002441 -2 2
662.177001953 -2 1
662.901977539 -1 1
663.791992188 -2 1
664.583984375 -1 1
665.375 -1 0
666.271972656 -2 0
666.947021484 -2 1
667.572998047 -1 1
668.422973633 0 1
669.202026367 0 0
670.085998535 0 -1
670.728027344 -1 -1
671.366027832 -1 0
672.008972168 -2 0
672.854980469 -2 1
673.609985352 -1 1
674.42401123 0 1
675.263977051 0 0
675.903015137 0 -1
676.698974609 -1 -1
677.518981934 -1 0
678.241027832 0 0
679.111999512 1 0
680.000976562 1 -1
680.721008301 0 -1
681.523986816 -1 -1
682.195007324 -1 0
682.859985352 0 0
683.557983398 1 0
684.369995117 1 -1
685.219970703 0 -1
685.836975098 0 -2
686.525024414 0 -1
687.268005371 1 -1
688.119018555 0 -1
688.817993164 1 -1
689.575012207 0 -1
690.309020996 1 -1
691.00402832 0 -1
691.666015625 1 -1
692.372009277 2 -1
693.166992188 2 0
693.861022949 1 0
694.679992676 1 -1
695.5 2 -1
696.119018555 2 0
697.018005371 1 0
697.833007812 1 -1
698.513000488 1 0
699.265014648 1 -1
700.103027344 1 0
700.940002441 1 -1
701.716003418 1 0
702.520996094 1 -1
703.262023926 1 0
704.039978027 1 -1
704.885009766 1 0
705.645996094 1 -1
706.25 1 0
706.901000977 1 -1
707.62298584 1 0
708.390991211 1 -1
709.250976562 1 0
710.096984863 1 -1
710.75 1 0
711.41998291 1 -1
712.163024902 1 0
712.984985352 1 -1
713.75201416 1 0
714.458007812 1 -1
715.190002441 1 0
715.846008301 1 -1
716.463012695 1 0
717.250976562 1 -1
717.96697998 1 0
718.833984375 1 -1
719.651977539 1 0
720.396972656 1 -1
721.234985352 1 0
722.130004883 1 -1
723.028991699 1 0
723.877990723 1 -1
724.523986816 1 0
725.348022461 1 -1
726.117004395 1 0
726.728027344 1 -1
727.534973145 1 0
728.16998291 1 -1
728.830993652 1 0
729.512023926 1 -1
730.271972656 1 0
731.145019531 1 -1
731.799987793 1 0
732.409973145 1 -1
733.184020996 1 0
733.929992676 1 -1
734.749023438 2 -1
735.491027832 2 0
736.283996582 1 0
737.094970703 1 -1
737.835998535 2 -1
738.440002441 2 0
739.114990234 1 0
739.911987305 1 -1
740.78302002 1 0
741.538024902 1 -1
742.268981934 1 0
742.906005859 1 -1
743.568969727 1 0
744.236022949 1 -1
744.92199707 1 0
745.573974609 1 -1
746.249023438 1 0
747.018981934 1 -1
747.729003906 1 0
748.603027344 1 -1
749.335998535 1 0
750.20098877 1 -1
750.874023438 1 0
751.494018555 1 -1
752.219970703 1 0
752.846008301 1 -1
753.541992188 1 0
754.276000977 1 -1
755.057983398 1 0
755.750976562 1 -1
756.546020508 0 -1
757.257995605 1 -1
758.091003418 0 -1
758.874023438 1 -1
759.505981445 0 -1
760.223022461 1 -1
760.924987793 0 -1
761.791015625 1 -1
762.489990234 0 -1
763.309020996 1 -1
764.111022949 0 -1
764.778991699 1 -1
765.674987793 0 -1
766.374023438 0 -2
766.979980469 0 -1
767.62298584 0 -2
768.411010742 0 -1
769.124023438 0 -2
769.903991699 0 -1
770.544006348 0 -2
771.166992188 0 -1
771.997009277 0 -2
772.718017578 0 -1
773.450012207 0 -2
774.200012207 0 -1
774.827026367 0 0
775.642028809 0 -1
776.505981445 0 0
777.306030273 0 -1
777.973999023 0 0
778.862976074 0 -1
779.469970703 0 0
780.24798584 0 -1
781.12902832 0 0
781.864990234 0 -1
782.536010742 0 0
783.340026855 0 -1
784.057006836 0 -2
784.887023926 0 -1
785.616027832 1 -1
786.443969727 1 0
787.296020508 1 -1
787.945983887 1 0
788.760009766 1 -1
789.625976562 1 0
790.356994629 0 0
791.24597168 0 -1
792.00402832 1 -1
792.794006348 1 0
793.487976074 0 0
794.117980957 0 -1
794.789001465 1 -1
795.564025879 2 -1
796.184997559 2 0
796.87701416 1 0
797.679992676 0 0
798.340026855 -1 0
799.218994141 0 0
799.836975098 1 0
800.585021973 0 0
801.432983398 -1 0
802.296020508 0 0
802.958984375 -1 0
803.791992188 0 0
804.543029785 -1 0
805.242980957 -2 0
806.023986816 -2 1
806.895996094 -1 1
807.643981934 -1 0
808.543029785 -2 0
809.223999023 -2 1
809.875976562 -2 2
810.75402832 -2 1
811.606018066 -1 1
812.403015137 -1 0
813.098999023 -2 0
813.901977539 -2 1
814.581970215 -3 1
815.273010254 -2 1
816.09197998 -1 1
816.895019531 -1 0
817.49597168 -2 0
818.335021973 -2 1
819.174987793 -1 1
819.843994141 0 1
820.534973145 0 0
821.210021973 0 -1
821.965026855 1 -1
822.682983398 2 -1
823.473999023 2 0
824.281982422 2 1
824.937011719 1 1
825.687988281 0 1
826.348999023 0 0
827.122009277 0 -1
827.992004395 1 -1
828.607971191 1 0
829.257995605 0 0
829.982971191 0 -1
830.643005371 1 -1
831.398010254 1 0
832.237976074 0 0
833.127990723 0 -1
833.744018555 1 -1
834.518981934 1 0
835.221984863 1 -1
835.992980957 1 0
836.711975098 1 -1
837.354003906 1 0
838.156005859 1 -1
838.893981934 1 0
839.515991211 1 -1
840.351989746 1 0
841.151000977 1 -1
841.895996094 1 0
842.536010742 1 -1
843.153991699 1 0
843.862976074 1 -1
844.567993164 1 0
845.255981445 1 -1
846.036987305 1 0
846.650024414 1 -1
847.541015625 1 0
848.249023438 1 -1
849.012023926 1 0
849.747009277 1 -1
850.476989746 1 0
851.221984863 1 -1
852.041992188 1 0
852.807983398 2 0
853.499023438 2 1
854.103027344 2 2
854.804992676 1 2
855.549987793 2 2
856.293029785 2 3
857.187011719 1 3
857.82800293 2 3
858.525024414 1 3
859.257995605 0 3
859.908996582 -1 3
860.562011719 0 3
861.435974121 -1 3
862.041015625 0 3
862.932983398 -1 3
863.543029785 -1 2
864.403015137 0 2
865.218994141 -1 2
865.924987793 0 2
866.736999512 -1 2
867.482971191 0 2
868.317016602 -1 2
869.054016113 0 2
869.736999512 0 3
870.478027344 0 2
871.202026367 1 2
871.978027344 0 2
872.848022461 0 1
873.684997559 0 0
874.398010254 0 -1
875.184997559 1 -1
875.885986328 1 0
876.601013184 2 0
877.208984375 2 1
877.840026855 1 1
878.494995117 0 1
879.362976074 0 0
879.994018555 0 -1
880.797973633 1 -1
881.468017578 1 0
882.354980469 2 0
882.992980957 2 1
883.844970703 1 1
884.70098877 0 1
885.382995605 0 0
886.262023926 0 -1
886.965026855 1 -1
887.604003906 2 -1
888.491027832 2 0
889.114013672 2 1
889.732971191 1 1
890.5 0 1
891.236022949 0 0
891.854003906 0 -1
892.611022949 0 -2
893.344970703 0 -1
894.159973145 0 -2
894.775024414 0 -1
895.612976074 0 -2
896.468994141 0 -1
897.094970703 0 -2
897.87298584 0 -1
898.760009766 0 -2
899.575012207 0 -1
900.432983398 0 -2
901.062011719 0 -1
901.931030273 0 0
902.588989258 0 -1
903.293029785 0 0
903.960021973 0 -1
904.789001465 0 0
905.551025391 0 -1
906.364990234 0 0
907.028991699 0 -1
907.913024902 0 0
908.74597168 0 -1
909.62701416 0 0
910.231994629 0 -1
910.901977539 -1 -1
911.596008301 -1 0
912.403991699 -1 -1
913.202026367 -1 0
913.882019043 -1 -1
914.523010254 -2 -1
915.12902832 -2 0
915.911010742 -1 0
916.596984863 -2 0
917.400024414 -1 0
918.080993652 -2 0
918.973022461 -1 0
919.807006836 0 0
920.54699707 0 -1
921.413024902 -1 -1
922.148986816 -2 -1
922.874023438 -2 0
923.706970215 -1 0
924.392028809 -1 -1
925.111022949 -2 -1
925.869018555 -2 0
926.75201416 -1 0
927.414001465 -1 -1
928.307983398 -1 0
928.926025391 -1 -1
929.767028809 -1 0
930.58001709 -1 -1
931.403015137 -1 0
932.29498291 -1 -1
933.088012695 -1 0
933.726013184 -1 -1
934.526000977 -1 0
935.341003418 -1 -1
936.078979492 -1 0
936.729980469 -1 -1
937.585998535 -1 0
938.349975586 -1 -1
939.182006836 -1 0
939.961975098 -1 -1
940.713989258 -1 0
941.393005371 -1 -1
942.064025879 -1 0
942.895019531 -1 1
943.541992188 -1 0
944.42401123 -1 1
945.114013672 -1 0
945.916015625 -1 1
946.62902832 -1 0
947.307006836 -1 1
948.117980957 -1 2
948.741027832 0 2
949.361999512 1 2
950.0 0 2
950.66998291 1 2
951.473999023 0 2
952.12701416 1 2
952.788024902 0 2
953.439025879 1 2
954.127990723 0 2
954.776000977 0 3
955.442993164 1 3
956.077026367 0 3
956.817016602 0 2
957.669006348 0 3
958.281005859 0 2
959.013977051 0 1
959.903015137 0 0
960.604980469 0 -1
961.353027344 -1 -1
962.096984863 -1 0
962.760009766 -1 1
963.53302002 -1 2
964.252990723 -1 1
965.010986328 -1 2
965.831970215 0 2
966.596984863 0 1
967.270996094 0 0
967.981018066 0 -1
968.693969727 -1 -1
969.570007324 -2 -1
970.265991211 -2 0
971.005981445 -2 1
971.62902832 -1 1
972.424987793 0 1
973.145996094 0 0
973.770996094 0 -1
974.638000488 -1 -1
975.375 -2 -1
976.109008789 -2 0
976.926025391 -1 0
977.79699707 0 0
978.541992188 1 0
979.414001465 0 0
980.273986816 -1 0
981.059997559 0 0
981.74597168 1 0
982.348999023 0 0
983.179992676 -1 0
983.945007324 0 0
984.650024414 -1 0
985.359008789 0 0
985.994995117 -1 0
986.794006348 0 0
987.583984375 -1 0
988.192993164 -2 0
989.025024414 -1 0
989.786987305 -2 0
990.5 -2 1
991.250976562 -1 1
991.958007812 -1 0
992.588989258 -2 0
993.229980469 -2 1
993.989013672 -1 1
994.760009766 -1 0
995.37701416 -2 0
996.112976074 -2 1
996.835021973 -1 1
997.447998047 0 1
998.106018066 0 0
998.916992188 0 -1
999.742004395 -1 -1
1000.4329834 -2 -1
1001.07598877 -2 0
1001.91101074 -2 1
1002.66998291 -1 1
1003.5579834 0 1
1004.20202637 0 0
1004.80700684 -1 0
1005.59698486 -2 0
1006.32598877 -2 1
1007.2119751 -1 1
1007.86798096 0 1
1008.4710083 -1 1
1009.30999756 0 1
1010.20898438 -1 1
1010.82501221 0 1
1011.44799805 -1 1
1012.33001709 0 1
1013.11401367 -1 1
1013.92700195 0 1
1014.76898193 -1 1
1015.39599609 0 1
1016.04302979 -1 1
1016.69702148 0 1
1017.50598145 -1 1
1018.11401367 0 1
1018.86901855 -1 1
1019.52801514 0 1
1020.30297852 -1 1
1021.10998535 -2 1
1021.92999268 -1 1
1022.74499512 -2 1
1023.37799072 -1 1
1024.14599609 0 1
1024.78796387 -1 1
1025.64404297 0 1
1026.38500977 -1 1
1027.10595703 -1 2
1027.9029541 0 2
1028.51403809 -1 2
1029.11694336 0 2
1029.72705078 0 1
1030.52404785 -1 1
1031.41394043 -1 2
1032.03295898 0 2
1032.78503418 0 1
1033.43395996 -1 1
1034.19604492 0 1
1034.94702148 -1 1
1035.8260498 0 1
1036.70397949 -1 1
1037.39501953 0 1
1038.08398438 -1 1
1038.75097656 0 1
1039.43603516 -1 1
1040.08203125 -1 2
1040.83300781 0 2
1041.62097168 0 1
1042.43505859 0 0
1043.30505371 0 -1
1043.93395996 -1 -1
1044.65600586 -1 0
1045.33496094 -1 1
1045.97497559 -1 0
1046.61694336 -1 1
1047.29003906 -1 0
1047.93200684 -1 1
1048.58300781 -1 0
1049.44604492 -1 1
1050.34594727 -1 0
1050.99304199 -1 1
1051.68994141 -1 0
1052.4329834 -1 1
1053.07897949 -1 0
1053.90600586 -1 1
1054.69604492 -1 0
1055.39697266 -1 1
1056.00805664 -1 2
1056.9029541 0 2
1057.55895996 -1 2
1058.16503906 0 2
1059.06494141 -1 2
1059.87805176 0 2
1060.67602539 1 2
1061.31799316 0 2
1061.98706055 1 2
1062.63793945 0 2
1063.30200195 1 2
1064.13696289 0 2
1064.85705566 1 2
1065.73803711 0 2
1066.33898926 1 2
1067.04003906 2 2
1067.76696777 1 2
1068.42700195 1 1
1069.19799805 0 1
1070.06396484 0 0
1070.90002441 0 -1
1071.60498047 -1 -1
1072.23095703 -1 0
1073.05297852 -1 1
1073.78295898 0 1
1074.59094238 0 0
1075.20703125 0 -1
1076.10595703 0 -2
1076.99902344 0 -1
1077.71105957 1 -1
1078.37902832 1 0
1079.13500977 1 -1
1079.76904297 1 0
1080.46105957 1 -1
1081.2869873 1 0
1081.90100098 1 -1
1082.6340332 1 0
1083.35900879 1 -1
1084.06103516 1 0
1084.88793945 2 0
1085.66601562 2 1
1086.32397461 2 2
1087.20202637 1 2
1087.81396484 1 1
1088.52905273 0 1
1089.14599609 0 0
1089.97595215 0 -1
1090.80395508 1 -1
1091.4239502 1 0
1092.31005859 1 -1
1092.92700195 1 0
1093.80603027 2 0
1094.43200684 2 1
1095.03894043 2 2
1095.7199707 1 2
1096.4050293 1 1
1097.18798828 0 1
1097.85803223 0 0
1098.48303223 0 -1
1099.32397461 1 -1
1099.96704102 1 0
1100.66003418 2 0
1101.37402344 2 1
1101.99694824 2 2
1102.83898926 1 2
1103.58105469 1 1
1104.24304199 0 1
1105.11096191 0 0
1105.86999512 -1 0
1106.75500488 -1 1
1107.51904297 0 1
1108.21594238 -1 1
1108.89904785 -1 2
1109.62805176 0 2
1110.48706055 0 1
1111.15002441 -1 1
1111.9329834 -1 2
1112.61804199 0 2
1113.48400879 -1 2
1114.35400391 0 2
1115.04797363 1 2
1115.7869873 0 2
1116.59802246 1 2
1117.40698242 0 2
1118.17895508 1 2
1119.02600098 0 2
1119.75195312 1 2
1120.52099609 0 2
1121.19104004 0 1
1122.02294922 -1 1
1122.82202148 -1 2
1123.50805664 0 2
1124.37194824 0 1
1125.26000977 -1 1
1125.88500977 -1 2
1126.61804199 0 2
1127.27197266 0 1
1128.17199707 -1 1
1128.92700195 0 1
1129.60095215 -1 1
1130.40405273 0 1
1131.04003906 -1 1
1131.92504883 0 1
1132.67004395 -1 1
1133.40100098 -2 1
1134.27001953 -1 1
1135.00805664 0 1
1135.81005859 -1 1
1136.51196289 0 1
1137.17895508 -1 1
1137.89697266 0 1
1138.70300293 -1 1
1139.46203613 0 1
1140.0760498 -1 1
1140.85595703 0 1
1141.46899414 -1 1
1142.22302246 0 1
1142.94396973 -1 1
1143.59802246 0 1
1144.29394531 -1 1
1145.0880127 0 1
1145.90698242 -1 1
1146.63696289 -2 1
1147.27905273 -1 1
1147.98596191 0 1
1148.72094727 -1 1
1149.52697754 0 1
1150.25805664 0 0
1150.91101074 -1 0
1151.6619873 -2 0
1152.4699707 -1 0
1153.32397461 -2 0
1154.19104004 -1 0
1154.90698242 -1 -1
1155.72900391 -1 0
1156.43701172 -1 -1
1157.1529541 -1 0
1157.77197266 -1 -1
1158.40698242 -1 0
1159.16796875 -1 -1
1159.93798828 -1 0
1160.57897949 -1 -1
1161.41503906 -1 0
1162.31298828 -1 -1
1163.07202148 -1 0
1163.80004883 -1 -1
1164.69799805 -1 0
1165.32299805 -1 -1
1166.09094238 -1 0
1166.76794434 -1 -1
1167.48095703 -1 0
1168.11206055 -1 -1
1168.9909668 -1 0
1169.75598145 -1 -1
1170.54797363 -1 0
1171.37304688 -1 -1
1172.07104492 -1 0
1172.69104004 -1 -1
1173.34301758 -1 0
1174.22094727 -1 -1
1175.05700684 -1 0
1175.92700195 -1 1
1176.55004883 -1 0
1177.28503418 -1 1
1178.01196289 -1 0
1178.85205078 -1 1
1179.7409668 0 1
1180.57104492 -1 1
1181.41003418 0 1
1182.18603516 -1 1
1182.94799805 0 1
1183.58605957 -1 1
1184.41296387 -1 2
1185.1619873 0 2
1185.88098145 0 1
1186.60803223 -1 1
1187.45703125 -1 2
1188.07995605 0 2
1188.89001465 0 1
1189.57202148 -1 1
1190.34399414 -1 2
1191.18505859 0 2
1191.9119873 0 1
1192.69897461 -1 1
1193.3659668 0 1
1194.15002441 -1 1
1194.93505859 0 1
1195.78796387 -1 1
1196.67700195 0 1
1197.5489502 -1 1
1198.34399414 0 1
1199.1739502 -1 1
1199.90405273 0 1
