0.500999987125 1 3
1.16100001335 1 2
1.85500001907 0 2
2.61899995804 -1 2
3.36999988556 -1 1
4.01900005341 -1 0
4.64900016785 -1 -1
5.40100002289 -1 -2
6.29500007629 -1 -3
6.94099998474 -1 -4
7.60500001907 -1 -5
8.45699977875 -1 -5
9.09799957275 -2 -5
9.83699989319 -3 -5
10.6529998779 -2 -5
11.4189996719 -1 -5
12.1000003815 -1 -4
12.8809995651 -1 -3
13.5830001831 -1 -4
14.3509998322 -1 -5
15.1940002441 -1 -4
16.0520000458 -1 -3
16.6660003662 -1 -2
17.4249992371 -1 -1
18.2730007172 0 -1
19.1660003662 1 -1
19.9570007324 2 -1
20.8129997253 3 -1
21.5499992371 3 -2
22.3120002747 3 -3
23.0160007477 3 -2
23.7980003357 3 -1
24.5079994202 2 -1
25.408000946 1 -1
26.0629997253 0 -1
26.7339992523 0 -2
27.341999054 1 -2
28.1410007477 2 -2
28.861000061 3 -2
29.7439994812 4 -2
30.5690002441 4 -2
31.2919998169 3 -2
32.0810012817 2 -2
32.8390007019 2 -3
33.6150016785 2 -2
34.311000824 2 -1
35.0810012817 2 0
35.9249992371 2 -1
36.5480003357 2 0
37.408000946 2 -1
38.2130012512 2 -2
39.0060005188 2 -1
39.7589988708 2 0
40.6230010986 2 -1
41.3689994812 3 -1
42.2109985352 3 0
43.0200004578 4 0
43.9119987488 4 0
44.7779998779 4 -1
45.4420013428 4 0
46.2270011902 3 0
47.0439987183 2 0
47.9010009766 2 -1
48.5379981995 2 -2
49.1980018616 2 -1
49.9560012817 1 -1
50.6380004883 0 -1
51.2789993286 1 -1
51.9739990234 1 -2
52.7540016174 0 -2
53.6199989319 1 -2
54.3079986572 0 -2
55.0880012512 -1 -2
55.8009986877 0 -2
56.5989990234 -1 -2
57.3790016174 -1 -1
58.0229988098 -1 -2
58.6619987488 -1 -3
59.3909988403 -1 -2
60.2610015869 -1 -1
60.8930015564 -1 -2
61.641998291 -1 -1
62.422000885 -1 -2
63.0839996338 -1 -1
63.7659988403 -1 -2
64.4260025024 -1 -1
65.2850036621 -1 -2
65.9140014648 -1 -1
66.6070022583 -2 -1
67.2689971924 -3 -1
67.9649963379 -3 0
68.6139984131 -3 1
69.4599990845 -2 1
70.1380004883 -1 1
70.7910003662 -1 0
71.3939971924 -1 -1
72.1989974976 -2 -1
72.986000061 -1 -1
73.6259994507 -2 -1
74.4430007935 -3 -1
75.0749969482 -2 -1
75.908996582 -2 -2
76.7900009155 -1 -2
77.4929962158 0 -2
78.2910003662 -1 -2
79.1050033569 0 -2
79.7509994507 0 -1
80.4479980469 0 -2
81.0999984741 0 -1
81.8000030518 0 -2
82.6969985962 0 -1
83.5080032349 0 -2
84.3249969482 0 -1
85.1149978638 0 -2
85.8050003052 0 -3
86.4349975586 1 -3
87.0749969482 2 -3
87.7119979858 1 -3
88.3450012207 0 -3
89.1139984131 -1 -3
89.7969970703 -2 -3
90.4479980469 -3 -3
91.3300018311 -4 -3
92.1529998779 -5 -3
92.841003418 -5 -2
93.7119979858 -5 -3
94.6070022583 -5 -2
95.4430007935 -5 -1
96.1129989624 -4 -1
96.8539962769 -3 -1
97.6399993896 -4 -1
98.4960021973 -5 -1
99.0999984741 -4 -1
99.8730010986 -3 -1
100.527000427 -3 -2
101.184997559 -3 -3
101.948997498 -3 -2
102.660003662 -2 -2
103.489997864 -2 -1
104.175003052 -1 -1
105.01499939 -2 -1
105.901000977 -1 -1
106.517997742 -2 -1
107.291000366 -2 0
107.949996948 -2 -1
108.557998657 -2 0
109.253997803 -2 -1
109.880996704 -2 0
110.505996704 -1 0
111.238998413 -1 -1
112.050003052 -1 0
112.682998657 -1 -1
113.369003296 -1 0
114.174003601 -1 -1
114.956001282 -2 -1
115.593002319 -2 0
116.388000488 -1 0
117.193000793 -1 -1
117.907997131 -2 -1
118.549003601 -2 0
119.23500061 -2 -1
120.043998718 -2 0
120.943000793 -2 -1
121.656997681 -2 0
122.480003357 -1 0
123.178001404 -1 -1
123.808998108 -2 -1
124.615997314 -2 0
125.399002075 -1 0
126.071998596 -1 -1
126.711997986 -2 -1
127.480003357 -2 0
128.149993896 -3 0
128.914001465 -2 0
129.587005615 -3 0
130.279006958 -3 1
130.880004883 -3 0
131.563995361 -3 1
132.384994507 -4 1
133.158996582 -3 1
133.884002686 -3 0
134.770996094 -3 1
135.48500061 -3 0
136.363006592 -2 0
137.106994629 -2 -1
137.917007446 -2 0
138.610992432 -1 0
139.488006592 -1 -1
140.182998657 -1 -2
141.080001831 -1 -1
141.902999878 0 -1
142.505004883 0 -2
143.332992554 -1 -2
144.154998779 0 -2
144.837005615 1 -2
145.445007324 0 -2
146.218002319 0 -1
147.110992432 0 -2
147.996002197 1 -2
148.615005493 1 -1
149.350006104 1 -2
149.979995728 1 -1
150.651992798 1 -2
151.309005737 1 -1
151.994003296 1 -2
152.718994141 1 -1
153.595001221 1 -2
154.296005249 1 -1
155.020004272 1 -2
155.714004517 1 -1
156.503005981 1 0
157.29800415 1 -1
157.998001099 1 0
158.664993286 1 -1
159.307998657 1 0
159.988998413 1 -1
160.619003296 1 0
161.322998047 1 -1
162.138000488 1 0
162.964996338 1 -1
163.621994019 1 0
164.490997314 1 -1
165.307998657 1 0
166.195007324 1 -1
167.01499939 1 -2
167.75100708 1 -1
168.585006714 2 -1
169.339996338 1 -1
169.968994141 2 -1
170.856994629 1 -1
171.697998047 2 -1
172.552001953 1 -1
173.352005005 2 -1
174.179992676 1 -1
174.809005737 0 -1
175.660003662 1 -1
176.307006836 0 -1
176.925994873 1 -1
177.638000488 0 -1
178.31199646 1 -1
179.003005981 0 -1
179.641998291 1 -1
180.481002808 2 -1
181.160003662 1 -1
181.99899292 2 -1
182.776992798 1 -1
183.531997681 2 -1
184.276992798 1 -1
184.98399353 1 0
185.656005859 1 -1
186.524002075 1 0
187.143997192 1 -1
187.908996582 1 -2
188.73500061 1 -1
189.514007568 1 -2
190.341003418 1 -1
191.057998657 1 0
191.949005127 1 -1
192.554000854 1 0
193.43800354 1 -1
194.089004517 1 -2
194.796005249 1 -1
195.690002441 1 0
196.29699707 1 -1
197.158996582 1 0
197.912994385 1 -1
198.697998047 0 -1
199.518005371 1 -1
200.268005371 0 -1
201.130004883 1 -1
201.804000854 1 -2
202.539993286 1 -1
203.207992554 1 -2
204.039001465 1 -1
204.850997925 1 0
205.692993164 1 -1
206.481994629 1 0
207.222000122 1 -1
207.824996948 0 -1
208.513000488 1 -1
209.289001465 2 -1
209.89100647 1 -1
210.606994629 2 -1
211.261001587 1 -1
211.929992676 2 -1
212.82699585 1 -1
213.667007446 2 -1
214.332992554 1 -1
215.003997803 1 0
215.848007202 1 -1
216.667007446 0 -1
217.395004272 1 -1
218.044998169 0 -1
218.725006104 1 -1
219.516998291 0 -1
220.25 1 -1
221.136993408 0 -1
221.973007202 1 -1
222.807006836 1 -2
223.669006348 1 -1
224.477005005 1 0
225.10899353 1 -1
225.776000977 1 0
226.432998657 1 -1
227.253997803 1 0
228.024993896 1 -1
228.841003418 1 0
229.68699646 1 -1
230.54800415 1 -2
231.391998291 1 -1
232.259002686 1 -2
232.960006714 1 -1
233.742004395 1 0
234.375 1 -1
235.113998413 1 0
235.899993896 1 -1
236.511001587 1 0
237.177993774 1 -1
238.0 1 0
238.692001343 1 -1
239.449996948 2 -1
240.12399292 2 0
240.800994873 2 -1
241.677993774 2 0
242.412002563 2 -1
243.152999878 3 -1
243.945999146 2 -1
244.688995361 3 -1
245.466003418 3 0
246.089004517 2 0
246.699005127 3 0
247.434005737 2 0
248.147003174 3 0
248.76600647 2 0
249.651992798 1 0
250.470993042 1 -1
251.360992432 2 -1
252.152999878 2 0
252.917999268 1 0
253.817001343 1 -1
254.529006958 0 -1
255.410995483 1 -1
256.058013916 0 -1
256.941009521 1 -1
257.652008057 0 -1
258.514007568 1 -1
259.309997559 0 -1
260.109985352 1 -1
260.829986572 0 -1
261.600006104 0 -2
262.455993652 0 -1
263.196014404 0 -2
264.085998535 0 -1
264.955993652 0 -2
265.589996338 0 -1
266.317993164 0 -2
266.938995361 0 -1
267.631011963 0 -2
268.437988281 0 -1
269.312011719 0 -2
270.20401001 0 -1
270.838012695 0 -2
271.713989258 0 -1
272.476013184 0 -2
273.152008057 0 -1
273.92199707 0 -2
274.588989258 0 -1
275.444000244 0 -2
276.17401123 0 -1
276.95199585 1 -1
277.842987061 0 -1
278.57901001 1 -1
279.378997803 0 -1
280.130004883 1 -1
280.967010498 0 -1
281.617004395 1 -1
282.470001221 0 -1
283.307006836 1 -1
284.058990479 2 -1
284.712005615 2 0
285.402008057 2 -1
286.069000244 2 0
286.937988281 2 -1
287.609008789 2 0
288.407012939 2 -1
289.195007324 2 0
290.041992188 2 1
290.730987549 2 0
291.571990967 2 1
292.415985107 2 0
293.217987061 2 1
293.860992432 2 2
294.721984863 1 2
295.411987305 0 2
296.015991211 1 2
296.630004883 2 2
297.268005371 2 3
298.063995361 2 4
298.786987305 2 5
299.552001953 3 5
300.191009521 3 6
300.95199585 3 6
301.785003662 2 6
302.445007324 1 6
303.058990479 1 5
303.891998291 1 6
304.567993164 2 6
305.186004639 3 6
305.82800293 2 6
306.45199585 2 5
307.242004395 2 4
308.036987305 3 4
308.765991211 4 4
309.455993652 4 5
310.213012695 4 6
310.835998535 4 6
311.527008057 4 6
312.307006836 3 6
312.910003662 2 6
313.778015137 3 6
314.473999023 3 6
315.113006592 3 5
315.802001953 3 4
316.561004639 4 4
317.412994385 4 4
318.119995117 4 3
318.727996826 4 2
319.593994141 4 1
320.24798584 4 2
321.005004883 4 1
321.648010254 4 0
322.257995605 4 -1
323.105010986 4 -1
323.79699707 4 -1
324.398010254 3 -1
325.276000977 3 0
326.157012939 2 0
326.808990479 1 0
327.472991943 0 0
328.141998291 0 -1
329.010986328 1 -1
329.75 2 -1
330.640991211 1 -1
331.399993896 2 -1
332.183990479 1 -1
333.053985596 1 0
333.678009033 1 -1
334.420013428 0 -1
335.213012695 1 -1
336.019012451 0 -1
336.838012695 1 -1
337.57901001 0 -1
338.385986328 1 -1
339.027008057 0 -1
339.914001465 0 -2
340.545013428 0 -1
341.37399292 0 -2
342.057006836 0 -1
342.730987549 0 -2
343.459014893 0 -1
344.220001221 0 -2
345.04800415 0 -1
345.721008301 0 -2
346.593994141 0 -1
347.386993408 1 -1
348.276000977 1 0
348.990997314 1 -1
349.882995605 1 0
350.631011963 1 -1
351.231994629 1 0
352.00100708 1 -1
352.778991699 1 0
353.657012939 1 -1
354.32699585 1 0
355.019012451 1 -1
355.852996826 1 0
356.591003418 1 -1
357.324005127 0 -1
358.121002197 1 -1
358.805999756 0 -1
359.450012207 1 -1
360.069000244 0 -1
360.691009521 1 -1
361.37399292 0 -1
362.006988525 1 -1
362.705993652 0 -1
363.558013916 1 -1
364.287994385 2 -1
365.066009521 1 -1
365.807006836 2 -1
366.455993652 1 -1
367.108001709 2 -1
367.717010498 1 -1
368.54800415 2 -1
369.419006348 1 -1
370.221008301 0 -1
371.091003418 0 -2
371.839996338 0 -1
372.458007812 0 -2
373.236999512 0 -1
373.968994141 0 -2
374.718994141 0 -1
375.510986328 0 -2
376.239013672 0 -1
376.863006592 0 -2
377.62298584 0 -1
378.240997314 0 -2
379.04800415 0 -1
379.734985352 0 -2
380.410003662 0 -1
381.130004883 0 -2
381.82699585 0 -1
382.720001221 -1 -1
383.335998535 0 -1
384.227996826 -1 -1
385.113006592 -1 0
385.973999023 -1 -1
386.871002197 -1 0
387.563995361 -1 -1
388.407989502 -2 -1
389.118988037 -1 -1
389.781005859 -2 -1
390.493988037 -2 0
391.309997559 -1 0
391.985992432 -1 -1
392.734985352 -2 -1
393.367004395 -2 0
394.096008301 -1 0
394.740997314 -1 -1
395.596008301 -2 -1
396.359985352 -2 0
397.101989746 -1 0
397.760009766 -1 -1
398.382995605 -1 0
399.20199585 -1 -1
399.992004395 -1 0
400.709014893 -1 -1
401.584991455 -1 0
402.274993896 -1 -1
403.156005859 -1 0
403.843994141 -1 -1
404.555999756 -1 0
405.174987793 -1 -1
405.842010498 -2 -1
406.493988037 -2 0
407.17098999 -1 0
407.868988037 -1 -1
408.511993408 -2 -1
409.290008545 -2 0
410.054992676 -1 0
410.809997559 -1 -1
411.605987549 -1 0
412.346984863 -1 -1
413.031005859 -1 0
413.854003906 -1 -1
414.727996826 -1 0
415.583007812 -1 -1
416.291992188 -1 0
416.992004395 -1 -1
417.846008301 -2 -1
418.604003906 -2 0
419.242004395 -1 0
420.12399292 -1 -1
420.855987549 -2 -1
421.515991211 -2 0
422.372009277 -1 0
423.216003418 -2 0
423.904998779 -2 1
424.644989014 -2 0
425.292999268 -2 1
425.898986816 -3 1
426.772003174 -2 1
427.657989502 -2 2
428.457000732 -2 1
429.303009033 -2 2
430.054992676 -1 2
430.683990479 0 2
431.557006836 1 2
432.24798584 0 2
432.963012695 -1 2
433.774993896 -2 2
434.450012207 -2 1
435.128997803 -2 2
435.772003174 -1 2
436.410003662 -1 1
437.289001465 -1 0
438.121002197 -1 1
438.816009521 -1 0
439.433013916 -1 1
440.178985596 -1 0
440.917999268 -1 1
441.638000488 -1 0
442.32699585 -1 1
442.95401001 -1 0
443.670013428 0 0
444.42098999 1 0
445.186004639 1 -1
445.910003662 0 -1
446.675994873 -1 -1
447.407989502 -1 0
448.039001465 0 0
448.717987061 1 0
449.515991211 1 -1
450.196014404 0 -1
451.006011963 -1 -1
451.640014648 -1 0
452.333007812 0 0
453.218994141 1 0
453.859008789 1 -1
454.605010986 0 -1
455.489013672 0 0
456.152008057 0 -1
456.803009033 1 -1
457.411010742 0 -1
458.049987793 1 -1
458.696990967 0 -1
459.351989746 1 -1
459.959991455 0 -1
460.645996094 1 -1
461.511993408 0 -1
462.256011963 1 -1
462.895996094 0 -1
463.787994385 1 -1
464.634002686 1 0
465.444000244 1 -1
466.312011719 1 -2
467.148986816 1 -1
467.774993896 1 -2
468.619995117 1 -1
469.468994141 1 0
470.229003906 1 -1
470.851989746 1 0
471.509002686 1 -1
472.347991943 1 0
473.216003418 1 -1
474.037994385 1 0
474.886993408 1 -1
475.618011475 1 0
476.503997803 1 -1
477.157012939 1 0
477.946990967 1 -1
478.717010498 1 0
479.320007324 1 -1
480.088012695 1 0
480.822998047 1 -1
481.618011475 2 -1
482.468994141 2 0
483.192993164 1 0
483.821990967 1 -1
484.562011719 2 -1
485.255004883 2 0
486.12600708 1 0
486.769989014 1 -1
487.493011475 1 0
488.20199585 1 -1
489.04699707 1 0
489.648010254 1 -1
490.266998291 1 0
491.096984863 1 -1
491.855987549 1 0
492.507995605 1 -1
493.384002686 1 0
494.213012695 1 -1
494.955993652 1 0
495.803009033 1 -1
496.532012939 1 0
497.324005127 1 -1
497.988006592 2 -1
498.791992188 2 0
499.654998779 1 0
500.406005859 1 -1
501.152008057 2 -1
501.789001465 2 0
502.669006348 1 0
503.278991699 1 -1
503.989990234 1 0
504.817993164 1 -1
505.455993652 1 0
506.316986084 1 -1
507.178985596 1 0
507.842010498 1 -1
508.707000732 1 0
509.375 1 -1
510.028991699 1 0
510.868011475 1 -1
511.537994385 1 0
512.388977051 1 -1
513.007995605 1 0
513.859008789 1 -1
514.681030273 1 0
515.543029785 1 -1
516.398986816 1 0
517.218017578 1 -1
518.051025391 1 0
518.776000977 1 -1
519.591003418 2 -1
520.403015137 1 -1
521.219970703 2 -1
521.92199707 1 -1
522.531982422 2 -1
523.140014648 1 -1
523.835021973 0 -1
524.687988281 1 -1
525.57800293 0 -1
526.395019531 1 -1
527.281005859 0 -1
528.090026855 0 -2
528.833007812 0 -1
529.588012695 0 -2
530.283996582 0 -1
530.984008789 0 -2
531.708007812 0 -1
532.380004883 0 -2
533.140014648 0 -1
533.789978027 0 -2
534.53302002 0 -1
535.258972168 0 -2
536.015014648 0 -1
536.684997559 0 -2
537.405029297 0 -1
538.231018066 0 -2
538.880004883 0 -1
539.497009277 0 0
540.315979004 0 -1
540.961975098 0 0
541.718994141 0 -1
542.565002441 0 0
543.297973633 0 -1
544.130004883 0 0
544.783996582 0 -1
545.530029297 0 0
546.297973633 0 -1
547.125976562 0 0
547.901000977 0 -1
548.518981934 0 -2
549.367980957 0 -1
550.229980469 -1 -1
550.880981445 0 -1
551.599975586 -1 -1
552.416992188 0 -1
553.043029785 -1 -1
553.901977539 -2 -1
554.526977539 -2 0
555.34197998 -2 1
555.960021973 -1 1
556.708984375 -1 0
557.510009766 -2 0
558.174987793 -2 1
558.786987305 -2 2
559.583984375 -1 2
560.24597168 -2 2
560.937988281 -1 2
561.554016113 0 2
562.273986816 -1 2
562.984008789 0 2
563.815002441 1 2
564.565979004 0 2
565.267028809 1 2
566.077026367 0 2
566.95300293 1 2
567.578979492 0 2
568.346008301 0 1
569.062011719 0 0
569.960021973 0 -1
570.799987793 -1 -1
571.411987305 -2 -1
572.232971191 -2 0
572.835998535 -2 1
573.513977051 -2 2
574.166992188 -1 2
574.791015625 -1 3
575.49597168 0 3
576.323974609 1 3
577.012023926 0 3
577.640991211 -1 3
578.374023438 -1 4
579.182983398 -2 4
579.807006836 -3 4
580.580993652 -2 4
581.301025391 -2 3
582.12902832 -2 2
582.784973145 -2 1
583.580993652 -3 1
584.369995117 -2 1
585.231018066 -2 0
585.934020996 -1 0
586.810974121 -1 -1
587.710998535 0 -1
588.416015625 -1 -1
589.229003906 0 -1
590.03302002 -1 -1
590.723022461 0 -1
591.606018066 -1 -1
592.323974609 0 -1
592.984985352 -1 -1
593.716003418 0 -1
594.395019531 -1 -1
595.116027832 0 -1
595.867980957 -1 -1
596.468994141 -2 -1
597.077026367 -1 -1
597.892028809 -2 -1
598.593994141 -1 -1
599.37701416 0 -1
600.267028809 0 -2
601.0 -1 -2
601.62298584 -1 -1
602.411010742 0 -1
603.184997559 0 -2
603.937988281 0 -1
604.596008301 0 -2
605.434997559 0 -1
606.051025391 0 -2
606.883972168 0 -1
607.604003906 0 -2
608.367980957 0 -1
609.104980469 1 -1
609.982971191 0 -1
610.62097168 1 -1
611.40802002 0 -1
612.039978027 1 -1
612.931030273 0 -1
613.534973145 1 -1
614.184997559 0 -1
614.872009277 1 -1
615.716003418 0 -1
616.380981445 1 -1
617.041015625 0 -1
617.900024414 1 -1
618.750976562 0 -1
619.611999512 1 -1
620.502990723 1 0
621.164001465 1 -1
621.778015137 1 0
622.601013184 1 -1
623.396972656 1 0
624.226989746 1 -1
624.849975586 1 0
625.54699707 1 -1
626.249023438 1 0
626.869995117 1 -1
627.718994141 1 0
628.515991211 1 -1
629.237976074 1 0
629.929016113 1 -1
630.655029297 1 0
631.29498291 1 -1
632.130004883 1 0
632.969970703 1 -1
633.758972168 1 0
634.393981934 1 -1
634.997009277 1 0
635.796020508 1 -1
636.408996582 1 0
637.184020996 1 -1
637.87701416 1 0
638.578979492 1 -1
639.356018066 1 0
640.062988281 1 -1
640.776000977 1 0
641.554016113 1 -1
642.236022949 1 0
642.906982422 1 -1
643.530029297 1 0
644.255004883 1 -1
645.020019531 2 -1
645.75 1 -1
646.541992188 2 -1
647.314025879 1 -1
648.150024414 2 -1
649.010986328 1 -1
649.791015625 0 -1
650.45300293 1 -1
651.083007812 0 -1
651.869018555 1 -1
652.502990723 0 -1
653.280029297 1 -1
654.143981934 0 -1
654.914978027 1 -1
655.543029785 0 -1
656.265991211 1 -1
656.929016113 0 -1
657.67401123 1 -1
658.564025879 0 -1
659.223999023 1 -1
659.968017578 0 -1
660.612976074 1 -1
661.440002441 0 -1
662.177001953 1 -1
662.901977539 0 -1
663.791992188 1 -1
664.583984375 1 0
665.375 1 -1
666.271972656 1 0
666.947021484 1 -1
667.572998047 1 0
668.422973633 1 -1
669.202026367 1 0
670.085998535 1 -1
670.728027344 1 0
671.366027832 1 -1
672.008972168 1 0
672.854980469 1 -1
673.609985352 1 0
674.42401123 1 -1
675.263977051 1 0
675.903015137 1 -1
676.698974609 1 0
677.518981934 1 -1
678.241027832 1 0
679.111999512 1 -1
680.000976562 1 0
680.721008301 1 -1
681.523986816 1 0
682.195007324 1 -1
682.859985352 1 0
683.557983398 1 -1
684.369995117 1 0
685.219970703 1 -1
685.836975098 1 0
686.525024414 1 -1
687.268005371 1 0
688.119018555 1 -1
688.817993164 1 0
689.575012207 1 -1
690.309020996 1 0
691.00402832 1 -1
691.666015625 1 0
692.372009277 1 -1
693.166992188 1 0
693.861022949 1 -1
694.679992676 1 0
695.5 1 -1
696.119018555 1 0
697.018005371 1 -1
697.833007812 1 0
698.513000488 1 -1
699.265014648 0 -1
700.103027344 1 -1
700.940002441 0 -1
701.716003418 1 -1
702.520996094 0 -1
703.262023926 1 -1
704.039978027 0 -1
704.885009766 1 -1
705.645996094 0 -1
706.25 1 -1
706.901000977 0 -1
707.62298584 1 -1
708.390991211 0 -1
709.250976562 1 -1
710.096984863 2 -1
710.75 1 -1
711.41998291 1 0
712.163024902 1 -1
712.984985352 1 0
713.75201416 1 -1
714.458007812 1 0
715.190002441 1 -1
715.846008301 1 0
716.463012695 1 -1
717.250976562 1 0
717.96697998 1 -1
718.833984375 1 0
719.651977539 1 -1
720.396972656 1 0
721.234985352 1 -1
722.130004883 1 0
723.028991699 1 -1
723.877990723 1 0
724.523986816 1 -1
725.348022461 1 0
726.117004395 1 -1
726.728027344 1 0
727.534973145 1 -1
728.16998291 1 0
728.830993652 1 -1
729.512023926 1 0
730.271972656 1 -1
731.145019531 0 -1
731.799987793 1 -1
732.409973145 0 -1
733.184020996 1 -1
733.929992676 0 -1
734.749023438 1 -1
735.491027832 0 -1
736.283996582 0 -2
737.094970703 0 -1
737.835998535 0 -2
738.440002441 0 -1
739.114990234 0 -2
739.911987305 0 -1
740.78302002 0 -2
741.538024902 0 -1
742.268981934 0 0
742.906005859 0 -1
743.568969727 0 0
744.236022949 0 -1
744.92199707 0 0
745.573974609 0 -1
746.249023438 0 0
747.018981934 0 -1
747.729003906 0 0
748.603027344 0 -1
749.335998535 0 0
750.20098877 0 -1
750.874023438 0 -2
751.494018555 0 -1
752.219970703 0 -2
752.846008301 0 -1
753.541992188 0 -2
754.276000977 0 -1
755.057983398 0 -2
755.750976562 0 -1
756.546020508 1 -1
757.257995605 1 0
758.091003418 1 -1
758.874023438 1 0
759.505981445 1 -1
760.223022461 1 0
760.924987793 0 0
761.791015625 0 -1
762.489990234 1 -1
763.309020996 0 -1
764.111022949 1 -1
764.778991699 0 -1
765.674987793 1 -1
766.374023438 0 -1
766.979980469 1 -1
767.62298584 0 -1
768.411010742 1 -1
769.124023438 2 -1
769.903991699 1 -1
770.544006348 2 -1
771.166992188 1 -1
771.997009277 2 -1
772.718017578 1 -1
773.450012207 0 -1
774.200012207 1 -1
774.827026367 0 -1
775.642028809 1 -1
776.505981445 0 -1
777.306030273 1 -1
777.973999023 0 -1
778.862976074 1 -1
779.469970703 0 -1
780.24798584 0 0
781.12902832 1 0
781.864990234 0 0
782.536010742 -1 0
783.340026855 -1 -1
784.057006836 -1 0
784.887023926 -1 -1
785.616027832 -1 0
786.443969727 -1 -1
787.296020508 -1 0
787.945983887 -1 -1
788.760009766 -1 0
789.625976562 -1 -1
790.356994629 -1 0
791.24597168 -1 -1
792.00402832 -1 0
792.794006348 -1 -1
793.487976074 -1 0
794.117980957 -1 -1
794.789001465 -1 0
795.564025879 -1 -1
796.184997559 -1 0
796.87701416 -1 -1
797.679992676 -1 0
798.340026855 -1 -1
799.218994141 -1 0
799.836975098 -1 -1
800.585021973 -1 0
801.432983398 -1 -1
802.296020508 -1 0
802.958984375 0 0
803.791992188 1 0
804.543029785 0 0
805.242980957 -1 0
806.023986816 0 0
806.895996094 1 0
807.643981934 0 0
808.543029785 -1 0
809.223999023 0 0
809.875976562 1 0
810.75402832 0 0
811.606018066 -1 0
812.403015137 0 0
813.098999023 1 0
813.901977539 0 0
814.581970215 -1 0
815.273010254 0 0
816.09197998 1 0
816.895019531 0 0
817.49597168 -1 0
818.335021973 0 0
819.174987793 -1 0
819.843994141 -2 0
820.534973145 -2 1
821.210021973 -2 0
821.965026855 -2 1
822.682983398 -2 2
823.473999023 -2 1
824.281982422 -2 2
824.937011719 -2 1
825.687988281 -2 2
826.348999023 -2 1
827.122009277 -2 0
827.992004395 -2 1
828.607971191 -2 0
829.257995605 -2 1
829.982971191 -2 0
830.643005371 -2 1
831.398010254 -2 0
832.237976074 -3 0
833.127990723 -3 1
833.744018555 -3 0
834.518981934 -2 0
835.221984863 -3 0
835.992980957 -2 0
836.711975098 -3 0
837.354003906 -2 0
838.156005859 -1 0
838.893981934 -1 -1
839.515991211 -1 0
840.351989746 -1 -1
841.151000977 -1 0
841.895996094 -1 -1
842.536010742 -1 0
843.153991699 -1 -1
843.862976074 -1 0
844.567993164 -1 -1
845.255981445 -1 0
846.036987305 -1 -1
846.650024414 -1 0
847.541015625 -1 -1
848.249023438 -1 0
849.012023926 -1 -1
849.747009277 -1 0
850.476989746 -1 -1
851.221984863 -1 0
852.041992188 -1 -1
852.807983398 -1 0
853.499023438 -1 -1
854.103027344 -1 0
854.804992676 -1 -1
855.549987793 -1 0
856.293029785 -1 -1
857.187011719 -1 0
857.82800293 -1 -1
858.525024414 -1 0
859.257995605 0 0
859.908996582 -1 0
860.562011719 0 0
861.435974121 -1 0
862.041015625 0 0
862.932983398 -1 0
863.543029785 0 0
864.403015137 -1 0
865.218994141 -2 0
865.924987793 -1 0
866.736999512 -2 0
867.482971191 -2 1
868.317016602 -2 0
869.054016113 -2 1
869.736999512 -1 1
870.478027344 -2 1
871.202026367 -1 1
871.978027344 -1 0
872.848022461 -1 1
873.684997559 -1 0
874.398010254 -1 1
875.184997559 -2 1
875.885986328 -1 1
876.601013184 0 1
877.208984375 -1 1
877.840026855 0 1
878.494995117 -1 1
879.362976074 0 1
879.994018555 0 0
880.797973633 0 -1
881.468017578 0 0
882.354980469 0 1
882.992980957 0 0
883.844970703 0 -1
884.70098877 0 0
885.382995605 0 1
886.262023926 0 0
886.965026855 0 -1
887.604003906 0 0
888.491027832 0 1
889.114013672 0 0
889.732971191 0 -1
890.5 0 0
891.236022949 0 1
891.854003906 0 0
892.611022949 0 -1
893.344970703 0 0
894.159973145 0 1
894.775024414 0 0
895.612976074 0 -1
896.468994141 0 0
897.094970703 -1 0
897.87298584 -1 1
898.760009766 0 1
899.575012207 -1 1
900.432983398 0 1
901.062011719 -1 1
901.931030273 -1 2
902.588989258 0 2
903.293029785 -1 2
903.960021973 0 2
904.789001465 -1 2
905.551025391 0 2
906.364990234 1 2
907.028991699 0 2
907.913024902 1 2
908.74597168 2 2
909.62701416 1 2
910.231994629 1 3
910.901977539 2 3
911.596008301 1 3
912.403991699 0 3
913.202026367 0 4
913.882019043 -1 4
914.523010254 0 4
915.12902832 1 4
915.911010742 0 4
916.596984863 1 4
917.400024414 0 4
918.080993652 0 3
918.973022461 0 4
919.807006836 0 3
920.54699707 0 2
921.413024902 0 1
922.148986816 0 0
922.874023438 0 -1
923.706970215 0 0
924.392028809 -1 0
925.111022949 -1 1
925.869018555 0 1
926.75201416 0 0
927.414001465 0 -1
928.307983398 0 0
928.926025391 -1 0
929.767028809 -1 1
930.58001709 0 1
931.403015137 0 0
932.29498291 0 -1
933.088012695 -1 -1
933.726013184 -1 0
934.526000977 -1 1
935.341003418 0 1
936.078979492 0 0
936.729980469 0 -1
937.585998535 -1 -1
938.349975586 -1 0
939.182006836 -1 1
939.961975098 0 1
940.713989258 0 0
941.393005371 0 -1
942.064025879 -1 -1
942.895019531 -1 0
943.541992188 -2 0
944.42401123 -2 1
945.114013672 -1 1
945.916015625 0 1
946.62902832 0 0
947.307006836 0 -1
948.117980957 -1 -1
948.741027832 -2 -1
949.361999512 -2 0
950.0 -1 0
950.66998291 -2 0
951.473999023 -1 0
952.12701416 0 0
952.788024902 -1 0
953.439025879 0 0
954.127990723 -1 0
954.776000977 0 0
955.442993164 -1 0
956.077026367 -2 0
956.817016602 -1 0
957.669006348 -2 0
958.281005859 -2 1
959.013977051 -1 1
959.903015137 0 1
960.604980469 -1 1
961.353027344 -1 2
962.096984863 -1 1
962.760009766 -1 2
963.53302002 0 2
964.252990723 0 1
965.010986328 -1 1
965.831970215 -2 1
966.596984863 -1 1
967.270996094 0 1
967.981018066 -1 1
968.693969727 0 1
969.570007324 -1 1
970.265991211 0 1
971.005981445 -1 1
971.62902832 0 1
972.424987793 -1 1
973.145996094 0 1
973.770996094 -1 1
974.638000488 0 1
975.375 -1 1
976.109008789 -2 1
976.926025391 -1 1
977.79699707 0 1
978.541992188 0 0
979.414001465 0 -1
980.273986816 -1 -1
981.059997559 -1 0
981.74597168 -1 1
982.348999023 0 1
983.179992676 0 0
983.945007324 0 -1
984.650024414 -1 -1
985.359008789 -1 0
985.994995117 -1 1
986.794006348 -1 2
987.583984375 -1 1
988.192993164 -1 2
989.025024414 -1 1
989.786987305 0 1
990.5 0 0
991.250976562 0 -1
991.958007812 -1 -1
992.588989258 -2 -1
993.229980469 -2 0
993.989013672 -1 0
994.760009766 0 0
995.37701416 0 -1
996.112976074 -1 -1
996.835021973 -1 0
997.447998047 -1 1
998.106018066 -1 0
998.916992188 -1 1
999.742004395 -1 0
1000.4329834 -1 1
1001.07598877 -1 0
1001.91101074 -1 1
1002.66998291 -1 0
1003.5579834 -1 1
1004.20202637 -1 0
1004.80700684 -1 1
1005.59698486 -1 0
1006.32598877 -1 1
1007.2119751 -1 0
1007.86798096 -1 1
1008.4710083 -1 0
1009.30999756 -1 1
1010.20898438 -1 2
1010.82501221 -1 1
1011.44799805 -2 1
1012.33001709 -1 1
1013.11401367 0 1
1013.92700195 -1 1
1014.76898193 0 1
1015.39599609 -1 1
1016.04302979 0 1
1016.69702148 -1 1
1017.50598145 0 1
1018.11401367 -1 1
1018.86901855 -2 1
1019.52801514 -1 1
1020.30297852 0 1
1021.10998535 -1 1
1021.92999268 0 1
1022.74499512 -1 1
1023.37799072 0 1
1024.14599609 -1 1
1024.78796387 0 1
1025.64404297 -1 1
1026.38500977 0 1
1027.10595703 -1 1
1027.9029541 0 1
1028.51403809 -1 1
1029.11694336 -1 0
1029.72705078 -1 1
1030.52404785 -1 0
1031.41394043 -1 1
1032.03295898 -1 0
1032.78503418 -1 1
1033.43395996 -1 0
1034.19604492 -1 1
1034.94702148 -1 0
1035.8260498 -1 1
1036.70397949 -1 0
1037.39501953 -1 1
1038.08398438 -1 2
1038.75097656 -1 1
1039.43603516 -1 2
1040.08203125 -1 1
1040.83300781 -1 0
1041.62097168 -1 1
1042.43505859 -1 0
1043.30505371 -1 -1
1043.93395996 -1 -2
1044.65600586 -1 -1
1045.33496094 -1 -2
1045.97497559 -1 -1
1046.61694336 -1 -2
1047.29003906 -1 -1
1047.93200684 -1 0
1048.58300781 -1 1
1049.44604492 -1 0
1050.34594727 -1 1
1050.99304199 -1 0
1051.68994141 -1 1
1052.4329834 -2 1
1053.07897949 -1 1
1053.90600586 -2 1
1054.69604492 -1 1
1055.39697266 0 1
1056.00805664 -1 1
1056.9029541 0 1
1057.55895996 -1 1
1058.16503906 0 1
1059.06494141 -1 1
1059.87805176 0 1
1060.67602539 -1 1
1061.31799316 0 1
1061.98706055 -1 1
1062.63793945 0 1
1063.30200195 -1 1
1064.13696289 0 1
1064.85705566 -1 1
1065.73803711 0 1
1066.33898926 -1 1
1067.04003906 0 1
1067.76696777 -1 1
1068.42700195 0 1
1069.19799805 -1 1
1070.06396484 0 1
1070.90002441 -1 1
1071.60498047 0 1
1072.23095703 -1 1
1073.05297852 -1 2
1073.78295898 0 2
1074.59094238 0 1
1075.20703125 0 0
1076.10595703 0 -1
1076.99902344 0 -2
1077.71105957 0 -1
1078.37902832 1 -1
1079.13500977 0 -1
1079.76904297 1 -1
1080.46105957 0 -1
1081.2869873 1 -1
1081.90100098 0 -1
1082.6340332 1 -1
1083.35900879 0 -1
1084.06103516 1 -1
1084.88793945 0 -1
1085.66601562 1 -1
1086.32397461 0 -1
1087.20202637 1 -1
1087.81396484 0 -1
1088.52905273 1 -1
1089.14599609 2 -1
1089.97595215 1 -1
1090.80395508 2 -1
1091.4239502 2 0
1092.31005859 1 0
1092.92700195 1 -1
1093.80603027 2 -1
1094.43200684 2 0
1095.03894043 1 0
1095.7199707 1 -1
1096.4050293 1 0
1097.18798828 1 -1
1097.85803223 1 0
1098.48303223 1 -1
1099.32397461 1 0
1099.96704102 1 -1
1100.66003418 1 0
1101.37402344 1 -1
1101.99694824 1 0
1102.83898926 1 -1
1103.58105469 1 0
1104.24304199 1 -1
1105.11096191 1 0
1105.86999512 1 -1
1106.75500488 1 0
1107.51904297 1 -1
1108.21594238 1 0
1108.89904785 1 -1
1109.62805176 1 0
1110.48706055 1 -1
1111.15002441 1 0
1111.9329834 1 -1
1112.61804199 1 0
1113.48400879 1 -1
1114.35400391 1 0
1115.04797363 1 -1
1115.7869873 1 0
1116.59802246 1 -1
1117.40698242 1 0
1118.17895508 1 -1
1119.02600098 1 0
1119.75195312 1 -1
1120.52099609 1 0
1121.19104004 1 -1
1122.02294922 1 0
1122.82202148 1 -1
1123.50805664 1 0
1124.37194824 2 0
1125.26000977 2 1
1125.88500977 1 1
1126.61804199 0 1
1127.27197266 0 0
1128.17199707 0 -1
1128.92700195 0 0
1129.60095215 0 -1
1130.40405273 0 0
1131.04003906 0 -1
1131.92504883 0 0
1132.67004395 0 -1
1133.40100098 0 0
1134.27001953 0 -1
1135.00805664 0 0
1135.81005859 0 -1
1136.51196289 0 0
1137.17895508 0 -1
1137.89697266 -1 -1
1138.70300293 -1 0
1139.46203613 -1 1
1140.0760498 -1 0
1140.85595703 -1 1
1141.46899414 -1 0
1142.22302246 -1 1
1142.94396973 -1 0
1143.59802246 -1 1
1144.29394531 -1 2
1145.0880127 -1 1
1145.90698242 -1 0
1146.63696289 -1 1
1147.27905273 -1 0
1147.98596191 -1 1
1148.72094727 -1 0
1149.52697754 -1 1
1150.25805664 -1 0
1150.91101074 -1 1
1151.6619873 -1 0
1152.4699707 -1 1
1153.32397461 -1 0
1154.19104004 -1 1
1154.90698242 -2 1
1155.72900391 -1 1
1156.43701172 0 1
1157.1529541 -1 1
1157.77197266 0 1
1158.40698242 -1 1
1159.16796875 0 1
1159.93798828 -1 1
1160.57897949 0 1
1161.41503906 -1 1
1162.31298828 0 1
1163.07202148 -1 1
1163.80004883 0 1
1164.69799805 -1 1
1165.32299805 0 1
1166.09094238 -1 1
1166.76794434 0 1
1167.48095703 -1 1
1168.11206055 0 1
1168.9909668 -1 1
1169.75598145 0 1
1170.54797363 -1 1
1171.37304688 0 1
1172.07104492 -1 1
1172.69104004 0 1
1173.34301758 -1 1
1174.22094727 0 1
1175.05700684 -1 1
1175.92700195 0 1
1176.55004883 -1 1
1177.28503418 -1 2
1178.01196289 0 2
1178.85205078 0 1
1179.7409668 0 0
1180.57104492 0 -1
1181.41003418 -1 -1
1182.18603516 -1 0
1182.94799805 -1 1
1183.58605957 -1 0
1184.41296387 -1 1
1185.1619873 -1 0
1185.88098145 -1 1
1186.60803223 -1 0
1187.45703125 -1 1
1188.07995605 -1 0
1188.89001465 -1 1
1189.57202148 -1 0
1190.34399414 -1 1
1191.18505859 -1 0
1191.9119873 -2 0
1192.69897461 -1 0
1193.3659668 -2 0
1194.15002441 -1 0
1194.93505859 -2 0
1195.78796387 -1 0
1196.67700195 -2 0
1197.5489502 -1 0
1198.34399414 0 0
1199.1739502 -1 0
1199.90405273 0 0
