0.500999987125 -2 -3
1.1740000248 -3 -3
r
1.86500000954 -2 -2
2.66700005531 -3 -2
3.51600003242 -3 -2
4.24700021744 -2 -2
5.11600017548 -1 -2
5.94000005722 0 -2
6.72900009155 -1 -2
7.52500009537 -2 -2
8.32199954987 -3 -2
9.19999980927 -3 -2
9.89799976349 -3 -2
10.7399997711 -2 -2
11.4379997253 -3 -2
12.1339998245 -3 -2
12.7840003967 -3 -2
13.4359998703 -2 -2
14.279999733 -3 -2
15.029999733 -3 -2
15.6949996948 -2 -2
16.3250007629 -3 -2
17.0219993591 -2 -2
17.8320007324 -3 -2
18.4759998322 -3 -1
19.1539993286 -3 0
19.9930000305 -3 1
20.5979995728 -3 0
21.2089996338 -3 -1
22.0820007324 -3 -2
22.8020000458 -3 -3
r
23.6480007172 2 -2
24.3619995117 1 -2
25.1849994659 0 -2
25.9969997406 -1 -2
26.7059993744 -1 -3
27.4179992676 -1 -3
28.2089996338 -2 -3
28.9239997864 -3 -3
r
29.5690002441 -2 2
30.3449993134 -3 2
31.0699996948 -3 2
31.7220001221 -3 2
32.3370018005 -3 1
33.2369995117 -3 1
34.0900001526 -3 1
34.7599983215 -3 1
35.4410018921 -3 0
36.1759986877 -3 0
36.9350013733 -3 0
37.7760009766 -3 -1
38.4459991455 -3 -1
39.2249984741 -3 -2
39.8800010681 -3 -2
40.6790008545 -3 -3
r
41.3160018921 2 2
42.0709991455 1 2
42.8199996948 2 2
43.6360015869 3 2
44.3650016785 3 2
45.0190010071 3 3
r
45.7290000916 -2 -2
46.5279998779 -2 -3
47.4210014343 -2 -3
48.0890007019 -2 -3
48.8650016785 -2 -3
49.6129989624 -3 -3
r
50.2480010986 2 -2
51.0190010071 1 -2
51.6259994507 0 -2
52.3699989319 -1 -2
53.1259994507 -2 -2
53.8870010376 -3 -2
54.6189994812 -3 -2
55.2270011902 -3 -2
56.03099823 -3 -2
56.8129997253 -3 -2
57.5390014648 -3 -3
r
58.3269996643 -2 2
59.111000061 -2 1
59.9770011902 -2 0
60.7569999695 -2 -1
61.4259986877 -2 -2
62.1640014648 -2 -3
63.0369987488 -3 -3
r
63.7529983521 2 2
64.6460037231 2 3
65.4309997559 2 3
66.2030029297 2 3
66.9359970093 2 3
67.6979980469 2 3
68.5559997559 2 3
69.2730026245 2 3
70.158996582 2 3
70.766998291 2 3
71.466003418 2 3
72.2799987793 2 3
72.9449996948 2 3
73.7210006714 2 3
74.5360031128 2 3
75.3799972534 2 3
76.1230010986 2 3
76.9840011597 2 3
77.8590011597 2 3
78.5640029907 2 3
79.1689987183 3 3
r
79.9449996948 -2 -2
80.6770019531 -3 -2
81.3099975586 -3 -2
82.0039978027 -3 -2
82.75 -3 -2
83.4800033569 -3 -3
r
84.2070007324 2 -2
85.0979995728 1 -2
85.7919998169 0 -2
86.5800018311 -1 -2
87.263999939 -2 -2
87.9530029297 -2 -3
88.6610031128 -3 -3
r
89.4929962158 -2 2
90.28099823 -2 1
91.1569976807 -2 0
91.9440002441 -2 -1
92.5759963989 -2 -2
93.1819992065 -3 -2
93.9599990845 -3 -3
r
94.7239990234 2 2
95.3639984131 3 2
96.0869979858 3 2
96.7959976196 3 3
r
97.6829986572 -2 -2
98.4869995117 -2 -3
99.2259979248 -2 -3
100.028999329 -2 -3
100.841003418 -2 -3
101.554000854 -3 -3
r
102.336997986 2 -2
103.085998535 2 -1
103.777000427 2 0
104.675003052 2 1
105.468002319 2 2
106.218002319 2 3
107.038002014 2 3
107.891998291 2 3
108.638000488 2 3
109.403999329 2 3
110.152000427 2 3
110.833000183 2 3
111.611000061 2 3
112.240997314 2 3
113.125999451 2 3
113.883003235 2 3
114.525001526 2 3
115.380996704 2 3
116.23400116 3 3
r
117.100997925 -2 2
117.751998901 -2 1
118.42099762 -2 0
119.040000916 -2 -1
119.814002991 -2 -2
120.59400177 -2 -3
121.249000549 -3 -3
r
122.004997253 2 2
122.614997864 3 2
123.21900177 3 2
124.043998718 3 3
r
124.736000061 -2 -2
125.550003052 -3 -2
126.166999817 -3 -2
126.904998779 -3 -3
r
127.54699707 2 -2
128.402999878 2 -1
129.076004028 2 0
129.929992676 2 1
130.667999268 2 2
131.524993896 2 3
132.126998901 2 3
132.975997925 2 3
133.712997437 2 3
134.582992554 2 3
135.425003052 2 3
136.126998901 3 3
r
136.942993164 -2 2
137.56199646 -2 1
138.255004883 -2 0
139.031005859 -2 -1
139.688995361 -2 -2
140.524993896 -2 -3
141.294006348 -3 -3
r
142.089996338 2 2
142.85899353 3 2
143.682998657 3 3
r
144.410003662 -2 -2
145.190994263 -3 -2
145.882995605 -3 -2
146.574996948 -3 -3
r
147.332000732 2 -2
147.983001709 1 -2
148.606994629 0 -2
149.369995117 -1 -2
150.057998657 -2 -2
150.703994751 -2 -3
151.397994995 -3 -3
r
152.134994507 -2 2
152.988998413 -2 1
153.613006592 -2 0
154.350006104 -2 -1
155.080993652 -2 -2
155.882995605 -2 -3
156.583999634 -3 -3
r
157.31199646 2 2
157.95199585 2 3
158.699996948 2 3
159.585998535 2 3
160.356994629 2 3
160.960006714 3 3
r
161.826004028 -2 -2
162.557006836 -3 -2
163.339996338 -3 -2
164.070007324 -3 -3
r
164.863998413 2 -2
165.638000488 1 -2
166.483001709 0 -2
167.339996338 -1 -2
168.018005371 -2 -2
168.904998779 -2 -3
169.763000488 -3 -3
r
170.602996826 -2 2
171.285003662 -1 2
172.154998779 0 2
172.972000122 1 2
173.746002197 2 2
174.569000244 3 2
175.220001221 3 3
r
175.899002075 2 2
176.647003174 2 3
177.397994995 2 3
178.0 3 3
r
178.882995605 -2 -2
179.755004883 -3 -2
180.494995117 -3 -3
r
181.220993042 2 -2
182.024993896 1 -2
182.649993896 0 -2
183.440994263 -1 -2
184.20300293 -2 -2
184.98500061 -2 -3
185.828994751 -3 -3
r
186.509002686 -2 2
187.259994507 -1 2
187.884994507 0 2
188.772994995 1 2
189.660003662 2 2
190.264007568 3 2
190.936004639 3 3
r
191.753997803 2 2
192.466995239 2 3
193.320999146 3 3
r
194.18800354 -2 -2
194.815994263 -3 -2
195.630004883 -3 -3
r
196.473007202 2 -2
197.272994995 1 -2
197.929000854 0 -2
198.783996582 -1 -2
199.494995117 -2 -2
200.352996826 -2 -3
201.093002319 -3 -3
r
201.960006714 -2 2
202.847000122 -1 2
203.619003296 0 2
204.37600708 1 2
205.100006104 2 2
205.76499939 3 2
206.468002319 3 3
r
207.360992432 2 2
208.166000366 2 3
209.033004761 3 3
r
209.854995728 -2 -2
210.583999634 -3 -2
211.425994873 -3 -3
r
212.240005493 2 -2
213.136993408 1 -2
213.945999146 0 -2
214.766998291 -1 -2
215.606994629 -2 -2
216.220001221 -2 -3
216.972000122 -3 -3
r
217.817001343 -2 2
218.494995117 -1 2
219.154006958 0 2
219.990997314 1 2
220.774002075 2 2
221.466003418 3 2
222.287994385 3 2
222.930999756 3 3
r
223.692993164 2 2
224.317001343 3 2
225.184005737 3 3
r
225.940994263 -2 -2
226.54800415 -3 -2
227.302993774 -3 -3
r
228.11000061 2 -2
228.809997559 1 -2
229.593994141 0 -2
230.468002319 -1 -2
231.194000244 -2 -2
231.81300354 -2 -3
232.662002563 -3 -3
r
233.488998413 -2 2
234.231002808 -1 2
234.904006958 0 2
235.630996704 1 2
236.272003174 2 2
237.080993652 2 3
237.716995239 3 3
r
238.550003052 2 2
239.29800415 3 2
240.072998047 3 3
r
240.873001099 -2 -2
241.636001587 -3 -2
242.520004272 -3 -3
r
243.363006592 2 -2
244.130004883 1 -2
244.875 0 -2
245.546005249 -1 -2
246.18800354 -2 -2
247.001998901 -2 -3
247.87600708 -3 -3
r
248.628005981 -2 2
249.455993652 -1 2
250.210006714 0 2
250.886993408 1 2
251.628005981 2 2
252.477005005 2 3
253.160003662 3 3
r
253.906005859 2 2
254.570999146 2 3
255.192001343 3 3
r
256.010009766 -2 -2
256.787994385 -3 -2
257.651000977 -3 -3
r
258.545013428 2 -2
259.205993652 1 -2
259.92401123 0 -2
260.686004639 -1 -2
261.406005859 -2 -2
262.019989014 -2 -3
262.783996582 -3 -3
r
263.511993408 -2 2
264.411987305 -1 2
265.074005127 0 2
265.92300415 1 2
266.529998779 2 2
267.25100708 3 2
267.955993652 3 3
r
268.640991211 2 2
269.256988525 2 3
270.035003662 3 3
r
270.906005859 -2 -2
271.569000244 -2 -3
272.29699707 -3 -3
r
273.040008545 2 -2
273.738006592 2 -1
274.489990234 2 0
275.098999023 2 1
275.835998535 3 1
276.596984863 3 2
277.292999268 3 3
r
277.929992676 -2 2
278.575012207 -1 2
279.437988281 0 2
280.212005615 1 2
280.888000488 2 2
281.609985352 3 2
282.290985107 3 3
r
283.031005859 2 2
283.688995361 3 2
284.355987549 3 3
r
284.979003906 -2 -2
285.740997314 -2 -3
286.355010986 -3 -3
r
286.984008789 2 -2
287.628997803 2 -1
288.49899292 2 0
289.354003906 2 1
290.239990234 2 2
291.12298584 2 3
291.813995361 3 3
r
292.471984863 -2 2
293.315002441 -1 2
293.925994873 0 2
294.528015137 1 2
295.160003662 2 2
296.019989014 3 2
296.756988525 3 3
r
297.582000732 2 2
298.268005371 3 2
299.165008545 3 3
r
299.808990479 -2 -2
300.410003662 -3 -2
301.276000977 -3 -3
r
302.170013428 2 -2
302.946990967 2 -1
303.714996338 2 0
304.518005371 2 1
305.25201416 2 2
305.872009277 3 2
306.520996094 3 3
r
307.397003174 -2 2
308.164001465 -1 2
308.854003906 0 2
309.722991943 1 2
310.477996826 2 2
311.213989258 3 2
311.890991211 3 3
r
312.739013672 2 2
313.381988525 2 3
314.175994873 3 3
r
314.980010986 -2 -2
315.684997559 -2 -3
316.505004883 -3 -3
r
317.154998779 2 -2
317.907989502 2 -1
318.710998535 2 0
319.463012695 2 1
320.075012207 2 2
320.919006348 3 2
321.743988037 3 3
r
322.621002197 -2 2
323.227996826 -1 2
324.083007812 0 2
324.70300293 1 2
325.388000488 2 2
326.108001709 3 2
327.002990723 3 3
r
327.82598877 2 2
328.572998047 3 2
329.216003418 3 3
r
330.052001953 -2 -2
330.765014648 -2 -3
331.485992432 -3 -3
r
332.285003662 2 -2
332.95098877 2 -1
333.62701416 2 0
334.388000488 2 1
335.234985352 2 2
335.838989258 3 2
336.635986328 3 3
r
337.343994141 -2 2
337.95401001 -1 2
338.697998047 0 2
339.351989746 1 2
340.041992188 2 2
340.835998535 3 2
341.695007324 3 3
r
342.319000244 2 2
343.12399292 3 2
343.759002686 3 3
r
344.602996826 -2 -2
345.217010498 -2 -3
345.872009277 -3 -3
r
346.730010986 2 -2
347.384002686 2 -1
348.265014648 2 0
348.893005371 2 1
349.50100708 2 2
350.204986572 3 2
350.908996582 3 3
r
351.697998047 -2 2
352.588989258 -1 2
353.302001953 0 2
353.959014893 1 2
354.783996582 2 2
355.536987305 3 2
356.433013916 3 3
r
357.289001465 2 2
358.019989014 3 2
358.839996338 3 3
r
359.694000244 -2 -2
360.542999268 -2 -3
361.227996826 -3 -3
r
361.958007812 2 -2
362.591003418 2 -1
363.240997314 2 0
363.903015137 2 1
364.511993408 2 2
365.12701416 3 2
365.890014648 3 3
r
366.635986328 -2 2
367.291992188 -1 2
368.096984863 0 2
368.752990723 1 2
369.37399292 2 2
370.045013428 3 2
370.895996094 3 3
r
371.634002686 2 2
372.485992432 3 2
373.32598877 3 3
r
374.087005615 -2 -2
374.799987793 -2 -3
375.667999268 -3 -3
r
376.303985596 2 -2
377.183990479 2 -1
378.071990967 2 0
378.760009766 2 1
379.621002197 2 2
380.462005615 3 2
381.338989258 3 3
r
382.093994141 -2 2
382.808013916 -1 2
383.596008301 0 2
384.432006836 1 2
385.312011719 2 2
386.093994141 3 2
386.897003174 3 3
r
387.561004639 2 2
388.417999268 3 2
389.114990234 3 3
r
390.009002686 -2 -2
390.619995117 -2 -3
391.367004395 -3 -3
r
392.130004883 2 -2
392.742004395 2 -1
393.407012939 2 0
394.255004883 2 1
394.95401001 2 2
395.635009766 3 2
396.433990479 3 3
r
397.273010254 -2 2
398.101989746 -1 2
398.885009766 0 2
399.690002441 1 2
400.425994873 2 2
401.052001953 3 2
401.768005371 3 3
r
402.559997559 2 2
403.350006104 3 2
404.151000977 3 3
r
404.946990967 -2 -2
405.62600708 -2 -3
406.415985107 -3 -3
r
407.239013672 2 -2
407.946014404 2 -1
408.815002441 2 0
409.608001709 2 1
410.399993896 2 2
411.118988037 3 2
412.00100708 3 3
r
412.718994141 -2 2
413.457000732 -1 2
414.152008057 0 2
414.945007324 1 2
415.595001221 2 2
416.238006592 3 2
417.049987793 3 3
r
417.772003174 2 2
418.559997559 3 2
419.166992188 3 3
r
419.930999756 -2 -2
420.763000488 -2 -3
421.428009033 -3 -3
r
422.058013916 2 -2
422.865997314 2 -1
423.542999268 2 0
424.337005615 2 1
425.080993652 2 2
425.79901123 3 2
426.509002686 3 3
r
427.401000977 -2 2
428.17300415 -1 2
428.841003418 0 2
429.475006104 1 2
430.083007812 2 2
430.975006104 3 2
431.631011963 3 3
r
432.399993896 2 2
433.138000488 3 2
433.773010254 3 3
r
434.552001953 -2 -2
435.182006836 -2 -3
435.962005615 -3 -3
r
436.631988525 2 -2
437.386993408 2 -1
438.066009521 2 0
438.761993408 2 1
439.459014893 2 2
440.29901123 3 2
440.975006104 3 3
r
441.742004395 -2 2
442.458007812 -1 2
443.194000244 0 2
443.938995361 1 2
444.790008545 2 2
445.509002686 3 2
446.148986816 3 3
r
446.984008789 2 2
447.881011963 3 2
448.502990723 3 3
r
449.259002686 -2 -2
449.946990967 -2 -3
450.739990234 -3 -3
r
451.592010498 2 -2
452.230987549 2 -1
452.914001465 2 0
453.640991211 2 1
454.243988037 3 1
455.028991699 3 2
455.821990967 3 3
r
456.644989014 -2 2
457.403991699 -1 2
458.29901123 0 2
458.973999023 1 2
459.589996338 2 2
460.334991455 3 2
460.968994141 3 3
r
461.736999512 2 2
462.566009521 3 2
463.401000977 3 3
r
464.007995605 -2 -2
464.816986084 -2 -3
465.660003662 -3 -3
r
466.393005371 2 -2
467.240997314 2 -1
467.980987549 2 0
468.763000488 2 1
469.42401123 2 2
470.285003662 3 2
471.013000488 3 3
r
471.75201416 -2 2
472.390991211 -1 2
473.187988281 0 2
473.981994629 1 2
474.859985352 2 2
475.583007812 3 2
476.278991699 3 3
r
477.015991211 2 2
477.722991943 3 2
478.458007812 3 3
r
479.355010986 -2 -2
479.977996826 -2 -3
480.591003418 -3 -3
r
481.467987061 2 -2
482.110992432 2 -1
482.915985107 2 0
483.667999268 2 1
484.428985596 3 1
485.105987549 3 2
485.756988525 3 3
r
486.434997559 -2 2
487.273010254 -1 2
487.95199585 0 2
488.735992432 1 2
489.384002686 2 2
490.032012939 3 2
490.688995361 3 3
r
491.334991455 2 2
492.145996094 3 2
492.984008789 3 3
r
493.605010986 -2 -2
494.472991943 -2 -3
495.07901001 -3 -3
r
495.967987061 2 -2
496.768005371 2 -1
497.393005371 2 0
498.023986816 2 1
498.70098877 3 1
499.545013428 3 2
500.411010742 3 3
r
501.240997314 -2 2
502.049987793 -1 2
502.712005615 0 2
503.54598999 1 2
504.209014893 2 2
505.052001953 3 2
505.742004395 3 3
r
506.519012451 2 2
507.289001465 3 2
508.158996582 3 3
r
508.911987305 -2 -2
509.559997559 -2 -3
510.368988037 -3 -3
r
511.169006348 2 -2
511.888000488 2 -1
512.655029297 2 0
513.456970215 2 1
514.268981934 3 1
515.041015625 3 2
515.861022949 3 3
r
516.685974121 -2 2
517.348022461 -1 2
517.95501709 0 2
518.770019531 1 2
519.482971191 2 2
520.309020996 3 2
521.00402832 3 3
r
521.679016113 2 2
522.510009766 3 2
523.400024414 3 3
r
524.185974121 -2 -2
524.84197998 -2 -3
525.692016602 -3 -3
r
526.385986328 2 -2
527.20098877 2 -1
528.036010742 2 0
528.867980957 2 1
529.565979004 3 1
530.265991211 3 2
531.010009766 3 3
r
531.778015137 -2 2
532.432983398 -1 2
533.297973633 0 2
534.114013672 1 2
534.866027832 2 2
535.614013672 3 2
536.327026367 3 3
r
537.146972656 2 2
537.945007324 3 2
538.83001709 3 3
r
539.62298584 -2 -2
540.351989746 -2 -3
541.051025391 -3 -3
r
541.809997559 2 -2
542.489013672 2 -1
543.331970215 2 0
543.940002441 2 1
544.719970703 3 1
545.452026367 3 2
546.239990234 3 3
r
546.95300293 -2 2
547.734008789 -1 2
548.619018555 0 2
549.357971191 1 2
549.974975586 2 2
550.770996094 3 2
551.590026855 3 3
r
552.380981445 2 2
553.145996094 3 2
553.937988281 3 3
r
554.54699707 -2 -2
555.409973145 -2 -3
556.223022461 -3 -3
r
556.916015625 2 -2
557.557006836 2 -1
558.195007324 2 0
558.903991699 2 1
559.526977539 3 1
560.284973145 3 2
560.958984375 3 3
r
561.83001709 -2 2
562.492980957 -1 2
563.103027344 0 2
563.708984375 1 2
564.525024414 2 2
565.252990723 3 2
566.140014648 3 3
r
566.820983887 2 2
567.57598877 3 2
568.429992676 3 3
r
569.133972168 -2 -2
569.911010742 -2 -3
570.526977539 -3 -3
r
571.364013672 2 -2
572.161010742 2 -1
572.966003418 2 0
573.747009277 2 1
574.572998047 3 1
575.385986328 3 2
575.994995117 3 3
r
576.750976562 -2 2
577.53302002 -1 2
578.310974121 0 2
578.974975586 1 2
579.732971191 2 2
580.614990234 3 2
581.304016113 3 3
r
582.187988281 2 2
582.820983887 3 2
583.478027344 3 3
r
584.122009277 -2 -2
584.895019531 -2 -3
585.523986816 -3 -3
r
586.20098877 2 -2
587.090026855 2 -1
587.866027832 2 0
588.728027344 2 1
589.603027344 3 1
590.362976074 3 2
591.088012695 3 3
r
591.981018066 -2 2
592.775024414 -1 2
593.521972656 0 2
594.348022461 1 2
595.140991211 2 2
595.757995605 3 2
596.635009766 3 3
r
597.317016602 2 2
598.184020996 3 2
598.914978027 3 3
r
599.541992188 -2 -2
600.351989746 -2 -3
601.232971191 -3 -3
r
602.034973145 2 -2
602.755981445 2 -1
603.359985352 2 0
604.096008301 2 1
604.744018555 3 1
605.484008789 3 2
606.229980469 3 3
r
607.109008789 -2 2
607.718017578 -1 2
608.408996582 0 2
609.104003906 1 2
609.880004883 2 2
610.648986816 3 2
611.271972656 3 3
r
612.039001465 2 2
612.846008301 3 2
613.570983887 3 3
r
614.343017578 -2 -2
614.971008301 -2 -3
615.836975098 -3 -3
r
616.664978027 2 -2
617.37902832 2 -1
618.143005371 2 0
618.752990723 2 1
619.484008789 3 1
620.151977539 3 2
621.04901123 3 3
r
621.775024414 -2 2
622.583984375 -1 2
623.260986328 0 2
624.033996582 1 2
624.844970703 2 2
625.458984375 3 2
626.067016602 3 3
r
626.765991211 2 2
627.594970703 3 2
628.322998047 3 3
r
629.182006836 -2 -2
629.932983398 -2 -3
630.768981934 -3 -3
r
631.645996094 2 -2
632.523010254 2 -1
633.171020508 2 0
633.861999512 2 1
634.70501709 3 1
635.471984863 3 2
636.356994629 3 3
r
637.101989746 -2 2
637.708007812 -1 2
638.591003418 0 2
639.255981445 1 2
639.888000488 2 2
640.677978516 3 2
641.50402832 3 3
r
642.116027832 2 2
642.921020508 3 2
643.614990234 3 3
r
644.37097168 -2 -2
644.976989746 -2 -3
645.836975098 -3 -3
r
646.538024902 2 -2
647.372009277 2 -1
648.017028809 2 0
648.914001465 2 1
649.539001465 3 1
650.280029297 3 2
650.999023438 3 3
r
651.815002441 -2 2
652.642028809 -1 2
653.270996094 0 2
653.914978027 1 2
654.546020508 2 2
655.242004395 3 2
655.872009277 3 3
r
656.510986328 2 2
657.409973145 3 2
658.197998047 3 3
r
658.940979004 -2 -2
659.810974121 -2 -3
660.632995605 -3 -3
r
661.239990234 2 -2
661.892028809 2 -1
662.664001465 2 0
663.309997559 2 1
664.122009277 3 1
665.018005371 3 2
665.624023438 3 3
r
666.361022949 -2 2
667.111999512 -1 2
667.916992188 0 2
668.622009277 1 2
669.346008301 2 2
670.192016602 3 2
671.054992676 3 3
r
671.695983887 2 2
672.322998047 3 2
673.213989258 3 3
r
674.023010254 -2 -2
674.789978027 -2 -3
675.679992676 -3 -3
r
676.327026367 2 -2
677.143005371 2 -1
677.79699707 2 0
678.603027344 2 1
679.20501709 3 1
680.007995605 3 2
680.630981445 3 3
r
681.437988281 -2 2
682.218994141 -1 2
682.935974121 0 2
683.664978027 1 2
684.29498291 2 2
685.109985352 3 2
685.739013672 3 3
r
686.598022461 2 2
687.411010742 3 2
688.304992676 3 3
r
689.132019043 -2 -2
689.831970215 -2 -3
690.62902832 -3 -3
r
691.413024902 2 -2
692.080993652 2 -1
692.791992188 2 0
693.494995117 2 1
694.221008301 3 1
694.869018555 3 2
695.58001709 3 3
r
696.346984863 -2 2
697.127990723 -1 2
697.84197998 0 2
698.57598877 1 2
699.229980469 2 2
699.924987793 3 2
700.530029297 3 3
r
701.257019043 2 2
702.130981445 3 2
702.898986816 3 3
r
703.515991211 -2 -2
704.234985352 -2 -3
704.948974609 -3 -3
r
705.710021973 2 -2
706.369995117 2 -1
707.106018066 2 0
707.888977051 2 1
708.609985352 3 1
709.429016113 3 2
710.031005859 3 3
r
710.757019043 -2 2
711.603027344 -1 2
712.492004395 0 2
713.226013184 1 2
713.927978516 2 2
714.719970703 3 2
715.385009766 3 3
r
716.205993652 2 2
717.067993164 3 2
717.84197998 3 3
r
718.619018555 -2 -2
719.494018555 -2 -3
720.260009766 -3 -3
r
721.091003418 2 -2
721.965026855 2 -1
722.687011719 2 0
723.58001709 2 1
724.344970703 3 1
724.956970215 3 2
725.692016602 3 3
r
726.34197998 -2 2
726.968994141 -1 2
727.655029297 0 2
728.265014648 1 2
728.872009277 2 2
729.750976562 3 2
730.424987793 3 3
r
731.041015625 2 2
731.705993652 3 2
732.515991211 3 3
r
733.237976074 -2 -2
734.044006348 -2 -3
734.914978027 -3 -3
r
735.523986816 2 -2
736.390991211 2 -1
737.07800293 2 0
737.942016602 2 1
738.778991699 3 1
739.528991699 3 2
740.275024414 3 3
r
740.947998047 -2 2
741.713989258 -1 2
742.533996582 0 2
743.283996582 1 2
744.031982422 2 2
744.79498291 3 2
745.596984863 3 3
r
746.244995117 2 2
746.856994629 3 2
747.75 3 3
r
748.622009277 -2 -2
749.392028809 -2 -3
750.143005371 -3 -3
r
750.801025391 2 -2
751.508972168 2 -1
752.320983887 2 0
753.138977051 2 1
753.961975098 3 1
754.765014648 3 2
755.664001465 3 3
r
756.414001465 -2 2
757.030029297 -1 2
757.681030273 0 2
758.322998047 1 2
758.929016113 2 2
759.578979492 3 2
760.362976074 3 3
r
761.062011719 2 2
761.888000488 3 2
762.668029785 3 3
r
763.306030273 -2 -2
764.023986816 -2 -3
764.637023926 -3 -3
r
765.315979004 2 -2
765.979980469 2 -1
766.616027832 2 0
767.479003906 3 0
768.361999512 3 1
769.117980957 3 2
769.937011719 3 3
r
770.70098877 -2 2
771.593017578 -1 2
772.291992188 0 2
773.187988281 1 2
773.965026855 2 2
774.619018555 3 2
775.461975098 3 3
r
776.179016113 2 2
776.844970703 3 2
777.565979004 3 3
r
778.17401123 -2 -2
778.922973633 -2 -3
779.726989746 -3 -3
r
780.484985352 2 -2
781.202026367 2 -1
781.869995117 2 0
782.594970703 3 0
783.221008301 3 1
784.025024414 3 2
784.896972656 3 3
r
785.682006836 -2 2
786.364990234 -1 2
786.982971191 0 2
787.75402832 1 2
788.599975586 2 2
789.333007812 3 2
790.067016602 3 3
r
790.95501709 2 2
791.687988281 3 2
792.541015625 3 3
r
793.307983398 -2 -2
794.093994141 -2 -3
794.934020996 -3 -3
r
795.788024902 2 -2
796.512023926 2 -1
797.20300293 2 0
798.070983887 3 0
798.831970215 3 1
799.586975098 3 2
800.20501709 3 3
r
800.973022461 -2 2
801.583984375 -1 2
802.211975098 0 2
802.880981445 1 2
803.734985352 2 2
804.588012695 3 2
805.385986328 3 3
r
806.195983887 2 2
806.880004883 3 2
807.713989258 3 3
r
808.320007324 -2 -2
809.15802002 -2 -3
809.937988281 -3 -3
r
810.619995117 2 -2
811.25402832 2 -1
811.956970215 2 0
812.822998047 3 0
813.723022461 3 1
814.510009766 3 2
815.263977051 3 3
r
816.018981934 -2 2
816.655029297 -1 2
817.299987793 0 2
817.969970703 1 2
818.609985352 2 2
819.443969727 3 2
820.25201416 3 3
r
820.911010742 2 2
821.539001465 3 2
822.335998535 3 3
r
823.171020508 -2 -2
823.973022461 -2 -3
824.603027344 -3 -3
r
825.500976562 2 -2
826.106018066 2 -1
826.888977051 2 0
827.627990723 3 0
828.42199707 3 1
829.301025391 3 2
830.132995605 3 3
r
830.846008301 -2 2
831.575012207 -1 2
832.20300293 0 2
832.817993164 1 2
833.674987793 2 2
834.322998047 3 2
834.968994141 3 3
r
835.677978516 2 2
836.409973145 3 2
837.20501709 3 3
r
838.086975098 -2 -2
838.981994629 -2 -3
839.770996094 -3 -3
r
840.393981934 2 -2
841.04699707 2 -1
841.809020996 2 0
842.427001953 3 0
843.03302002 3 1
843.760009766 3 2
844.469970703 3 3
r
845.304992676 -2 2
846.145996094 -1 2
846.940979004 0 2
847.661987305 1 2
848.473999023 2 2
849.247009277 3 2
850.04498291 3 3
r
850.734008789 2 2
851.364013672 3 2
851.979980469 3 3
r
852.844970703 -2 -2
853.718017578 -2 -3
854.413024902 -3 -3
r
855.224975586 2 -2
855.924987793 2 -1
856.549987793 2 0
857.267028809 3 0
858.07598877 3 1
858.840026855 3 2
859.723999023 3 3
r
860.585998535 -2 2
861.42401123 -1 2
862.041992188 0 2
862.91998291 1 2
863.638977051 2 2
864.263977051 3 2
865.026000977 3 3
r
865.62902832 2 2
866.429992676 3 2
867.125976562 3 3
r
867.763000488 -2 -2
868.591003418 -2 -3
869.304016113 -3 -3
r
870.00402832 2 -2
870.747009277 2 -1
871.385009766 2 0
872.04699707 3 0
872.666015625 3 1
873.320007324 3 2
874.208007812 3 3
r
874.940002441 -2 2
875.666992188 -1 2
876.439025879 0 2
877.304016113 1 2
877.929016113 2 2
878.637023926 3 2
879.473999023 3 3
r
880.369018555 2 2
880.994995117 3 2
881.653991699 3 3
r
882.510009766 -2 -2
883.323974609 -2 -3
884.036987305 -3 -3
r
884.828979492 2 -2
885.685974121 2 -1
886.32800293 2 0
887.114990234 3 0
887.866027832 3 1
888.742004395 3 2
889.577026367 3 3
r
890.262023926 -2 2
891.04901123 -1 2
891.755981445 0 2
892.359985352 1 2
893.054992676 2 2
893.70098877 3 2
894.528991699 3 3
r
895.174987793 2 2
895.806030273 3 2
896.685974121 3 3
r
897.557983398 -2 -2
898.250976562 -2 -3
899.00402832 -3 -3
r
899.723999023 2 -2
900.419006348 3 -2
901.033996582 3 -1
901.87701416 3 0
902.481018066 3 1
903.096984863 3 2
903.731018066 3 3
r
904.343017578 -2 2
904.973999023 -1 2
905.804992676 0 2
906.530029297 1 2
907.359008789 2 2
908.130981445 3 2
908.846984863 3 3
r
909.687988281 2 2
910.492004395 3 2
911.340026855 3 3
r
912.177001953 -2 -2
912.802001953 -2 -3
913.505981445 -3 -3
r
914.405029297 2 -2
915.239990234 3 -2
915.887023926 3 -1
916.630981445 3 0
917.369018555 3 1
918.028991699 3 2
918.695007324 3 3
r
919.458984375 -2 2
920.176025391 -1 2
920.903991699 0 2
921.607971191 1 2
922.262023926 2 2
922.916992188 3 2
923.760009766 3 3
r
924.637023926 2 2
925.474975586 3 2
926.143981934 3 3
r
926.87097168 -2 -2
927.744018555 -2 -3
928.369995117 -3 -3
r
929.226013184 2 -2
929.924987793 3 -2
930.54901123 3 -1
931.320007324 3 0
932.159973145 3 1
932.794006348 3 2
933.656982422 3 3
r
934.293029785 -2 2
934.922973633 -1 2
935.723999023 0 2
936.596008301 1 2
937.372009277 2 2
938.221984863 3 2
938.953979492 3 3
r
939.724975586 2 2
940.586975098 3 2
941.395019531 3 3
r
942.00402832 -2 -2
942.822021484 -2 -3
943.583984375 -3 -3
r
944.215026855 2 -2
945.099975586 3 -2
945.96697998 3 -1
946.838012695 3 0
947.458007812 3 1
948.216003418 3 2
949.103027344 3 3
r
949.937988281 -2 2
950.789001465 -1 2
951.481994629 0 2
952.380981445 1 2
953.17199707 2 2
954.057983398 3 2
954.763977051 3 3
r
955.468017578 2 2
956.182983398 3 2
956.843017578 3 3
r
957.559020996 -2 -2
958.37701416 -2 -3
959.143005371 -3 -3
r
959.911010742 2 -2
960.70501709 3 -2
961.583007812 3 -1
962.304016113 3 0
962.986999512 3 1
963.67199707 3 2
964.33001709 3 3
r
965.098022461 -2 2
965.929016113 -1 2
966.70098877 0 2
967.362976074 1 2
968.083984375 2 2
968.74597168 3 2
969.617980957 3 3
r
970.320983887 2 2
971.135009766 3 2
971.802001953 3 3
r
972.505004883 -2 -2
973.28302002 -2 -3
974.03302002 -3 -3
r
974.773986816 2 -2
975.650024414 3 -2
976.396972656 3 -1
977.206970215 3 0
977.906982422 3 1
978.54699707 3 2
979.172973633 3 3
r
979.901977539 -2 2
980.645019531 -1 2
981.297973633 0 2
981.911010742 1 2
982.734985352 2 2
983.505981445 3 2
984.140014648 3 3
r
984.945983887 2 2
985.702026367 3 2
986.57800293 3 3
r
987.473022461 -2 -2
988.362976074 -2 -3
989.215026855 -3 -3
r
989.976989746 2 -2
990.601013184 3 -2
991.226013184 3 -1
991.969970703 3 0
992.736999512 3 1
993.573974609 3 2
994.385009766 3 3
r
995.125 -2 2
995.945007324 -1 2
996.674987793 0 2
997.447021484 1 2
998.166992188 2 2
998.888977051 3 2
999.531982422 3 3
r
1000.30603027 2 2
1000.97399902 3 2
1001.85900879 3 3
r
1002.57800293 -2 -2
1003.25598145 -2 -3
1003.98101807 -3 -3
r
1004.73602295 2 -2
1005.34802246 3 -2
1006.23297119 3 -1
1006.8369751 3 0
1007.6619873 3 1
1008.5 3 2
1009.40002441 3 3
r
1010.26898193 -2 2
1011.08898926 -1 2
1011.97802734 0 2
1012.74102783 1 2
1013.54602051 2 2
1014.30102539 3 2
1015.14001465 3 3
r
1015.93103027 2 2
1016.56298828 3 2
1017.23101807 3 3
r
1017.91497803 -2 -2
1018.76397705 -2 -3
1019.46398926 -3 -3
r
1020.32501221 2 -2
1021.04101562 3 -2
1021.7800293 3 -1
1022.59399414 3 0
1023.38000488 3 1
1024.20495605 3 2
1024.91796875 3 3
r
1025.70495605 -2 2
1026.48803711 -1 2
1027.23205566 0 2
1027.84094238 1 2
1028.62194824 2 2
1029.22595215 3 2
1029.93200684 3 3
r
1030.66003418 2 2
1031.50402832 3 2
1032.22497559 3 3
r
1033.12402344 -2 -2
1033.91796875 -2 -3
1034.77294922 -3 -3
r
1035.45300293 2 -2
1036.25805664 3 -2
1036.93200684 3 -1
1037.6529541 3 0
1038.50305176 3 1
1039.18603516 3 2
1039.85998535 3 3
r
1040.70397949 -2 2
1041.38098145 -1 2
1042.15405273 0 2
1043.04602051 1 2
1043.80700684 2 2
1044.59301758 3 2
1045.37402344 3 3
r
1046.11694336 2 2
1046.93200684 3 2
1047.5579834 3 3
r
1048.39196777 -2 -2
1049.28198242 -2 -3
1050.06005859 -3 -3
r
1050.68701172 2 -2
1051.52600098 3 -2
1052.1619873 3 -2
1052.81201172 3 -1
1053.52099609 3 0
1054.35900879 3 1
1055.23706055 3 2
1056.02905273 3 3
r
1056.67700195 -2 2
1057.31494141 -1 2
1057.99804688 0 2
1058.74499512 1 2
1059.36694336 2 2
1060.02099609 3 2
1060.7010498 3 3
r
1061.48095703 2 2
1062.22497559 3 2
1063.11303711 3 3
r
1063.97900391 -2 -2
1064.82104492 -2 -3
1065.62194824 -3 -3
r
1066.22497559 2 -2
1066.98095703 3 -2
1067.68701172 3 -1
1068.4329834 3 0
1069.31103516 3 1
1070.06201172 3 2
1070.73596191 3 3
r
1071.44396973 -2 2
1072.11096191 -1 2
1072.93798828 0 2
1073.59094238 1 2
1074.32800293 2 2
1075.08496094 3 2
1075.81298828 3 3
r
1076.64099121 2 2
1077.47094727 3 2
1078.08996582 3 3
r
1078.77502441 -2 -2
1079.41101074 -2 -3
1080.2779541 -3 -3
r
1081.00805664 2 -2
1081.78601074 3 -2
1082.48596191 3 -1
1083.20898438 3 0
1084.07104492 3 1
1084.70800781 3 2
1085.4050293 3 3
r
1086.23400879 -2 2
1087.13195801 -1 2
1087.98400879 0 2
1088.7800293 1 2
1089.59094238 2 2
1090.45996094 3 2
1091.06896973 3 3
r
1091.77697754 2 2
1092.52697754 3 2
1093.28405762 3 3
r
1094.00805664 -2 -2
1094.75500488 -2 -3
1095.47094727 -3 -3
r
1096.34899902 2 -2
1096.9630127 3 -2
1097.57800293 3 -1
1098.38195801 3 0
1099.14404297 3 1
1100.00695801 3 2
1100.71704102 3 3
r
1101.50402832 -2 2
1102.36303711 -1 2
1103.21594238 0 2
1103.93200684 1 2
1104.79003906 2 2
1105.40100098 3 2
1106.23400879 3 3
r
1106.90405273 2 2
1107.55505371 3 2
1108.32897949 3 3
r
1109.03601074 -2 -2
1109.79296875 -2 -3
1110.40100098 -3 -3
r
1111.09094238 2 -2
1111.90197754 3 -2
1112.58105469 3 -1
1113.27502441 3 0
1114.06494141 3 1
1114.81201172 3 2
1115.68603516 3 3
r
1116.44104004 -2 2
1117.04797363 -1 2
1117.82995605 0 2
1118.72802734 1 2
1119.49304199 2 2
1120.32104492 3 2
1121.18103027 3 3
r
1121.80895996 2 2
1122.55102539 3 2
1123.34399414 3 3
r
1124.10595703 -2 -2
1124.81896973 -2 -3
1125.4630127 -3 -3
r
1126.10205078 2 -2
1126.96105957 3 -2
1127.77404785 3 -1
1128.41894531 3 0
1129.06799316 3 1
1129.7130127 3 2
1130.46496582 3 3
r
1131.08605957 -2 2
1131.93395996 -1 2
1132.68200684 0 2
1133.49597168 1 2
1134.28295898 2 2
1135.15197754 3 2
1135.93603516 3 3
r
1136.5670166 2 2
1137.44995117 3 2
1138.06799316 3 3
r
1138.91894531 -2 -2
1139.78894043 -2 -3
1140.61206055 -3 -3
r
1141.47900391 2 -2
1142.32397461 3 -2
1143.20898438 3 -2
1143.81298828 3 -1
1144.4239502 3 0
1145.0369873 3 1
1145.69604492 3 2
1146.41101074 3 3
r
1147.30395508 -2 2
1148.19995117 -1 2
1149.07897949 0 2
1149.75305176 1 2
1150.50305176 2 2
1151.14794922 3 2
1151.85302734 3 3
r
1152.53894043 2 2
1153.34399414 3 2
1153.97595215 3 3
r
1154.68005371 -2 -2
1155.30700684 -2 -3
1156.02001953 -3 -3
r
1156.69494629 2 -2
1157.56896973 3 -2
1158.20703125 3 -1
1158.9510498 3 0
1159.77001953 3 1
1160.56005859 3 2
1161.31005859 3 3
r
1161.92602539 -2 2
1162.74194336 -1 2
1163.56201172 0 2
1164.3170166 1 2
1164.93994141 2 2
1165.58203125 3 2
1166.39501953 3 3
r
1167.06994629 2 2
1167.7220459 3 2
1168.48303223 3 3
r
1169.17504883 -2 -2
1169.81494141 -2 -3
1170.6340332 -3 -3
r
1171.50695801 2 -2
1172.25805664 3 -2
1173.05297852 3 -1
1173.66894531 3 0
1174.55505371 3 1
1175.35998535 3 2
1176.01293945 3 3
r
1176.8659668 -2 2
1177.55004883 -1 2
1178.28894043 0 2
1178.93994141 1 2
1179.5489502 2 2
1180.44396973 3 2
1181.29199219 3 3
r
1182.13598633 2 2
1182.80603027 3 2
1183.69897461 3 3
r
1184.31494141 -2 -2
1185.10302734 -2 -3
1185.81604004 -3 -3
r
1186.57104492 2 -2
1187.34899902 3 -2
1188.05200195 3 -1
1188.91796875 3 0
1189.62402344 3 1
1190.39599609 3 2
1191.26293945 3 3
r
1192.04394531 -2 2
1192.65100098 -1 2
1193.4699707 0 2
1194.13793945 1 2
1194.76794434 2 2
1195.65600586 3 2
1196.48095703 3 3
r
1197.16503906 2 2
1197.8470459 3 2
1198.47705078 3 3
r
1199.24499512 -2 -2
1199.92004395 -2 -3
1200.60803223 -3 -3
r
1201.49902344 2 -2
1202.39599609 3 -2
1203.03601074 3 -1
1203.83203125 3 0
1204.54797363 3 1
1205.22705078 3 2
1205.93994141 3 3
r
1206.81005859 -2 2
1207.41796875 -1 2
1208.08996582 0 2
1208.74597168 1 2
1209.58605957 2 2
1210.36901855 3 2
1211.24499512 3 3
r
1211.89794922 2 2
1212.53405762 3 2
1213.26904297 3 3
r
1214.10803223 -2 -2
1214.93505859 -2 -3
1215.82104492 -3 -3
r
1216.63598633 2 -2
1217.44897461 3 -2
1218.28601074 3 -1
1219.02404785 3 0
1219.89001465 3 1
1220.66296387 3 2
1221.5279541 3 3
r
1222.21594238 -2 2
1222.93395996 -1 2
1223.81799316 0 2
1224.67700195 1 2
1225.37597656 2 2
1226.2220459 3 2
1227.01196289 3 3
r
1227.87805176 2 2
1228.61999512 3 2
1229.35803223 3 3
r
1230.20898438 -2 -2
1231.07800293 -2 -3
1231.70996094 -3 -3
r
1232.47094727 2 -2
1233.35900879 3 -2
1233.96496582 3 -1
1234.69494629 3 0
1235.56103516 3 1
1236.20800781 3 2
1237.09301758 3 3
r
1237.82995605 -2 2
1238.56298828 -1 2
1239.42504883 0 2
1240.08398438 1 2
1240.81494141 2 2
1241.5489502 3 2
1242.21105957 3 3
r
1243.01000977 2 2
1243.85998535 3 2
1244.7220459 3 3
r
1245.46704102 -2 -2
1246.3380127 -2 -3
1247.04504395 -3 -3
r
1247.72302246 2 -2
1248.55102539 3 -2
1249.4420166 3 -1
1250.16894531 3 0
1250.98706055 3 1
1251.60498047 3 2
1252.46105957 3 3
r
1253.24804688 -2 2
1254.06005859 -1 2
1254.92297363 0 2
1255.53894043 1 2
1256.42102051 2 2
1257.20898438 3 2
1257.91503906 3 3
r
1258.80200195 2 2
1259.50402832 3 2
1260.26098633 3 3
r
1261.08203125 -2 -2
1261.79003906 -2 -3
1262.41601562 -3 -3
r
1263.14099121 2 -2
1263.76293945 3 -2
1264.55200195 3 -1
1265.31494141 3 0
1266.21496582 3 1
1267.10400391 3 2
1267.92602539 3 3
r
1268.69799805 -2 2
1269.34594727 -1 2
1269.99401855 0 2
1270.77600098 1 2
1271.54296875 2 2
1272.32995605 3 2
1272.93603516 3 3
r
1273.54199219 2 2
1274.42895508 3 2
1275.03503418 3 3
r
1275.80505371 -2 -2
1276.60498047 -2 -3
1277.47998047 -3 -3
r
1278.25500488 2 -2
1279.04003906 3 -2
1279.82299805 3 -1
1280.65002441 3 0
1281.43603516 3 1
1282.22094727 3 2
1282.83496094 3 3
r
1283.55102539 -2 2
1284.44702148 -1 2
1285.14904785 0 2
1286.01904297 1 2
1286.7989502 2 2
1287.64099121 3 2
1288.29602051 3 3
r
1289.01196289 2 2
1289.89404297 3 2
1290.69995117 3 3
r
1291.54699707 -2 -2
1292.31896973 -2 -3
1293.01293945 -3 -3
r
1293.88500977 2 -2
1294.57897949 3 -2
1295.31604004 3 -1
1296.15795898 3 0
1296.77697754 3 1
1297.4329834 3 2
1298.06896973 3 3
r
1298.74401855 -2 2
1299.61206055 -1 2
1300.50097656 0 2
1301.13098145 1 2
1302.00402832 2 2
1302.66796875 3 2
1303.45898438 3 3
r
1304.09594727 2 2
1304.77600098 3 2
1305.38598633 3 3
r
1306.28100586 -2 -2
1306.90405273 -2 -3
1307.60498047 -3 -3
r
1308.2989502 2 -2
1309.01196289 3 -2
1309.6529541 3 -2
1310.28503418 3 -1
1311.17602539 3 0
1311.94702148 3 1
1312.76904297 3 2
1313.56005859 3 3
r
1314.21203613 -2 2
1314.89001465 -1 2
1315.55505371 0 2
1316.20397949 1 2
1316.89294434 2 2
1317.7199707 3 2
1318.54394531 3 3
r
1319.16394043 2 2
1319.82397461 3 2
1320.66394043 3 3
r
1321.39404297 -2 -2
1322.23803711 -2 -3
1322.85803223 -3 -3
r
1323.67602539 2 -2
1324.35595703 3 -2
1325.0090332 3 -1
1325.70703125 3 0
1326.4630127 3 1
1327.3380127 3 2
1328.1920166 3 3
r
1329.03405762 -2 2
1329.91503906 -1 2
1330.60900879 0 2
1331.27697754 1 2
1332.06298828 2 2
1332.8840332 3 2
1333.55895996 3 3
r
1334.35205078 2 2
1335.24304199 3 2
1335.97094727 3 3
r
1336.64294434 -2 -2
1337.36303711 -2 -3
1338.13195801 -3 -3
r
1338.79504395 2 -2
1339.4909668 3 -2
1340.13903809 3 -1
1341.00598145 3 0
1341.83203125 3 1
1342.57397461 3 2
1343.42504883 3 3
r
1344.125 -2 2
1344.82800293 -1 2
1345.68200684 0 2
1346.53894043 1 2
1347.34997559 2 2
1348.06896973 3 2
1348.68200684 3 3
r
1349.5369873 2 2
1350.28198242 3 2
1351.125 3 3
r
1351.81201172 -2 -2
1352.44494629 -2 -3
1353.28100586 -3 -3
r
1354.07800293 2 -2
1354.83105469 3 -2
1355.7130127 3 -1
1356.57104492 3 0
1357.40100098 3 1
1358.24401855 3 2
1359.07800293 3 3
r
1359.8659668 -2 2
1360.5579834 -1 2
1361.23901367 0 2
1361.96801758 1 2
1362.78601074 2 2
1363.41796875 3 2
1364.15600586 3 3
r
1365.04199219 2 2
1365.71801758 3 2
1366.49304199 3 3
r
1367.22900391 -2 -2
1368.08703613 -2 -3
1368.78894043 -3 -3
r
1369.49597168 2 -2
1370.35803223 3 -2
1370.97094727 3 -1
1371.75305176 3 0
1372.42504883 3 1
1373.25695801 3 2
1373.98205566 3 3
r
1374.73400879 -2 2
1375.3840332 -1 2
1375.98706055 0 2
1376.8079834 1 2
1377.54797363 2 2
1378.37194824 3 2
1379.01501465 3 3
r
1379.63793945 2 2
1380.49804688 3 2
1381.2590332 3 3
r
1382.10095215 -2 -2
1382.85900879 -2 -3
1383.70495605 -3 -3
r
1384.5760498 2 -2
1385.43701172 3 -2
1386.1159668 3 -1
1386.97900391 3 0
1387.63903809 3 1
1388.46704102 3 2
1389.29699707 3 3
r
1390.13903809 -2 2
1390.86206055 -1 2
1391.67504883 0 2
1392.31005859 1 2
1393.1529541 2 2
1393.99401855 3 2
1394.83605957 3 3
r
1395.58605957 2 2
1396.37194824 3 2
1397.01098633 3 3
r
1397.67199707 -2 -2
1398.49804688 -2 -3
1399.16003418 -3 -3
r
1400.00402832 2 -2
1400.60803223 3 -2
1401.36901855 3 -1
1402.26000977 3 0
1402.91601562 3 1
1403.7989502 3 2
1404.41601562 3 3
r
1405.19396973 -2 2
1405.89001465 -1 2
1406.77197266 0 2
1407.50805664 1 2
1408.1159668 2 2
1408.73706055 3 2
1409.57104492 3 3
r
1410.45202637 2 2
1411.17297363 3 2
1411.80603027 3 3
r
1412.61999512 -2 -2
1413.39404297 -2 -3
1414.27502441 -3 -3
r
1414.97595215 2 -2
1415.60595703 3 -2
1416.2220459 3 -1
1416.95495605 3 0
1417.76403809 3 1
1418.4029541 3 2
1419.03100586 3 3
r
1419.7220459 -2 2
1420.53503418 -1 2
1421.33105469 0 2
1422.05603027 1 2
1422.75305176 2 2
1423.41699219 3 2
1424.13000488 3 3
r
1424.96203613 2 2
1425.64697266 3 2
1426.41296387 3 3
r
1427.19604492 -2 -2
1427.93505859 -2 -3
1428.72595215 -3 -3
r
1429.42700195 2 -2
1430.07202148 3 -2
1430.69604492 3 -1
1431.33496094 3 0
1431.96105957 3 1
1432.79296875 3 2
1433.51696777 3 3
r
1434.39904785 -2 2
1435.18701172 -1 2
1435.875 0 2
1436.64904785 1 2
1437.35498047 2 2
1438.18701172 3 2
1438.84094238 3 3
r
1439.45300293 2 2
1440.2590332 3 2
1441.14794922 3 3
r
1441.80297852 -2 -2
1442.67504883 -2 -3
1443.53601074 -3 -3
r
1444.37194824 2 -2
1445.11804199 3 -2
1445.77502441 3 -1
1446.59204102 3 0
1447.4909668 3 1
1448.25402832 3 2
1449.07495117 3 3
r
1449.90002441 -2 2
1450.64196777 -1 2
1451.49304199 0 2
1452.28894043 1 2
1452.89501953 2 2
1453.71801758 3 2
1454.43701172 3 3
r
1455.18994141 2 2
1455.92602539 3 2
1456.58398438 3 3
r
1457.24694824 -2 -2
1457.92004395 -2 -3
1458.73400879 -3 -3
r
1459.56298828 2 -2
1460.24804688 3 -2
1461.10900879 3 -1
1461.92102051 3 0
1462.81994629 3 1
1463.52294922 3 2
1464.16101074 3 3
r
1464.94995117 -2 2
1465.71801758 -1 2
1466.33496094 0 2
1466.94396973 1 2
1467.64599609 2 2
1468.54003906 3 2
1469.36901855 3 3
r
1470.22705078 2 2
1471.08898926 3 2
1471.73400879 3 3
r
1472.57299805 -2 -2
1473.34204102 -2 -3
1474.17895508 -3 -3
r
1474.88098145 2 -2
1475.64904785 3 -2
1476.43005371 3 -1
1477.08605957 3 0
1477.95397949 3 1
1478.7590332 3 2
1479.45202637 3 3
r
1480.0760498 -2 2
1480.7869873 -1 2
1481.64294434 0 2
1482.38305664 1 2
1483.01403809 2 2
1483.63696289 3 2
1484.50097656 3 3
r
1485.21704102 2 2
1485.9510498 3 2
1486.85095215 3 3
r
1487.50695801 -2 -2
1488.10803223 -2 -3
1488.75 -3 -3
r
1489.60400391 2 -2
1490.42797852 3 -2
1491.19104004 3 -1
1492.08496094 3 0
1492.87402344 3 1
1493.53796387 3 2
1494.22094727 3 3
r
1494.97998047 -2 2
1495.70898438 -1 2
1496.59802246 0 2
1497.29101562 1 2
1498.16296387 2 2
1498.8449707 3 2
1499.57800293 3 3
r
1500.18395996 2 2
1500.86694336 3 2
1501.70800781 3 3
r
1502.41699219 -2 -2
1503.21203613 -2 -3
1503.9239502 -3 -3
r
1504.62805176 2 -2
1505.50695801 3 -2
1506.34594727 3 -1
1507.09094238 3 0
1507.75402832 3 1
1508.51696777 3 2
1509.1550293 3 3
r
1510.03295898 -2 2
1510.80895996 -1 2
1511.4510498 0 2
1512.11804199 1 2
1512.79699707 2 2
1513.45605469 3 2
1514.22998047 3 3
r
1515.06994629 2 2
1515.95996094 3 2
1516.83898926 3 3
r
1517.5579834 -2 -2
1518.34301758 -2 -3
1519.1550293 -3 -3
r
1519.77502441 2 -2
1520.49499512 3 -2
1521.17504883 3 -2
1522.04394531 3 -1
1522.74304199 3 0
1523.53894043 3 1
1524.34301758 3 2
1525.13793945 3 3
r
1526.01403809 -2 2
1526.8079834 -1 2
1527.61096191 0 2
1528.4510498 1 2
1529.31604004 2 2
1530.05102539 3 2
1530.65905762 3 3
r
1531.3470459 2 2
1532.15795898 3 2
1532.78295898 3 3
r
1533.55603027 -2 -2
1534.38793945 -2 -3
1535.19494629 -3 -3
r
1535.89794922 2 -2
1536.70605469 3 -2
1537.56396484 3 -1
1538.42602539 3 0
1539.28295898 3 1
1540.15405273 3 2
1540.8470459 3 3
r
1541.54797363 -2 2
1542.19494629 -1 2
1543.08105469 0 2
1543.93701172 1 2
1544.73901367 2 2
1545.40002441 3 2
1546.1619873 3 3
r
1546.87097168 2 2
1547.76403809 3 2
1548.6159668 3 3
r
1549.23205566 -2 -2
1550.02404785 -2 -3
1550.65600586 -3 -3
r
1551.375 2 -2
1552.02404785 3 -2
1552.91296387 3 -1
1553.60498047 3 0
1554.43395996 3 1
1555.24304199 3 2
1555.95495605 3 3
r
1556.56896973 -2 2
1557.46801758 -1 2
1558.1920166 0 2
1558.93701172 1 2
1559.82995605 2 2
1560.6619873 3 2
1561.38098145 3 3
r
1562.12902832 2 2
1562.77197266 3 2
1563.59899902 3 3
r
1564.35205078 -2 -2
1564.95996094 -2 -3
1565.62902832 -3 -3
r
1566.32104492 2 -2
1566.92602539 3 -2
1567.62695312 3 -1
1568.35998535 3 0
1569.16503906 3 1
1570.02294922 3 2
1570.75097656 3 3
r
1571.58605957 -2 2
1572.30395508 -1 2
1572.9420166 0 2
1573.71594238 1 2
1574.57897949 2 2
1575.22497559 3 2
1575.93798828 3 3
r
1576.8079834 2 2
1577.48498535 3 2
1578.19897461 3 3
r
1578.80004883 -2 -2
1579.56103516 -2 -3
1580.45703125 -3 -3
r
1581.08300781 2 -2
1581.81799316 3 -2
1582.51000977 3 -2
1583.31005859 3 -1
1584.0949707 3 0
1584.80603027 3 1
1585.57995605 3 2
1586.37304688 3 3
r
1587.125 -2 2
1587.96203613 -1 2
1588.73205566 0 2
1589.56799316 1 2
1590.33703613 2 2
1591.01599121 3 2
1591.65600586 3 3
r
1592.42797852 2 2
1593.05297852 3 2
1593.85302734 3 3
r
1594.67102051 -2 -2
1595.39196777 -2 -3
1596.27905273 -3 -3
r
1597.04101562 2 -2
1597.66003418 3 -2
1598.5279541 3 -1
1599.25695801 3 0
1599.92504883 3 1
1600.71594238 3 2
1601.54003906 3 3
r
1602.14599609 -2 2
1603.03601074 -1 2
1603.76000977 0 2
1604.38500977 1 2
1605.06994629 2 2
1605.91796875 3 2
1606.6159668 3 3
r
1607.40905762 2 2
1608.2779541 3 2
1609.15698242 3 3
r
1609.98999023 -2 -2
1610.59204102 -2 -3
1611.42700195 -3 -3
r
1612.24304199 2 -2
1612.98901367 3 -2
1613.63500977 3 -1
1614.45703125 3 0
1615.09899902 3 1
1615.93395996 3 2
1616.81396484 3 3
r
1617.57702637 -2 2
1618.30505371 -1 2
1619.09899902 0 2
1619.92895508 1 2
1620.5760498 2 2
1621.44799805 3 2
1622.18701172 3 3
r
1623.00305176 2 2
1623.67199707 3 2
1624.45996094 3 3
r
1625.35705566 -2 -2
1626.07800293 -2 -3
1626.9630127 -3 -3
r
1627.81896973 2 -2
1628.56994629 3 -2
1629.3260498 3 -1
1630.14904785 3 0
1630.89001465 3 1
1631.74499512 3 2
1632.57299805 3 3
r
1633.2800293 -2 2
1633.9239502 -1 2
1634.70898438 0 2
1635.52502441 1 2
1636.23303223 2 2
1637.00805664 3 2
1637.71704102 3 3
r
1638.5670166 2 2
1639.22302246 3 2
1640.01599121 3 3
r
1640.79504395 -2 -2
1641.4029541 -2 -3
1642.10400391 -3 -3
r
1642.76293945 2 -2
1643.60498047 3 -2
1644.375 3 -1
1645.16101074 3 0
1645.89404297 3 1
1646.70703125 3 2
1647.5489502 3 3
r
1648.39794922 -2 2
1649.04602051 -1 2
1649.82495117 0 2
1650.43005371 1 2
1651.18798828 2 2
1652.0369873 3 2
1652.79699707 3 3
r
1653.43994141 2 2
1654.10302734 3 2
1654.93701172 3 3
r
1655.83605957 -2 -2
1656.57495117 -2 -3
1657.34399414 -3 -3
r
1658.11999512 2 -2
1658.84399414 3 -2
1659.51904297 3 -1
1660.13000488 3 0
1660.94604492 3 1
1661.83898926 3 2
1662.54003906 3 3
r
1663.28100586 -2 2
1663.90905762 -1 2
1664.53894043 0 2
1665.18005371 1 2
1665.875 2 2
1666.60998535 3 2
1667.44799805 3 3
r
1668.33105469 2 2
1668.99597168 3 2
1669.83605957 3 3
r
1670.51904297 -2 -2
1671.33703613 -2 -3
1672.18603516 -3 -3
r
1673.06799316 2 -2
1673.73596191 3 -2
1674.42504883 3 -1
1675.02905273 3 0
1675.89599609 3 1
1676.50097656 3 2
1677.33898926 3 3
r
1678.1159668 -2 2
1678.88793945 -1 2
1679.65795898 0 2
1680.43603516 1 2
1681.13195801 2 2
1681.81201172 3 2
1682.52905273 3 3
r
1683.25195312 2 2
1684.08300781 3 2
1684.8470459 3 3
r
1685.66503906 -2 -2
1686.29199219 -2 -3
1686.98901367 -3 -3
r
1687.64599609 2 -2
1688.47302246 3 -2
1689.30700684 3 -1
1690.10205078 3 0
1690.74804688 3 1
1691.39294434 3 2
1692.1340332 3 3
r
1692.90405273 -2 2
1693.5579834 -1 2
1694.30395508 0 2
1695.10803223 1 2
1695.83105469 2 2
1696.65405273 3 2
1697.35400391 3 3
r
1698.22900391 2 2
1699.02502441 3 2
1699.62805176 3 3
r
1700.25695801 -2 -2
1701.10803223 -2 -3
1701.94897461 -3 -3
r
1702.63598633 2 -2
1703.28100586 3 -2
1704.0300293 3 -1
1704.70495605 3 0
1705.5760498 3 1
1706.19897461 3 2
1707.08996582 3 3
r
1707.72094727 -2 2
1708.56298828 -1 2
1709.25598145 0 2
1710.0279541 1 2
1710.87597656 2 2
1711.56298828 3 2
1712.4329834 3 3
r
1713.14697266 2 2
1713.98498535 3 2
1714.60705566 3 3
r
1715.38903809 -2 -2
1716.09301758 -2 -3
1716.93005371 -3 -3
r
1717.73303223 2 -2
1718.63098145 3 -2
1719.30102539 3 -1
1720.16503906 3 0
1720.88696289 3 1
1721.73803711 3 2
1722.56799316 3 3
r
1723.45996094 -2 2
1724.22802734 -1 2
1725.01098633 0 2
1725.9050293 1 2
1726.77001953 2 2
1727.49804688 3 2
1728.24597168 3 3
r
1728.9510498 2 2
1729.76403809 3 2
1730.47900391 3 3
r
1731.36499023 -2 -2
1732.12695312 -2 -3
1732.97094727 -3 -3
r
1733.5970459 2 -2
1734.38903809 3 -2
1735.20495605 3 -1
1736.05895996 3 0
1736.94494629 3 1
1737.83398438 3 2
1738.49304199 3 3
r
1739.30102539 -2 2
1740.01196289 -1 2
1740.78405762 0 2
1741.64794922 1 2
1742.39697266 2 2
1743.26501465 3 2
1744.03601074 3 3
r
1744.72998047 2 2
1745.46899414 3 2
1746.20495605 3 3
r
1746.86096191 -2 -2
1747.60900879 -2 -3
1748.31604004 -3 -3
r
1749.2130127 2 -2
1749.94299316 3 -2
1750.64196777 3 -2
1751.3380127 3 -1
1752.01293945 3 0
1752.64294434 3 1
1753.4699707 3 2
1754.33605957 3 3
r
1755.08105469 -2 2
1755.78405762 -1 2
1756.58703613 0 2
1757.43200684 1 2
1758.20202637 2 2
1758.8079834 3 2
1759.58203125 3 3
r
1760.40002441 2 2
1761.2199707 3 2
1762.09094238 3 3
r
1762.84399414 -2 -2
1763.52502441 -2 -3
1764.24304199 -3 -3
r
1765.10302734 2 -2
1765.75402832 3 -2
1766.36999512 3 -1
1767.20495605 3 0
1767.84204102 3 1
1768.57702637 3 2
1769.27001953 3 3
r
1770.16503906 -2 2
1770.95898438 -1 2
1771.63793945 0 2
1772.48999023 1 2
1773.30505371 2 2
1773.91796875 3 2
1774.72705078 3 3
r
1775.52099609 2 2
1776.3380127 3 2
1776.96801758 3 3
r
1777.73999023 -2 -2
1778.40002441 -2 -3
1779.25598145 -3 -3
r
1780.01904297 2 -2
1780.69494629 3 -2
1781.39501953 3 -1
1782.00695801 3 0
1782.77697754 3 1
1783.43896484 3 2
1784.10705566 3 3
r
1784.77099609 -2 2
1785.64904785 -1 2
1786.26293945 0 2
1786.90405273 1 2
1787.73706055 2 2
1788.54699707 3 2
1789.17797852 3 3
r
1789.80102539 2 2
1790.62695312 3 2
1791.51000977 3 3
r
1792.18896484 -2 -2
1793.0300293 -2 -3
1793.86804199 -3 -3
r
1794.72497559 2 -2
1795.56604004 3 -2
1796.22705078 3 -1
1796.91894531 3 0
1797.62695312 3 1
1798.27197266 3 2
1798.95898438 3 3
r
1799.77404785 -2 2
1800.47802734 -1 2
1801.07897949 0 2
1801.94995117 1 2
1802.625 2 2
1803.29504395 3 2
1803.91796875 3 3
r
1804.60205078 2 2
1805.25 3 2
1806.11694336 3 3
r
1806.95703125 -2 -2
1807.76794434 -2 -3
1808.45703125 -3 -3
r
1809.18994141 2 -2
1809.98999023 3 -2
1810.7590332 3 -1
1811.58203125 3 0
1812.45800781 3 1
1813.2199707 3 2
1813.87597656 3 3
r
1814.48303223 -2 2
1815.15795898 -1 2
1815.82397461 0 2
1816.44702148 1 2
1817.2779541 2 2
1818.06396484 3 2
1818.85900879 3 3
r
1819.53295898 2 2
1820.40197754 3 2
1821.25097656 3 3
r
1822.09594727 -2 -2
1822.89794922 -2 -3
1823.63500977 -3 -3
r
1824.47399902 2 -2
1825.35400391 3 -2
1826.24597168 3 -1
1826.8470459 3 0
1827.47497559 3 1
1828.30505371 3 2
1829.18994141 3 3
r
1830.07800293 -2 2
1830.97705078 -1 2
1831.6159668 0 2
1832.38598633 1 2
1833.21398926 2 2
1833.89001465 3 2
1834.57495117 3 3
r
1835.38598633 2 2
1836.18994141 3 2
1836.93505859 3 3
r
1837.77099609 -2 -2
1838.67102051 -2 -3
1839.33703613 -3 -3
r
1840.21398926 2 -2
1840.99804688 3 -2
1841.83703613 3 -1
1842.5949707 3 0
1843.47998047 3 1
1844.29199219 3 2
1845.01098633 3 3
r
1845.86206055 -2 2
1846.68200684 -1 2
1847.5670166 0 2
1848.32897949 1 2
1848.98901367 2 2
1849.61901855 3 2
1850.37402344 3 3
r
1851.04602051 2 2
1851.87194824 3 2
1852.68896484 3 3
r
1853.54602051 -2 -2
1854.41503906 -2 -3
1855.19604492 -3 -3
r
1855.9420166 2 -2
1856.59094238 3 -2
1857.47399902 3 -1
1858.07897949 3 0
1858.68505859 3 1
1859.30297852 3 2
1859.91894531 3 3
r
1860.8079834 -2 2
1861.4699707 -1 2
1862.16101074 0 2
1862.87902832 1 2
1863.55004883 2 2
1864.31604004 3 2
1865.16003418 3 3
r
1865.81994629 2 2
1866.50500488 3 2
1867.21899414 3 3
r
1868.11303711 -2 -2
1868.85803223 -2 -3
1869.64404297 -3 -3
r
1870.47900391 2 -2
1871.14599609 3 -2
1871.91894531 3 -1
1872.57995605 3 0
1873.32397461 3 1
1873.92895508 3 2
1874.75402832 3 3
r
1875.48095703 -2 2
1876.31005859 -1 2
1876.96203613 0 2
1877.59594727 1 2
1878.31494141 2 2
1879.20202637 3 2
1880.09301758 3 3
r
1880.88500977 2 2
1881.53894043 3 2
1882.43005371 3 3
r
1883.27697754 -2 -2
1883.93200684 -2 -3
1884.54101562 -3 -3
r
1885.36206055 2 -2
1886.16394043 3 -2
1887.06298828 3 -1
1887.76196289 3 0
1888.5670166 3 1
1889.39599609 3 2
1890.10803223 3 3
r
1891.00805664 -2 2
1891.75598145 -1 2
1892.5489502 0 2
1893.39501953 1 2
1894.01098633 2 2
1894.89501953 3 2
1895.58300781 3 3
r
1896.25305176 2 2
1897.12805176 3 2
1897.97399902 3 3
r
1898.83898926 -2 -2
1899.55895996 -2 -3
1900.29199219 -3 -3
r
1900.97998047 2 -2
1901.71704102 3 -2
1902.44104004 3 -1
1903.05505371 3 0
1903.86206055 3 1
1904.72497559 3 2
1905.41796875 3 3
r
1906.12194824 -2 2
1906.97094727 -1 2
1907.7989502 0 2
1908.60998535 1 2
1909.41796875 2 2
1910.25805664 3 2
1911.09899902 3 3
r
1911.98205566 2 2
1912.72595215 3 2
1913.43005371 3 3
r
1914.24304199 -2 -2
1915.07995605 -2 -3
1915.90698242 -3 -3
r
1916.73095703 2 -2
1917.41503906 3 -2
1918.17199707 3 -1
1918.96899414 3 0
1919.72900391 3 1
1920.5090332 3 2
1921.35705566 3 3
r
1922.08105469 -2 2
1922.69702148 -1 2
1923.32702637 0 2
1924.17199707 1 2
1924.84301758 2 2
1925.5880127 3 2
1926.25305176 3 3
r
1926.88903809 2 2
1927.54003906 3 2
1928.3079834 3 3
r
1929.16601562 -2 -2
1930.04003906 -2 -3
1930.68005371 -3 -3
r
1931.29699707 2 -2
1931.99804688 3 -2
1932.74194336 3 -1
1933.5579834 3 0
1934.36096191 3 1
1935.08105469 3 2
1935.94299316 3 3
r
1936.83898926 -2 2
1937.68200684 -1 2
1938.3449707 0 2
1938.9699707 1 2
1939.68798828 2 2
1940.43395996 3 2
1941.16003418 3 3
r
1941.7779541 2 2
1942.48095703 3 2
1943.23205566 3 3
r
1943.96203613 -2 -2
1944.82800293 -2 -3
1945.45898438 -3 -3
r
1946.28295898 2 -2
1947.11303711 3 -2
1947.85302734 3 -1
1948.73596191 3 0
1949.47399902 3 1
1950.33300781 3 2
1951.21496582 3 3
r
1951.82995605 -2 2
1952.49597168 -1 2
1953.15698242 0 2
1953.87304688 1 2
1954.61303711 2 2
1955.29602051 3 2
1956.04003906 3 3
r
1956.67102051 2 2
1957.46496582 3 2
1958.34594727 3 3
r
1959.14599609 -2 -2
1959.80297852 -2 -3
1960.49804688 -3 -3
r
1961.28100586 2 -2
1961.98999023 3 -2
1962.61499023 3 -1
1963.33398438 3 0
1964.01501465 3 1
1964.71105957 3 2
1965.33203125 3 3
r
1966.02697754 -2 2
1966.64697266 -1 2
1967.31396484 0 2
1968.14099121 1 2
1968.94299316 2 2
1969.83496094 3 2
1970.71704102 3 3
r
1971.33300781 2 2
1972.05200195 3 2
1972.79504395 3 3
r
1973.41503906 -2 -2
1974.05895996 -2 -3
1974.85498047 -3 -3
r
1975.61096191 2 -2
1976.32800293 3 -2
1977.10498047 3 -1
1977.89501953 3 0
1978.79199219 3 1
1979.39599609 3 2
1980.18200684 3 3
r
1981.04003906 -2 2
1981.77099609 -1 2
1982.45397949 0 2
1983.21801758 1 2
1983.88500977 2 2
1984.72705078 3 2
1985.42297363 3 3
r
1986.05603027 2 2
1986.66296387 3 2
1987.38598633 3 3
r
1988.2800293 -2 -2
1989.01098633 -2 -3
1989.68701172 -3 -3
r
1990.43994141 2 -2
1991.07104492 3 -2
1991.79797363 3 -1
1992.48205566 3 0
1993.20800781 3 1
1994.02001953 3 2
1994.65905762 3 3
r
1995.36206055 -2 2
1996.0489502 -1 2
1996.76293945 0 2
1997.65600586 1 2
1998.52001953 2 2
1999.1739502 3 2
1999.85095215 3 3
r
2000.59899902 2 2
2001.36401367 3 2
2002.12304688 3 3
r
2002.82397461 -2 -2
2003.57104492 -2 -3
2004.44104004 -3 -3
r
2005.20202637 2 -2
2005.97595215 3 -2
2006.76000977 3 -1
2007.38598633 3 0
2008.13793945 3 1
2008.73803711 3 2
2009.48205566 3 3
r
2010.28796387 -2 2
2011.1159668 -1 2
2011.84204102 0 2
2012.61499023 1 2
2013.42895508 2 2
2014.10705566 3 2
2014.92297363 3 3
r
2015.70996094 2 2
2016.60998535 3 2
2017.43701172 3 3
r
2018.19995117 -2 -2
2019.09301758 -2 -3
2019.97595215 -3 -3
r
2020.81604004 2 -2
2021.44799805 3 -2
2022.13500977 3 -1
2022.75598145 3 0
2023.56799316 3 1
2024.28198242 3 2
2025.06799316 3 3
r
2025.76696777 -2 2
2026.44396973 -1 2
2027.15197754 0 2
2027.99499512 1 2
2028.61096191 2 2
2029.39404297 3 2
2030.01293945 3 3
r
2030.6340332 2 2
2031.38696289 3 2
2032.17797852 3 3
r
2032.81396484 -2 -2
2033.50805664 -2 -3
2034.28894043 -3 -3
r
2035.12097168 2 -2
2035.7800293 3 -2
2036.39001465 3 -1
2037.22998047 3 0
2037.89904785 3 1
2038.58496094 3 2
2039.23999023 3 3
r
2039.99902344 -2 2
2040.66894531 -1 2
2041.53405762 0 2
2042.35498047 1 2
2043.0970459 2 2
2043.98205566 3 2
2044.70703125 3 3
r
2045.44799805 2 2
2046.28100586 3 2
2047.05297852 3 3
r
2047.87902832 -2 -2
2048.69702148 -2 -3
2049.31103516 -3 -3
r
2049.92089844 2 -2
2050.72094727 3 -2
2051.55688477 3 -1
2052.20507812 3 0
2053.03100586 3 1
2053.65209961 3 2
2054.50805664 3 3
r
2055.16503906 -2 2
2056.04711914 -1 2
2056.76708984 0 2
2057.53295898 1 2
2058.33007812 2 2
2059.17211914 3 2
2059.83203125 3 3
r
2060.51391602 2 2
2061.13598633 3 2
2061.85498047 3 3
r
2062.71801758 -2 -2
2063.50292969 -2 -3
2064.13989258 -3 -3
r
2064.90307617 2 -2
2065.79296875 3 -2
2066.62402344 3 -1
2067.31811523 3 0
2068.17602539 3 1
2068.98999023 3 2
2069.76611328 3 3
r
2070.59204102 -2 2
2071.38500977 -1 2
2072.18188477 0 2
2073.00708008 1 2
2073.8449707 2 2
2074.71411133 3 2
2075.60498047 3 3
r
2076.34008789 2 2
2077.14697266 3 2
2077.98291016 3 3
r
2078.80810547 -2 -2
2079.60791016 -2 -3
2080.20898438 -3 -3
r
2080.88696289 2 -2
2081.51098633 3 -2
2082.18701172 3 -2
2082.9519043 3 -1
2083.74707031 3 0
2084.54199219 3 1
2085.36499023 3 2
2086.18310547 3 3
r
2086.96801758 -2 2
2087.5690918 -1 2
2088.45898438 0 2
2089.2980957 1 2
2090.17993164 2 2
2091.05395508 3 2
2091.74511719 3 3
r
2092.39990234 2 2
2093.06689453 3 2
2093.74511719 3 3
r
2094.58789062 -2 -2
2095.26000977 -2 -3
2096.11303711 -3 -3
r
2096.95996094 2 -2
2097.85791016 3 -2
2098.74707031 3 -1
2099.36108398 3 0
2100.19311523 3 1
2100.98193359 3 2
2101.60107422 3 3
r
2102.34790039 -2 2
2103.03491211 -1 2
2103.85107422 0 2
2104.56298828 1 2
2105.17895508 2 2
2105.97607422 3 2
2106.60693359 3 3
r
2107.25708008 2 2
2107.95703125 3 2
2108.67407227 3 3
r
2109.3359375 -2 -2
2110.23291016 -2 -3
2111.04711914 -3 -3
r
2111.76708984 2 -2
2112.63696289 3 -2
2113.46606445 3 -1
2114.24389648 3 0
2114.8659668 3 1
2115.55493164 3 2
2116.3359375 3 3
r
2117.22094727 -2 2
2117.83300781 -1 2
2118.44897461 0 2
2119.1809082 1 2
2119.80297852 2 2
2120.65405273 3 2
2121.41992188 3 3
r
2122.25805664 2 2
2122.86499023 3 2
2123.55810547 3 3
r
2124.20898438 -2 -2
2124.87402344 -2 -3
2125.49511719 -3 -3
r
2126.20092773 2 -2
2127.02709961 3 -2
2127.88500977 3 -1
2128.53100586 3 0
2129.39599609 3 1
2130.06298828 3 2
2130.73388672 3 3
r
2131.38891602 -2 2
2132.11010742 -1 2
2132.79492188 0 2
2133.63696289 1 2
2134.48291016 2 2
2135.11108398 3 2
2135.72705078 3 3
r
2136.37011719 2 2
2137.03100586 3 2
2137.81494141 3 3
r
2138.58398438 -2 -2
2139.37402344 -2 -3
2139.98999023 -3 -3
r
2140.85107422 2 -2
2141.71801758 3 -2
2142.41088867 3 -1
2143.13110352 3 0
2143.96411133 3 1
2144.57299805 3 2
2145.21899414 3 3
r
2145.87304688 -2 2
2146.69189453 -1 2
2147.41308594 0 2
2148.14404297 1 2
2149.02197266 2 2
2149.86206055 3 2
2150.54003906 3 3
r
2151.14404297 2 2
2151.98095703 3 2
2152.87890625 3 3
r
2153.53295898 -2 -2
2154.18994141 -2 -3
2154.82299805 -3 -3
r
2155.59912109 2 -2
2156.28100586 3 -2
2157.09912109 3 -1
2157.97802734 3 0
2158.7890625 3 1
2159.58007812 3 2
2160.45092773 3 3
r
2161.3059082 -2 2
2162.00708008 -1 2
2162.65405273 0 2
2163.5090332 1 2
2164.34790039 2 2
2165.18505859 3 2
2165.99804688 3 3
r
2166.76293945 2 2
2167.50292969 3 2
2168.13793945 3 3
r
2168.87207031 -2 -2
2169.64599609 -2 -3
2170.35791016 -3 -3
r
2171.11010742 2 -2
2171.96899414 3 -2
2172.69506836 3 -1
2173.47900391 3 0
2174.27905273 3 1
2175.17797852 3 2
2175.92407227 3 3
r
2176.77905273 -2 2
2177.4440918 -1 2
2178.12890625 0 2
2178.8190918 1 2
2179.46411133 2 2
2180.30004883 3 2
2180.96704102 3 3
r
2181.59912109 2 2
2182.42407227 3 2
2183.32202148 3 3
r
2184.0 -2 -2
2184.6159668 -2 -3
2185.25097656 -3 -3
r
2186.09008789 2 -2
2186.98510742 3 -2
2187.75488281 3 -1
2188.37695312 3 0
2189.17211914 3 1
2189.80810547 3 2
2190.66503906 3 3
r
2191.31494141 -2 2
2192.17993164 -1 2
2192.91503906 0 2
2193.68896484 1 2
2194.56591797 2 2
2195.20996094 3 2
2195.88891602 3 3
r
2196.66894531 2 2
2197.29296875 3 2
2197.99804688 3 3
r
2198.82202148 -2 -2
2199.53710938 -2 -3
2200.2590332 -3 -3
r
2201.01196289 2 -2
2201.64501953 3 -2
2202.27001953 3 -1
2202.95507812 3 0
2203.57202148 3 1
2204.24389648 3 2
2204.98901367 3 3
r
2205.82006836 -2 2
2206.62695312 -1 2
2207.23803711 0 2
2207.86499023 1 2
2208.59912109 2 2
2209.38208008 3 2
2210.19091797 3 3
r
2210.88696289 2 2
2211.50610352 3 2
2212.10888672 3 3
r
2212.89306641 -2 -2
2213.62988281 -2 -3
2214.39892578 -3 -3
r
2215.01293945 2 -2
2215.83496094 3 -2
2216.48291016 3 -1
2217.32788086 3 0
2217.95996094 3 1
2218.77392578 3 2
2219.58789062 3 3
r
2220.23510742 -2 2
2220.86010742 -1 2
2221.55200195 0 2
2222.40795898 1 2
2223.14794922 2 2
2223.91308594 3 2
2224.60009766 3 3
r
2225.47192383 2 2
2226.21191406 3 2
2226.86889648 3 3
r
2227.48095703 -2 -2
2228.1640625 -2 -3
2228.93994141 -3 -3
r
2229.69702148 2 -2
2230.57788086 3 -2
2231.38696289 3 -1
2232.2109375 3 0
2232.8269043 3 1
2233.66796875 3 2
2234.44702148 3 3
r
2235.08398438 -2 2
2235.75292969 -1 2
2236.49291992 0 2
2237.34594727 1 2
2237.96899414 2 2
2238.61889648 3 2
2239.44702148 3 3
r
2240.23291016 2 2
2240.88305664 3 2
2241.77392578 3 3
r
2242.42797852 -2 -2
2243.21606445 -2 -3
2243.9050293 -3 -3
r
2244.69897461 2 -2
2245.52294922 3 -2
2246.40893555 3 -1
2247.01196289 3 0
2247.90698242 3 1
2248.66796875 3 2
2249.53491211 3 3
r
2250.41308594 -2 2
2251.16210938 -1 2
2251.99707031 0 2
2252.80200195 1 2
2253.55200195 2 2
2254.31298828 3 2
2255.02197266 3 3
r
2255.83007812 2 2
2256.50610352 3 2
2257.37695312 3 3
r
2257.99291992 -2 -2
2258.83203125 -2 -3
2259.70605469 -3 -3
r
2260.56396484 2 -2
2261.43408203 3 -2
2262.27197266 3 -1
2263.14111328 3 0
2263.83300781 3 1
2264.62792969 3 2
2265.4050293 3 3
r
2266.27587891 -2 2
2267.14208984 -1 2
2267.81005859 0 2
2268.53295898 1 2
2269.29907227 2 2
2270.0 3 2
2270.87011719 3 3
r
2271.69311523 2 2
2272.36401367 3 2
2273.23901367 3 3
r
2274.11791992 -2 -2
2274.72802734 -2 -3
2275.54711914 -3 -3
r
2276.39501953 2 -2
2277.03198242 3 -2
2277.8840332 3 -1
2278.57910156 3 0
2279.37597656 3 1
2279.98193359 3 2
2280.64990234 3 3
r
2281.44311523 -2 2
2282.19799805 -1 2
2282.81591797 0 2
2283.56005859 1 2
2284.39990234 2 2
2285.07397461 3 2
2285.8190918 3 3
r
2286.60595703 2 2
2287.39990234 3 2
2288.05004883 3 3
r
2288.77197266 -2 -2
2289.47094727 -2 -3
2290.29492188 -3 -3
r
2290.96801758 2 -2
2291.85595703 3 -2
2292.64892578 3 -1
2293.49291992 3 0
2294.13989258 3 1
2294.77905273 3 2
2295.57495117 3 3
r
2296.20288086 -2 2
2296.99804688 -1 2
2297.73095703 0 2
2298.51098633 1 2
2299.27709961 2 2
2300.12792969 3 2
2300.88500977 3 3
r
2301.56005859 2 2
2302.29711914 3 2
2303.0390625 3 3
r
2303.93408203 -2 -2
2304.59790039 -2 -3
2305.31689453 -3 -3
r
2305.9699707 2 -2
2306.62402344 3 -2
2307.47509766 3 -1
2308.22607422 3 0
2308.94799805 3 1
2309.78710938 3 2
2310.59912109 3 3
r
2311.2980957 -2 2
2312.0480957 -1 2
2312.75292969 0 2
2313.42797852 1 2
2314.14404297 2 2
2314.92797852 3 2
2315.60888672 3 3
r
2316.21191406 2 2
2316.90087891 3 2
2317.59204102 3 3
r
2318.28710938 -2 -2
2318.90600586 -2 -3
2319.51708984 -3 -3
r
2320.32495117 2 -2
2321.14697266 3 -2
2321.97412109 3 -1
2322.79907227 3 0
2323.5559082 3 1
2324.40209961 3 2
2325.13598633 3 3
r
2325.81591797 -2 2
2326.51098633 -1 2
2327.12988281 0 2
2327.74389648 1 2
2328.46289062 2 2
2329.26293945 3 2
2330.05297852 3 3
r
2330.77587891 2 2
2331.66894531 3 2
2332.30908203 3 3
r
2333.01000977 -2 -2
2333.67504883 -2 -3
2334.41796875 -3 -3
r
2335.23999023 2 -2
2336.0769043 3 -2
2336.89501953 3 -1
2337.78491211 3 0
2338.65698242 3 1
2339.34106445 3 2
2339.97094727 3 3
r
2340.65307617 -2 2
2341.51391602 -1 2
2342.14794922 0 2
2342.79907227 1 2
2343.41503906 2 2
2344.30810547 3 2
2344.96411133 3 3
r
2345.69799805 2 2
2346.49291992 3 2
2347.39111328 3 3
r
2348.00390625 -2 -2
2348.87304688 -2 -3
2349.65087891 -3 -3
r
2350.41699219 2 -2
2351.1340332 3 -2
2351.89306641 3 -1
2352.73291016 3 0
2353.36791992 3 1
2354.23291016 3 2
2354.85595703 3 3
r
2355.62207031 -2 2
2356.33789062 -1 2
2357.13793945 0 2
2357.78393555 1 2
2358.56005859 2 2
2359.43701172 3 2
2360.33105469 3 3
r
2360.96704102 2 2
2361.79492188 3 2
2362.64404297 3 3
r
2363.27099609 -2 -2
2364.01708984 -2 -3
2364.63598633 -3 -3
r
2365.47412109 2 -2
2366.20898438 3 -2
2366.83789062 3 -1
2367.71606445 3 0
2368.42993164 3 1
2369.0769043 3 2
2369.8359375 3 3
r
2370.46191406 -2 2
2371.2109375 -1 2
2371.94995117 0 2
2372.60498047 1 2
2373.39306641 2 2
2374.03710938 3 2
2374.71606445 3 3
r
2375.34399414 2 2
2375.98803711 3 2
2376.61499023 3 3
r
2377.29394531 -2 -2
2377.97900391 -2 -3
2378.68188477 -3 -3
r
2379.54907227 2 -2
2380.40209961 3 -2
2381.17895508 3 -1
2382.01708984 3 0
2382.86401367 3 1
2383.55493164 3 2
2384.17895508 3 3
r
2384.82006836 -2 2
2385.58691406 -1 2
2386.40307617 0 2
2387.02001953 1 2
2387.69897461 2 2
2388.3269043 3 2
2389.01000977 3 3
r
2389.67700195 2 2
2390.5 3 2
2391.23388672 3 3
r
2391.99511719 -2 -2
2392.64697266 -2 -3
2393.31201172 -3 -3
r
2394.11791992 2 -2
2394.99707031 3 -2
2395.71899414 3 -1
2396.61303711 3 0
2397.34912109 3 1
2398.02099609 3 2
2398.68603516 3 3
r
2399.50097656 -2 2
