0.500999987125 1 1
1.16100001335 1 0
1.85500001907 1 -1
2.61899995804 1 -2
3.36999988556 1 -3
4.01900005341 1 -3
4.64900016785 1 -3
5.40100002289 0 -3
6.29500007629 -1 -3
6.94099998474 0 -3
7.60500001907 1 -3
8.45699977875 2 -3
9.09799957275 1 -3
9.83699989319 1 -2
10.6529998779 1 -3
11.4189996719 1 -3
12.1000003815 1 -2
12.8809995651 1 -1
13.5830001831 1 -2
14.3509998322 1 -1
15.1940002441 1 -2
16.0520000458 1 -3
16.6660003662 1 -2
17.4249992371 0 -2
18.2730007172 -1 -2
19.1660003662 -2 -2
19.9570007324 -2 -1
20.8129997253 -2 -2
21.5499992371 -2 -3
22.3120002747 -2 -3
23.0160007477 -2 -2
23.7980003357 -2 -3
24.5079994202 -2 -2
25.408000946 -3 -2
26.0629997253 -2 -2
26.7339992523 -1 -2
27.341999054 -1 -1
28.1410007477 -1 0
28.861000061 -1 -1
29.7439994812 -1 -2
30.5690002441 -1 -1
31.2919998169 -1 -2
32.0810012817 -1 -1
32.8390007019 -1 -2
33.6150016785 -1 -3
34.311000824 -1 -2
35.0810012817 -1 -1
35.9249992371 -1 -2
36.5480003357 0 -2
37.408000946 0 -1
38.2130012512 1 -1
39.0060005188 0 -1
39.7589988708 0 -2
40.6230010986 1 -2
41.3689994812 0 -2
42.2109985352 1 -2
43.0200004578 0 -2
43.9119987488 1 -2
44.7779998779 0 -2
45.4420013428 0 -1
46.2270011902 0 -2
47.0439987183 0 -3
47.9010009766 0 -2
48.5379981995 0 -1
49.1980018616 0 -2
49.9560012817 -1 -2
50.6380004883 0 -2
51.2789993286 -1 -2
51.9739990234 0 -2
52.7540016174 -1 -2
53.6199989319 0 -2
54.3079986572 -1 -2
55.0880012512 0 -2
55.8009986877 0 -3
56.5989990234 0 -2
57.3790016174 0 -3
58.0229988098 0 -2
58.6619987488 0 -3
59.3909988403 0 -2
60.2610015869 0 -1
60.8930015564 0 -2
61.641998291 0 -1
62.422000885 -1 -1
63.0839996338 0 -1
63.7659988403 0 -2
64.4260025024 -1 -2
65.2850036621 0 -2
65.9140014648 -1 -2
66.6070022583 0 -2
67.2689971924 -1 -2
67.9649963379 0 -2
68.6139984131 -1 -2
69.4599990845 0 -2
70.1380004883 -1 -2
70.7910003662 0 -2
71.3939971924 -1 -2
72.1989974976 0 -2
72.986000061 -1 -2
73.6259994507 -1 -3
74.4430007935 -1 -2
75.0749969482 -1 -3
75.908996582 -1 -2
76.7900009155 -1 -1
77.4929962158 -1 -2
78.2910003662 -1 -1
79.1050033569 -1 -2
79.7509994507 -1 -1
80.4479980469 -1 -2
81.0999984741 -1 -1
81.8000030518 -1 -2
82.6969985962 -1 -1
83.5080032349 -1 0
84.3249969482 -1 -1
85.1149978638 -1 0
85.8050003052 -1 -1
86.4349975586 -2 -1
87.0749969482 -2 0
87.7119979858 -2 -1
88.3450012207 -2 0
89.1139984131 -2 -1
89.7969970703 -3 -1
90.4479980469 -3 0
91.3300018311 -2 0
92.1529998779 -1 0
92.841003418 -2 0
93.7119979858 -3 0
94.6070022583 -3 0
95.4430007935 -3 1
96.1129989624 -3 0
96.8539962769 -3 -1
97.6399993896 -2 -1
98.4960021973 -3 -1
99.0999984741 -2 -1
99.8730010986 -3 -1
100.527000427 -2 -1
101.184997559 -1 -1
101.948997498 -2 -1
102.660003662 -1 -1
103.489997864 -2 -1
104.175003052 -1 -1
105.01499939 -1 -2
105.901000977 -1 -1
106.517997742 0 -1
107.291000366 1 -1
107.949996948 2 -1
108.557998657 2 0
109.253997803 2 -1
109.880996704 2 -2
110.505996704 2 -1
111.238998413 3 -1
112.050003052 3 -1
112.682998657 3 0
113.369003296 3 1
114.174003601 3 1
114.956001282 3 0
115.593002319 2 0
116.388000488 1 0
117.193000793 1 -1
117.907997131 2 -1
118.549003601 1 -1
119.23500061 2 -1
120.043998718 1 -1
120.943000793 2 -1
121.656997681 2 -2
122.480003357 2 -1
123.178001404 3 -1
123.808998108 2 -1
124.615997314 3 -1
125.399002075 2 -1
126.071998596 3 -1
126.711997986 3 -1
127.480003357 3 -2
128.149993896 3 -1
128.914001465 3 0
129.587005615 3 -1
130.279006958 3 -1
130.880004883 3 -1
131.563995361 2 -1
132.384994507 2 -2
133.158996582 2 -1
133.884002686 3 -1
134.770996094 2 -1
135.48500061 3 -1
136.363006592 3 0
137.106994629 3 -1
137.917007446 3 0
138.610992432 3 -1
139.488006592 3 -1
140.182998657 2 -1
141.080001831 3 -1
141.902999878 2 -1
142.505004883 2 -2
143.332992554 2 -1
144.154998779 2 0
144.837005615 2 -1
145.445007324 2 0
146.218002319 2 -1
147.110992432 2 0
147.996002197 1 0
148.615005493 1 -1
149.350006104 1 0
149.979995728 1 -1
150.651992798 1 0
151.309005737 1 -1
151.994003296 1 0
152.718994141 1 -1
153.595001221 2 -1
154.296005249 2 0
155.020004272 1 0
155.714004517 1 -1
156.503005981 2 -1
157.29800415 1 -1
157.998001099 1 -2
158.664993286 1 -1
159.307998657 1 -2
159.988998413 1 -1
160.619003296 1 -2
161.322998047 1 -1
162.138000488 1 -2
162.964996338 1 -1
163.621994019 1 0
164.490997314 1 -1
165.307998657 1 0
166.195007324 1 -1
167.01499939 1 0
167.75100708 1 -1
168.585006714 1 0
169.339996338 1 -1
169.968994141 0 -1
170.856994629 1 -1
171.697998047 0 -1
172.552001953 1 -1
173.352005005 0 -1
174.179992676 1 -1
174.809005737 2 -1
175.660003662 1 -1
176.307006836 2 -1
176.925994873 1 -1
177.638000488 2 -1
178.31199646 2 0
179.003005981 1 0
179.641998291 1 -1
180.481002808 2 -1
181.160003662 2 0
181.99899292 2 -1
182.776992798 2 0
183.531997681 2 -1
184.276992798 2 0
184.98399353 1 0
185.656005859 1 -1
186.524002075 1 0
187.143997192 1 -1
187.908996582 1 0
188.73500061 1 -1
189.514007568 1 0
190.341003418 1 -1
191.057998657 1 0
191.949005127 1 -1
192.554000854 1 0
193.43800354 1 -1
194.089004517 1 -2
194.796005249 1 -1
195.690002441 1 -2
196.29699707 1 -1
197.158996582 1 -2
197.912994385 1 -1
198.697998047 0 -1
199.518005371 1 -1
200.268005371 0 -1
201.130004883 1 -1
201.804000854 0 -1
202.539993286 1 -1
203.207992554 2 -1
204.039001465 2 0
204.850997925 1 0
205.692993164 1 -1
206.481994629 2 -1
207.222000122 2 0
207.824996948 2 1
208.513000488 2 0
209.289001465 2 1
209.89100647 2 0
210.606994629 2 1
211.261001587 2 0
211.929992676 2 1
212.82699585 3 1
213.667007446 2 1
214.332992554 2 2
215.003997803 2 3
215.848007202 1 3
216.667007446 1 3
217.395004272 0 3
218.044998169 0 2
218.725006104 0 1
219.516998291 0 0
220.25 0 -1
221.136993408 1 -1
221.973007202 1 0
222.807006836 1 -1
223.669006348 1 0
224.477005005 1 -1
225.10899353 1 0
225.776000977 1 -1
226.432998657 1 0
227.253997803 1 -1
228.024993896 1 0
228.841003418 1 -1
229.68699646 1 0
230.54800415 1 -1
231.391998291 1 0
232.259002686 1 -1
232.960006714 2 -1
233.742004395 2 0
234.375 2 1
235.113998413 1 1
235.899993896 1 0
236.511001587 1 -1
237.177993774 2 -1
238.0 2 0
238.692001343 3 0
239.449996948 3 1
240.12399292 2 1
240.800994873 3 1
241.677993774 2 1
242.412002563 3 1
243.152999878 3 2
243.945999146 3 3
r
244.688995361 -2 -2
245.466003418 -1 -2
246.089004517 -1 -1
246.699005127 -1 -2
247.434005737 -1 -1
248.147003174 -1 -2
248.76600647 -1 -1
249.651992798 -1 -2
250.470993042 -1 -1
251.360992432 -1 0
252.152999878 -1 -1
252.917999268 -1 0
253.817001343 -1 -1
254.529006958 -2 -1
255.410995483 -2 0
256.058013916 -2 -1
256.941009521 -2 0
257.652008057 -2 1
258.514007568 -2 0
259.309997559 -1 0
260.109985352 -2 0
260.829986572 -1 0
261.600006104 -2 0
262.455993652 -1 0
263.196014404 -2 0
264.085998535 -2 1
264.955993652 -2 2
265.589996338 -3 2
266.317993164 -3 2
266.938995361 -3 3
267.631011963 -3 3
268.437988281 -2 3
269.312011719 -1 3
270.20401001 -2 3
270.838012695 -3 3
271.713989258 -3 2
272.476013184 -3 1
273.152008057 -3 2
273.92199707 -3 3
274.588989258 -3 3
275.444000244 -3 3
276.17401123 -2 3
276.95199585 -1 3
277.842987061 -1 3
278.57901001 -2 3
279.378997803 -3 3
280.130004883 -2 3
280.967010498 -2 3
281.617004395 -2 2
282.470001221 -2 1
283.307006836 -2 2
284.058990479 -2 1
284.712005615 -2 0
285.402008057 -2 1
286.069000244 -2 0
286.937988281 -2 1
287.609008789 -2 0
288.407012939 -2 1
289.195007324 -2 0
290.041992188 -2 -1
290.730987549 -2 0
291.571990967 -2 -1
292.415985107 -2 0
293.217987061 -3 0
293.860992432 -2 0
294.721984863 -3 0
295.411987305 -2 0
296.015991211 -3 0
296.630004883 -2 0
297.268005371 -3 0
298.063995361 -2 0
298.786987305 -2 1
299.552001953 -2 0
300.191009521 -1 0
300.95199585 -1 -1
301.785003662 -1 0
302.445007324 -1 -1
303.058990479 -1 0
303.891998291 -1 -1
304.567993164 -1 0
305.186004639 -1 -1
305.82800293 -1 0
306.45199585 -1 -1
307.242004395 -2 -1
308.036987305 -2 0
308.765991211 -1 0
309.455993652 -1 -1
310.213012695 -2 -1
310.835998535 -2 0
311.527008057 -1 0
312.307006836 -1 -1
312.910003662 -2 -1
313.778015137 -2 0
314.473999023 -1 0
315.113006592 -1 -1
315.802001953 -2 -1
316.561004639 -2 0
317.412994385 -2 -1
318.119995117 -2 0
318.727996826 -2 -1
319.593994141 -2 0
320.24798584 -2 -1
321.005004883 -2 0
321.648010254 -1 0
322.257995605 -1 -1
323.105010986 -1 0
323.79699707 -1 -1
324.398010254 -1 0
325.276000977 -1 -1
326.157012939 -2 -1
326.808990479 -2 0
327.472991943 -1 0
328.141998291 -1 -1
329.010986328 -2 -1
329.75 -2 0
330.640991211 -1 0
331.399993896 -1 -1
332.183990479 -2 -1
333.053985596 -2 0
333.678009033 -1 0
334.420013428 -1 -1
335.213012695 -1 0
336.019012451 -1 -1
336.838012695 -2 -1
337.57901001 -2 0
338.385986328 -1 0
339.027008057 -1 -1
339.914001465 -1 0
340.545013428 -1 -1
341.37399292 -1 0
342.057006836 -1 -1
342.730987549 -1 -2
343.459014893 -1 -1
344.220001221 -1 -2
345.04800415 -1 -1
345.721008301 0 -1
346.593994141 0 -2
347.386993408 0 -1
348.276000977 0 -2
348.990997314 0 -1
349.882995605 1 -1
350.631011963 2 -1
351.231994629 2 0
352.00100708 2 1
352.778991699 2 2
353.657012939 2 3
354.32699585 2 3
355.019012451 1 3
355.852996826 0 3
356.591003418 -1 3
357.324005127 -1 2
358.121002197 0 2
358.805999756 -1 2
359.450012207 0 2
360.069000244 -1 2
360.691009521 0 2
361.37399292 -1 2
362.006988525 0 2
362.705993652 -1 2
363.558013916 0 2
364.287994385 0 3
365.066009521 0 3
365.807006836 1 3
366.455993652 1 3
367.108001709 0 3
367.717010498 1 3
368.54800415 0 3
369.419006348 0 2
370.221008301 0 1
371.091003418 0 0
371.839996338 0 -1
372.458007812 0 -2
373.236999512 0 -1
373.968994141 0 -2
374.718994141 0 -1
375.510986328 1 -1
376.239013672 0 -1
376.863006592 1 -1
377.62298584 0 -1
378.240997314 0 -2
379.04800415 1 -2
379.734985352 1 -1
380.410003662 0 -1
381.130004883 0 -2
381.82699585 0 -1
382.720001221 1 -1
383.335998535 0 -1
384.227996826 1 -1
385.113006592 0 -1
385.973999023 1 -1
386.871002197 0 -1
387.563995361 0 -2
388.407989502 0 -1
389.118988037 1 -1
389.781005859 0 -1
390.493988037 1 -1
391.309997559 1 -2
391.985992432 1 -1
392.734985352 1 -2
393.367004395 1 -1
394.096008301 1 0
394.740997314 1 -1
395.596008301 1 0
396.359985352 1 -1
397.101989746 1 0
397.760009766 1 -1
398.382995605 1 0
399.20199585 1 -1
399.992004395 1 0
400.709014893 1 -1
401.584991455 1 0
402.274993896 1 -1
403.156005859 1 0
403.843994141 1 -1
404.555999756 1 0
405.174987793 1 -1
405.842010498 1 0
406.493988037 1 -1
407.17098999 2 -1
407.868988037 2 0
408.511993408 1 0
409.290008545 1 -1
410.054992676 1 -2
410.809997559 1 -1
411.605987549 2 -1
412.346984863 2 0
413.031005859 1 0
413.854003906 1 -1
414.727996826 2 -1
415.583007812 2 0
416.291992188 2 1
416.992004395 1 1
417.846008301 1 0
418.604003906 1 -1
419.242004395 1 -2
420.12399292 1 -1
420.855987549 1 0
421.515991211 1 -1
422.372009277 1 0
423.216003418 1 -1
423.904998779 1 0
424.644989014 1 -1
425.292999268 1 0
425.898986816 1 -1
426.772003174 1 0
427.657989502 1 -1
428.457000732 1 0
429.303009033 1 -1
430.054992676 2 -1
430.683990479 2 0
431.557006836 1 0
432.24798584 1 -1
432.963012695 2 -1
433.774993896 2 0
434.450012207 1 0
435.128997803 1 -1
435.772003174 2 -1
436.410003662 2 0
437.289001465 2 1
438.121002197 1 1
438.816009521 1 0
439.433013916 1 -1
440.178985596 2 -1
440.917999268 2 0
441.638000488 2 1
442.32699585 2 2
442.95401001 2 3
443.670013428 2 3
444.42098999 1 3
445.186004639 2 3
445.910003662 1 3
446.675994873 1 2
447.407989502 1 1
448.039001465 1 0
448.717987061 1 -1
449.515991211 1 -2
450.196014404 1 -1
451.006011963 1 0
451.640014648 1 -1
452.333007812 1 0
453.218994141 1 -1
453.859008789 1 0
454.605010986 1 -1
455.489013672 1 0
456.152008057 1 -1
456.803009033 1 -2
457.411010742 1 -1
458.049987793 1 0
458.696990967 1 -1
459.351989746 1 0
459.959991455 1 -1
460.645996094 0 -1
461.511993408 1 -1
462.256011963 0 -1
462.895996094 1 -1
463.787994385 0 -1
464.634002686 1 -1
465.444000244 0 -1
466.312011719 1 -1
467.148986816 0 -1
467.774993896 1 -1
468.619995117 0 -1
469.468994141 1 -1
470.229003906 1 0
470.851989746 1 -1
471.509002686 1 0
472.347991943 1 -1
473.216003418 1 0
474.037994385 1 -1
474.886993408 1 -2
475.618011475 1 -1
476.503997803 1 0
477.157012939 1 -1
477.946990967 1 0
478.717010498 1 -1
479.320007324 1 0
480.088012695 1 -1
480.822998047 1 0
481.618011475 1 -1
482.468994141 2 -1
483.192993164 2 0
483.821990967 2 1
484.562011719 1 1
485.255004883 1 0
486.12600708 1 -1
486.769989014 2 -1
487.493011475 2 0
488.20199585 2 1
489.04699707 1 1
489.648010254 1 0
490.266998291 1 -1
491.096984863 2 -1
491.855987549 2 0
492.507995605 2 1
493.384002686 1 1
494.213012695 1 0
494.955993652 1 -1
495.803009033 2 -1
496.532012939 2 0
497.324005127 2 1
497.988006592 1 1
498.791992188 1 0
499.654998779 1 -1
500.406005859 2 -1
501.152008057 2 0
501.789001465 2 1
502.669006348 1 1
503.278991699 1 0
503.989990234 1 -1
504.817993164 1 0
505.455993652 1 -1
506.316986084 1 0
507.178985596 1 -1
507.842010498 1 0
508.707000732 1 -1
509.375 1 0
510.028991699 1 -1
510.868011475 1 0
511.537994385 1 -1
512.388977051 1 0
513.007995605 1 -1
513.859008789 1 0
514.681030273 1 -1
515.543029785 0 -1
516.398986816 1 -1
517.218017578 0 -1
518.051025391 0 -2
518.776000977 0 -1
519.591003418 0 -2
520.403015137 0 -1
521.219970703 0 -2
521.92199707 0 -1
522.531982422 0 -2
523.140014648 0 -1
523.835021973 0 -2
524.687988281 0 -1
525.57800293 0 -2
526.395019531 0 -1
527.281005859 0 -2
528.090026855 0 -1
528.833007812 0 0
529.588012695 0 -1
530.283996582 0 0
530.984008789 0 -1
531.708007812 1 -1
532.380004883 0 -1
533.140014648 1 -1
533.789978027 0 -1
534.53302002 1 -1
535.258972168 0 -1
536.015014648 1 -1
536.684997559 0 -1
537.405029297 1 -1
538.231018066 0 -1
538.880004883 1 -1
539.497009277 0 -1
540.315979004 1 -1
540.961975098 0 -1
541.718994141 1 -1
542.565002441 0 -1
543.297973633 1 -1
544.130004883 0 -1
544.783996582 1 -1
545.530029297 0 -1
546.297973633 1 -1
547.125976562 1 -2
547.901000977 1 -1
548.518981934 1 -2
549.367980957 1 -1
550.229980469 1 0
550.880981445 1 -1
551.599975586 1 0
552.416992188 1 -1
553.043029785 1 0
553.901977539 1 -1
554.526977539 1 0
555.34197998 1 -1
555.960021973 1 0
556.708984375 1 -1
557.510009766 1 0
558.174987793 1 -1
558.786987305 2 -1
559.583984375 2 0
560.24597168 2 1
560.937988281 1 1
561.554016113 1 0
562.273986816 1 -1
562.984008789 2 -1
563.815002441 2 0
564.565979004 2 1
565.267028809 2 2
566.077026367 1 2
566.95300293 2 2
567.578979492 3 2
568.346008301 3 3
r
569.062011719 2 -2
569.960021973 2 -1
570.799987793 2 0
571.411987305 2 1
572.232971191 2 2
572.835998535 2 3
573.513977051 2 3
574.166992188 2 3
574.791015625 2 3
575.49597168 2 3
576.323974609 2 3
577.012023926 2 3
577.640991211 2 3
578.374023438 2 3
579.182983398 1 3
579.807006836 2 3
580.580993652 1 3
581.301025391 1 2
582.12902832 2 2
582.784973145 1 2
583.580993652 2 2
584.369995117 1 2
585.231018066 1 1
585.934020996 1 0
586.810974121 1 -1
587.710998535 1 0
588.416015625 1 -1
589.229003906 1 0
590.03302002 1 -1
590.723022461 1 0
591.606018066 1 -1
592.323974609 1 0
592.984985352 1 -1
593.716003418 1 0
594.395019531 1 -1
595.116027832 1 0
595.867980957 1 -1
596.468994141 1 0
597.077026367 1 -1
597.892028809 1 0
598.593994141 1 -1
599.37701416 1 0
600.267028809 1 -1
601.0 1 0
601.62298584 1 -1
602.411010742 1 0
603.184997559 1 -1
603.937988281 1 0
604.596008301 1 -1
605.434997559 1 0
606.051025391 1 -1
606.883972168 1 0
607.604003906 1 -1
608.367980957 2 -1
609.104980469 2 0
609.982971191 2 1
610.62097168 1 1
611.40802002 1 0
612.039978027 1 -1
612.931030273 2 -1
613.534973145 2 0
614.184997559 2 1
614.872009277 1 1
615.716003418 1 0
616.380981445 1 -1
617.041015625 2 -1
617.900024414 2 0
618.750976562 2 1
619.611999512 1 1
620.502990723 0 1
621.164001465 0 0
621.778015137 0 -1
622.601013184 1 -1
623.396972656 2 -1
624.226989746 2 0
624.849975586 2 1
625.54699707 1 1
626.249023438 0 1
626.869995117 0 0
627.718994141 0 -1
628.515991211 1 -1
629.237976074 0 -1
629.929016113 1 -1
630.655029297 0 -1
631.29498291 1 -1
632.130004883 0 -1
632.969970703 0 -2
633.758972168 0 -1
634.393981934 0 -2
634.997009277 0 -1
635.796020508 0 -2
636.408996582 0 -1
637.184020996 0 -2
637.87701416 0 -1
638.578979492 0 -2
639.356018066 0 -1
640.062988281 0 -2
640.776000977 0 -1
641.554016113 0 0
642.236022949 0 -1
642.906982422 0 0
643.530029297 0 -1
644.255004883 0 0
645.020019531 0 -1
645.75 0 0
646.541992188 0 -1
647.314025879 0 -2
648.150024414 0 -1
649.010986328 0 -2
649.791015625 0 -1
650.45300293 0 -2
651.083007812 0 -1
651.869018555 -1 -1
652.502990723 0 -1
653.280029297 -1 -1
654.143981934 0 -1
654.914978027 -1 -1
655.543029785 -1 0
656.265991211 0 0
656.929016113 1 0
657.67401123 1 -1
658.564025879 0 -1
659.223999023 -1 -1
659.968017578 -1 0
660.612976074 0 0
661.440002441 1 0
662.177001953 1 -1
662.901977539 0 -1
663.791992188 -1 -1
664.583984375 -2 -1
665.375 -2 0
666.271972656 -2 1
666.947021484 -1 1
667.572998047 -1 0
668.422973633 -2 0
669.202026367 -2 1
670.085998535 -2 2
670.728027344 -1 2
671.366027832 0 2
672.008972168 1 2
672.854980469 0 2
673.609985352 1 2
674.42401123 0 2
675.263977051 1 2
675.903015137 0 2
676.698974609 1 2
677.518981934 0 2
678.241027832 1 2
679.111999512 0 2
680.000976562 0 1
680.721008301 0 0
681.523986816 0 -1
682.195007324 -1 -1
682.859985352 -2 -1
683.557983398 -2 0
684.369995117 -2 1
685.219970703 -2 2
685.836975098 -1 2
686.525024414 -1 1
687.268005371 -2 1
688.119018555 -3 1
688.817993164 -2 1
689.575012207 -1 1
690.309020996 0 1
691.00402832 0 0
691.666015625 0 -1
692.372009277 -1 -1
693.166992188 -2 -1
693.861022949 -2 0
694.679992676 -1 0
695.5 0 0
696.119018555 1 0
697.018005371 1 -1
697.833007812 0 -1
698.513000488 -1 -1
699.265014648 -2 -1
700.103027344 -2 0
700.940002441 -1 0
701.716003418 0 0
702.520996094 1 0
703.262023926 1 -1
704.039978027 0 -1
704.885009766 -1 -1
705.645996094 -2 -1
706.25 -2 0
706.901000977 -2 1
707.62298584 -1 1
708.390991211 -1 0
709.250976562 -1 -1
710.096984863 -1 0
710.75 -1 -1
711.41998291 -1 0
712.163024902 -1 -1
712.984985352 -1 0
713.75201416 -1 -1
714.458007812 -1 0
715.190002441 -1 -1
715.846008301 -1 0
716.463012695 -1 -1
717.250976562 -1 0
717.96697998 -1 -1
718.833984375 -1 0
719.651977539 -1 -1
720.396972656 -1 0
721.234985352 -1 -1
722.130004883 -1 0
723.028991699 0 0
723.877990723 1 0
724.523986816 1 -1
725.348022461 0 -1
726.117004395 -1 -1
726.728027344 -1 0
727.534973145 0 0
728.16998291 1 0
728.830993652 1 -1
729.512023926 0 -1
730.271972656 -1 -1
731.145019531 -1 0
731.799987793 0 0
732.409973145 0 -1
733.184020996 -1 -1
733.929992676 -1 0
734.749023438 -1 -1
735.491027832 -1 0
736.283996582 -1 -1
737.094970703 -1 0
737.835998535 -1 -1
738.440002441 -1 0
739.114990234 -1 -1
739.911987305 -2 -1
740.78302002 -2 0
741.538024902 -2 1
742.268981934 -1 1
742.906005859 -1 0
743.568969727 -2 0
744.236022949 -2 1
744.92199707 -2 2
745.573974609 -1 2
746.249023438 0 2
747.018981934 1 2
747.729003906 1 3
748.603027344 0 3
749.335998535 1 3
750.20098877 0 3
750.874023438 0 2
751.494018555 0 1
752.219970703 0 0
752.846008301 0 -1
753.541992188 -1 -1
754.276000977 -1 0
755.057983398 -2 0
755.750976562 -2 1
756.546020508 -1 1
757.257995605 0 1
758.091003418 0 0
758.874023438 0 -1
759.505981445 0 -2
760.223022461 0 -1
760.924987793 0 -2
761.791015625 0 -1
762.489990234 0 -2
763.309020996 0 -1
764.111022949 0 -2
764.778991699 0 -1
765.674987793 1 -1
766.374023438 1 0
766.979980469 1 -1
767.62298584 1 0
768.411010742 1 -1
769.124023438 1 0
769.903991699 1 -1
770.544006348 1 0
771.166992188 1 -1
771.997009277 1 0
772.718017578 1 -1
773.450012207 1 0
774.200012207 1 -1
774.827026367 1 0
775.642028809 1 -1
776.505981445 1 0
777.306030273 1 -1
777.973999023 2 -1
778.862976074 2 0
779.469970703 2 1
780.24798584 2 2
781.12902832 2 3
781.864990234 2 3
782.536010742 1 3
783.340026855 1 2
784.057006836 2 2
784.887023926 1 2
785.616027832 2 2
786.443969727 1 2
787.296020508 1 1
787.945983887 0 1
788.760009766 0 0
789.625976562 0 -1
790.356994629 1 -1
791.24597168 2 -1
792.00402832 2 0
792.794006348 2 1
793.487976074 2 2
794.117980957 1 2
794.789001465 0 2
795.564025879 0 1
796.184997559 0 0
796.87701416 0 -1
797.679992676 1 -1
798.340026855 2 -1
799.218994141 2 0
799.836975098 2 1
800.585021973 2 2
801.432983398 1 2
802.296020508 0 2
802.958984375 0 1
803.791992188 0 0
804.543029785 0 -1
805.242980957 1 -1
806.023986816 2 -1
806.895996094 2 0
807.643981934 2 1
808.543029785 1 1
809.223999023 0 1
809.875976562 0 0
810.75402832 0 -1
811.606018066 1 -1
812.403015137 1 0
813.098999023 1 -1
813.901977539 1 0
814.581970215 1 -1
815.273010254 1 0
816.09197998 1 -1
816.895019531 1 0
817.49597168 1 -1
818.335021973 1 0
819.174987793 1 -1
819.843994141 1 0
820.534973145 1 -1
821.210021973 1 0
821.965026855 1 -1
822.682983398 1 0
823.473999023 1 -1
824.281982422 1 0
824.937011719 1 -1
825.687988281 1 0
826.348999023 1 -1
827.122009277 1 0
827.992004395 1 -1
828.607971191 1 0
829.257995605 1 -1
829.982971191 1 0
830.643005371 1 -1
831.398010254 1 0
832.237976074 1 -1
833.127990723 1 0
833.744018555 1 -1
834.518981934 1 0
835.221984863 1 -1
835.992980957 1 0
836.711975098 1 -1
837.354003906 0 -1
838.156005859 1 -1
838.893981934 0 -1
839.515991211 1 -1
840.351989746 0 -1
841.151000977 1 -1
841.895996094 0 -1
842.536010742 1 -1
843.153991699 0 -1
843.862976074 1 -1
844.567993164 0 -1
845.255981445 1 -1
846.036987305 0 -1
846.650024414 0 -2
847.541015625 0 -1
848.249023438 0 -2
849.012023926 0 -1
849.747009277 0 -2
850.476989746 0 -1
851.221984863 0 -2
852.041992188 0 -1
852.807983398 0 0
853.499023438 0 -1
854.103027344 0 0
854.804992676 0 -1
855.549987793 0 0
856.293029785 0 -1
857.187011719 0 0
857.82800293 0 -1
858.525024414 0 0
859.257995605 0 -1
859.908996582 0 0
860.562011719 0 -1
861.435974121 0 -2
862.041015625 0 -1
862.932983398 0 -2
863.543029785 0 -1
864.403015137 1 -1
865.218994141 0 -1
865.924987793 1 -1
866.736999512 0 -1
867.482971191 1 -1
868.317016602 0 -1
869.054016113 1 -1
869.736999512 0 -1
870.478027344 1 -1
871.202026367 0 -1
871.978027344 1 -1
872.848022461 0 -1
873.684997559 1 -1
874.398010254 2 -1
875.184997559 2 0
875.885986328 2 1
876.601013184 1 1
877.208984375 0 1
877.840026855 1 1
878.494995117 0 1
879.362976074 1 1
879.994018555 0 1
880.797973633 1 1
881.468017578 0 1
882.354980469 1 1
882.992980957 0 1
883.844970703 1 1
884.70098877 0 1
885.382995605 1 1
886.262023926 0 1
886.965026855 1 1
887.604003906 0 1
888.491027832 1 1
889.114013672 0 1
889.732971191 1 1
890.5 0 1
891.236022949 1 1
891.854003906 2 1
892.611022949 2 2
893.344970703 1 2
894.159973145 2 2
894.775024414 2 3
895.612976074 1 3
896.468994141 1 2
897.094970703 2 2
897.87298584 1 2
898.760009766 1 1
899.575012207 1 0
900.432983398 1 -1
901.062011719 2 -1
901.931030273 2 0
902.588989258 2 1
903.293029785 2 2
903.960021973 1 2
904.789001465 1 1
905.551025391 1 0
906.364990234 1 -1
907.028991699 2 -1
907.913024902 2 0
908.74597168 2 1
909.62701416 1 1
910.231994629 1 0
910.901977539 1 -1
911.596008301 2 -1
912.403991699 2 0
913.202026367 2 1
913.882019043 1 1
914.523010254 0 1
915.12902832 1 1
915.911010742 0 1
916.596984863 1 1
917.400024414 0 1
918.080993652 1 1
918.973022461 0 1
919.807006836 1 1
920.54699707 0 1
921.413024902 1 1
922.148986816 0 1
922.874023438 1 1
923.706970215 0 1
924.392028809 1 1
925.111022949 2 1
925.869018555 2 2
926.75201416 1 2
927.414001465 1 1
928.307983398 2 1
928.926025391 2 2
929.767028809 1 2
930.58001709 1 1
931.403015137 1 0
932.29498291 1 -1
933.088012695 2 -1
933.726013184 2 0
934.526000977 2 1
935.341003418 1 1
936.078979492 1 0
936.729980469 1 -1
937.585998535 2 -1
938.349975586 2 0
939.182006836 2 1
939.961975098 1 1
940.713989258 1 0
941.393005371 1 -1
942.064025879 1 0
942.895019531 1 -1
943.541992188 1 0
944.42401123 1 -1
945.114013672 1 0
945.916015625 1 -1
946.62902832 1 0
947.307006836 1 -1
948.117980957 1 0
948.741027832 1 -1
949.361999512 1 0
950.0 1 -1
950.66998291 1 0
951.473999023 1 -1
952.12701416 1 0
952.788024902 1 -1
953.439025879 1 0
954.127990723 1 -1
954.776000977 1 0
955.442993164 1 -1
956.077026367 1 0
956.817016602 1 -1
957.669006348 1 0
958.281005859 1 -1
959.013977051 1 0
959.903015137 1 -1
960.604980469 1 0
961.353027344 1 -1
962.096984863 1 0
962.760009766 1 -1
963.53302002 1 0
964.252990723 1 -1
965.010986328 1 0
965.831970215 1 -1
966.596984863 1 0
967.270996094 1 -1
967.981018066 1 0
968.693969727 1 -1
969.570007324 1 0
970.265991211 1 -1
971.005981445 1 0
971.62902832 1 -1
972.424987793 1 0
973.145996094 1 -1
973.770996094 1 0
974.638000488 1 -1
975.375 1 0
976.109008789 1 -1
976.926025391 1 0
977.79699707 1 -1
978.541992188 1 0
979.414001465 0 0
980.273986816 -1 0
981.059997559 -2 0
981.74597168 -2 1
982.348999023 -1 1
983.179992676 0 1
983.945007324 1 1
984.650024414 0 1
985.359008789 1 1
985.994995117 0 1
986.794006348 1 1
987.583984375 0 1
988.192993164 1 1
989.025024414 0 1
989.786987305 1 1
990.5 0 1
991.250976562 1 1
991.958007812 0 1
992.588989258 1 1
993.229980469 0 1
993.989013672 1 1
994.760009766 2 1
995.37701416 1 1
996.112976074 2 1
996.835021973 1 1
997.447998047 2 1
998.106018066 1 1
998.916992188 2 1
999.742004395 1 1
1000.4329834 2 1
1001.07598877 1 1
1001.91101074 2 1
1002.66998291 1 1
1003.5579834 0 1
1004.20202637 1 1
1004.80700684 0 1
1005.59698486 1 1
1006.32598877 0 1
1007.2119751 1 1
1007.86798096 0 1
1008.4710083 1 1
1009.30999756 0 1
1010.20898438 1 1
1010.82501221 0 1
1011.44799805 0 2
1012.33001709 0 1
1013.11401367 0 2
1013.92700195 0 1
1014.76898193 0 2
1015.39599609 0 1
1016.04302979 0 2
1016.69702148 0 1
1017.50598145 0 2
1018.11401367 0 1
1018.86901855 0 2
1019.52801514 0 1
1020.30297852 0 2
1021.10998535 0 1
1021.92999268 0 2
1022.74499512 0 1
1023.37799072 0 2
1024.14599609 0 1
1024.78796387 0 2
1025.64404297 0 1
1026.38500977 0 2
1027.10595703 0 1
1027.9029541 0 2
1028.51403809 0 1
1029.11694336 0 2
1029.72705078 0 1
1030.52404785 0 2
1031.41394043 0 1
1032.03295898 0 2
1032.78503418 0 1
1033.43395996 0 2
1034.19604492 0 1
1034.94702148 0 2
1035.8260498 0 1
1036.70397949 0 2
1037.39501953 0 1
1038.08398438 0 2
1038.75097656 0 1
1039.43603516 0 2
1040.08203125 1 2
1040.83300781 0 2
1041.62097168 1 2
1042.43505859 0 2
1043.30505371 0 1
1043.93395996 -1 1
1044.65600586 0 1
1045.33496094 -1 1
1045.97497559 0 1
1046.61694336 -1 1
1047.29003906 -2 1
1047.93200684 -1 1
1048.58300781 0 1
1049.44604492 -1 1
1050.34594727 0 1
1050.99304199 -1 1
1051.68994141 0 1
1052.4329834 -1 1
1053.07897949 -2 1
1053.90600586 -1 1
1054.69604492 0 1
1055.39697266 -1 1
1056.00805664 0 1
1056.9029541 -1 1
1057.55895996 0 1
1058.16503906 -1 1
1059.06494141 0 1
1059.87805176 -1 1
1060.67602539 -1 2
1061.31799316 0 2
1061.98706055 0 1
1062.63793945 0 0
1063.30200195 0 -1
1064.13696289 -1 -1
1064.85705566 -1 0
1065.73803711 -2 0
1066.33898926 -2 1
1067.04003906 -2 2
1067.76696777 -1 2
1068.42700195 0 2
1069.19799805 0 1
1070.06396484 0 0
1070.90002441 0 -1
1071.60498047 -1 -1
1072.23095703 -2 -1
1073.05297852 -2 0
1073.78295898 -2 1
1074.59094238 -1 1
1075.20703125 0 1
1076.10595703 0 0
1076.99902344 0 -1
1077.71105957 -1 -1
1078.37902832 -2 -1
1079.13500977 -2 0
1079.76904297 -1 0
1080.46105957 0 0
1081.2869873 1 0
1081.90100098 0 0
1082.6340332 -1 0
1083.35900879 0 0
1084.06103516 1 0
1084.88793945 0 0
1085.66601562 -1 0
1086.32397461 0 0
1087.20202637 1 0
1087.81396484 0 0
1088.52905273 -1 0
1089.14599609 0 0
1089.97595215 -1 0
1090.80395508 0 0
1091.4239502 -1 0
1092.31005859 -2 0
1092.92700195 -1 0
1093.80603027 -2 0
1094.43200684 -2 1
1095.03894043 -1 1
1095.7199707 -1 0
1096.4050293 -2 0
1097.18798828 -2 1
1097.85803223 -1 1
1098.48303223 -1 0
1099.32397461 -2 0
1099.96704102 -2 1
1100.66003418 -1 1
1101.37402344 -1 0
1101.99694824 -2 0
1102.83898926 -2 1
1103.58105469 -1 1
1104.24304199 0 1
1105.11096191 0 0
1105.86999512 -1 0
1106.75500488 -2 0
1107.51904297 -2 1
1108.21594238 -1 1
1108.89904785 0 1
1109.62805176 -1 1
1110.48706055 0 1
1111.15002441 -1 1
1111.9329834 0 1
1112.61804199 -1 1
1113.48400879 0 1
1114.35400391 -1 1
1115.04797363 0 1
1115.7869873 -1 1
1116.59802246 0 1
1117.40698242 -1 1
1118.17895508 0 1
1119.02600098 -1 1
1119.75195312 -2 1
1120.52099609 -1 1
1121.19104004 0 1
1122.02294922 -1 1
1122.82202148 0 1
1123.50805664 -1 1
1124.37194824 -1 2
1125.26000977 0 2
1125.88500977 0 1
1126.61804199 -1 1
1127.27197266 -1 2
1128.17199707 0 2
1128.92700195 0 1
1129.60095215 -1 1
1130.40405273 -1 2
1131.04003906 0 2
1131.92504883 0 1
1132.67004395 -1 1
1133.40100098 -2 1
1134.27001953 -1 1
1135.00805664 0 1
1135.81005859 -1 1
1136.51196289 0 1
1137.17895508 -1 1
1137.89697266 0 1
1138.70300293 -1 1
1139.46203613 0 1
1140.0760498 -1 1
1140.85595703 -1 0
1141.46899414 -1 -1
1142.22302246 -2 -1
1142.94396973 -2 0
1143.59802246 -1 0
1144.29394531 -1 -1
1145.0880127 -1 -2
1145.90698242 -1 -1
1146.63696289 -1 -2
1147.27905273 -1 -1
1147.98596191 -1 0
1148.72094727 -1 -1
1149.52697754 -1 0
1150.25805664 -1 -1
1150.91101074 -1 0
1151.6619873 -1 -1
1152.4699707 -1 0
1153.32397461 -1 -1
1154.19104004 -1 0
1154.90698242 -1 -1
1155.72900391 -1 0
1156.43701172 -1 -1
1157.1529541 -1 0
1157.77197266 -1 -1
1158.40698242 -1 0
1159.16796875 -1 -1
1159.93798828 -1 0
1160.57897949 -1 -1
1161.41503906 -1 0
1162.31298828 -1 1
1163.07202148 -1 0
1163.80004883 -1 1
1164.69799805 -1 0
1165.32299805 -1 1
1166.09094238 -1 0
1166.76794434 -1 1
1167.48095703 -1 0
1168.11206055 -1 1
1168.9909668 -1 2
1169.75598145 0 2
1170.54797363 -1 2
1171.37304688 0 2
1172.07104492 -1 2
1172.69104004 0 2
1173.34301758 -1 2
1174.22094727 0 2
1175.05700684 1 2
1175.92700195 0 2
1176.55004883 1 2
1177.28503418 1 3
1178.01196289 1 2
1178.85205078 1 1
1179.7409668 1 2
1180.57104492 1 1
1181.41003418 1 0
1182.18603516 1 -1
1182.94799805 1 0
1183.58605957 1 -1
1184.41296387 1 0
1185.1619873 1 -1
1185.88098145 1 0
1186.60803223 1 -1
1187.45703125 1 0
1188.07995605 1 -1
1188.89001465 1 0
1189.57202148 1 -1
1190.34399414 1 0
1191.18505859 1 -1
1191.9119873 1 0
1192.69897461 1 -1
1193.3659668 1 0
1194.15002441 1 -1
1194.93505859 1 0
1195.78796387 1 -1
1196.67700195 1 0
1197.5489502 1 -1
1198.34399414 1 0
1199.1739502 1 -1
1199.90405273 1 0
1200.76000977 1 -1
1201.62194824 1 0
1202.23498535 1 -1
1203.0579834 1 0
1203.73095703 1 -1
1204.35998535 1 0
1205.17297363 1 -1
1205.82397461 1 0
1206.52404785 1 -1
1207.23596191 1 0
1208.06994629 1 -1
1208.92102051 1 0
1209.74694824 1 -1
1210.36303711 1 0
1211.07495117 1 -1
1211.72802734 1 0
1212.55603027 2 0
1213.38598633 2 1
1214.20605469 2 2
1215.00097656 2 1
1215.82800293 1 1
1216.44396973 2 1
1217.1529541 1 1
1217.8470459 2 1
1218.54504395 1 1
1219.2989502 2 1
1220.00695801 1 1
1220.61096191 2 1
1221.44494629 1 1
1222.08203125 2 1
1222.97094727 1 1
1223.76098633 0 1
1224.49401855 0 0
1225.37805176 0 -1
1226.06201172 0 0
1226.86401367 0 -1
1227.73303223 0 0
1228.5880127 0 -1
1229.22302246 0 0
1229.98706055 0 -1
1230.76904297 0 0
1231.37304688 0 -1
1232.22595215 0 0
1232.95996094 0 -1
1233.66894531 0 -2
1234.55004883 0 -1
1235.24304199 -1 -1
1235.93896484 -1 0
1236.64697266 -1 1
1237.3659668 0 1
1238.21594238 0 0
1238.95300293 0 -1
1239.7590332 -1 -1
1240.42895508 -1 0
1241.16101074 0 0
1241.90600586 -1 0
1242.66394043 0 0
1243.34204102 -1 0
1244.12805176 0 0
1244.76696777 -1 0
1245.47802734 -2 0
1246.22497559 -2 1
1246.85302734 -1 1
1247.71801758 0 1
1248.35205078 0 0
1249.21398926 0 -1
1249.87402344 -1 -1
1250.72900391 -1 0
1251.61206055 -2 0
1252.29101562 -2 1
1253.13793945 -1 1
1253.87805176 0 1
1254.67797852 0 0
1255.50097656 -1 0
1256.38598633 -2 0
1257.11303711 -1 0
1257.73901367 -2 0
1258.55895996 -1 0
1259.26196289 -2 0
1259.87597656 -1 0
1260.75695801 -2 0
1261.38598633 -1 0
1261.99304199 -2 0
1262.82397461 -1 0
1263.6920166 0 0
1264.40905762 1 0
1265.22399902 0 0
1266.00097656 -1 0
1266.62597656 0 0
1267.47302246 1 0
1268.28295898 0 0
1269.03894043 -1 0
1269.83203125 0 0
1270.67602539 1 0
1271.57202148 0 0
1272.41894531 -1 0
1273.2779541 0 0
1273.94104004 0 -1
1274.59399414 -1 -1
1275.31201172 -1 0
1276.08203125 0 0
1276.98095703 0 -1
1277.82299805 -1 -1
1278.47998047 -1 0
1279.22302246 -1 -1
1279.84301758 -1 0
1280.60205078 -1 -1
1281.3659668 -1 0
1282.11901855 -1 -1
1282.7199707 -1 0
1283.61999512 -1 -1
1284.35400391 -1 0
1284.96398926 -1 -1
1285.59594727 -1 0
1286.46496582 -1 -1
1287.15002441 -1 0
1287.89599609 -1 -1
1288.74597168 -1 0
1289.39294434 -1 -1
1290.11303711 -1 0
1290.9510498 -1 -1
1291.74597168 -1 0
1292.36901855 -1 -1
1293.20703125 -1 0
1293.95703125 -1 -1
1294.80297852 -1 0
1295.59594727 -1 -1
1296.38195801 -1 0
1297.18603516 -1 1
1297.79797363 -1 0
1298.4329834 -1 1
1299.28503418 -1 0
1299.92700195 -1 1
1300.8079834 -1 2
1301.60998535 0 2
1302.25305176 0 1
1303.06298828 -1 1
1303.7590332 -1 2
1304.53295898 0 2
1305.29602051 0 1
1306.14501953 -1 1
1306.99401855 -1 2
1307.68200684 0 2
1308.41296387 -1 2
1309.08898926 0 2
1309.70800781 -1 2
1310.4699707 0 2
1311.27099609 0 1
1312.09094238 -1 1
1312.83105469 -2 1
1313.56298828 -1 1
1314.21801758 0 1
1314.96801758 -1 1
1315.69494629 0 1
1316.4510498 -1 1
1317.07800293 0 1
1317.88500977 -1 1
1318.68395996 0 1
1319.40405273 -1 1
1320.19494629 0 1
1320.86499023 -1 1
1321.69799805 0 1
1322.57495117 -1 1
1323.27099609 0 1
1324.08703613 -1 1
1324.98400879 0 1
1325.7010498 -1 1
1326.49304199 0 1
1327.37805176 -1 1
1328.13305664 -1 2
1328.93701172 0 2
1329.63098145 0 1
1330.49597168 0 0
1331.30505371 0 -1
1331.90698242 -1 -1
1332.66894531 -1 0
1333.29003906 -1 1
1334.1619873 -1 2
1334.79199219 0 2
1335.65600586 0 1
1336.44995117 0 0
1337.26599121 0 -1
1338.11206055 -1 -1
1338.87402344 -1 0
1339.61499023 -1 1
1340.2220459 -1 0
1340.89196777 -1 1
1341.62597656 -1 0
1342.51501465 -1 1
1343.39599609 -1 0
1344.10803223 -1 1
1344.80102539 -2 1
1345.64404297 -1 1
1346.30004883 0 1
1346.95898438 0 0
1347.85705566 -1 0
1348.68103027 -2 0
1349.33105469 -1 0
1350.01293945 -2 0
1350.86694336 -1 0
1351.55603027 -2 0
1352.29394531 -1 0
1352.9699707 -2 0
1353.69799805 -1 0
1354.42895508 0 0
1355.2130127 0 -1
1355.88500977 -1 -1
1356.75598145 -1 0
1357.61901855 0 0
1358.23596191 0 -1
1359.02001953 -1 -1
1359.83105469 -1 0
1360.68395996 -1 -1
1361.51293945 -1 0
1362.18505859 -1 -1
1362.93603516 -1 0
1363.54003906 -1 -1
1364.3659668 -1 0
1365.04003906 -1 -1
1365.76403809 -1 0
1366.50805664 -1 -1
1367.38500977 -1 0
1368.01794434 -1 -1
1368.71398926 -1 0
1369.46398926 -1 -1
1370.27001953 -1 0
1370.92602539 -1 1
1371.74401855 0 1
1372.35302734 0 0
1373.22302246 -1 0
1373.89294434 -1 1
1374.78894043 0 1
1375.39294434 -1 1
1376.01904297 0 1
1376.64904785 -1 1
1377.51403809 0 1
1378.32702637 -1 1
1379.08105469 0 1
1379.74694824 -1 1
1380.52197266 0 1
1381.21899414 -1 1
1382.06396484 0 1
1382.69299316 -1 1
1383.4630127 0 1
1384.25305176 -1 1
1385.1340332 0 1
1385.93994141 -1 1
1386.79699707 0 1
1387.50695801 -1 1
1388.35803223 0 1
1388.97595215 -1 1
1389.85205078 -1 2
1390.59301758 0 2
1391.22595215 0 1
1391.98205566 -1 1
1392.875 -1 2
1393.66796875 0 2
1394.53503418 0 1
1395.43395996 -1 1
1396.04199219 0 1
1396.93200684 -1 1
1397.71801758 0 1
1398.38793945 -1 1
1399.23095703 0 1
1400.00598145 -1 1
1400.62695312 -2 1
1401.26904297 -1 1
1401.89294434 0 1
1402.54199219 -1 1
1403.40405273 0 1
1404.10498047 -1 1
1404.72094727 0 1
1405.57800293 -1 1
1406.1920166 0 1
1407.0489502 -1 1
1407.82897949 0 1
1408.5369873 -1 1
1409.27502441 0 1
1410.11499023 -1 1
1410.93701172 0 1
1411.78198242 -1 1
1412.41699219 -1 2
1413.17602539 0 2
1413.89794922 0 1
1414.5369873 0 0
1415.41894531 0 -1
1416.03405762 0 -2
1416.89599609 0 -1
1417.64904785 0 -2
1418.36499023 0 -1
1418.97595215 1 -1
1419.64196777 0 -1
1420.54003906 1 -1
1421.30895996 0 -1
1421.92602539 1 -1
1422.61499023 2 -1
1423.49804688 2 0
1424.30297852 2 1
1425.03894043 1 1
1425.66101074 1 0
1426.41894531 2 0
1427.20495605 2 1
1427.93896484 1 1
1428.83898926 1 0
1429.60498047 2 0
1430.22802734 2 1
1430.85302734 1 1
1431.73205566 1 0
1432.63000488 2 0
1433.34094238 2 1
1434.1619873 1 1
1434.90100098 0 1
1435.52404785 0 0
1436.14196777 0 -1
1436.74694824 1 -1
1437.39697266 1 0
1438.23498535 2 0
1439.08605957 2 1
1439.71801758 1 1
1440.55200195 0 1
1441.22302246 0 0
1442.05700684 0 -1
1442.87805176 1 -1
1443.7409668 1 0
1444.43994141 2 0
1445.2989502 2 1
1445.97998047 1 1
1446.76696777 0 1
1447.6619873 0 0
1448.5279541 0 1
1449.28601074 0 0
1449.90698242 0 1
1450.53405762 0 0
1451.20300293 0 1
1451.93005371 0 2
1452.62902832 0 1
1453.2800293 0 2
1454.14099121 1 2
1454.94494629 0 2
1455.61804199 1 2
1456.51403809 0 2
1457.32897949 1 2
1458.01501465 0 2
1458.80297852 1 2
1459.67602539 1 1
1460.56604004 1 2
1461.39697266 1 1
1462.29602051 1 2
1462.99499512 1 1
1463.72900391 1 2
1464.54504395 1 1
1465.38793945 1 0
1465.99804688 1 -1
1466.89599609 1 0
1467.64294434 1 -1
1468.39501953 1 0
1469.27502441 1 -1
1470.13305664 1 0
1470.87194824 1 -1
1471.58605957 1 0
1472.2800293 1 -1
1473.08605957 1 0
1473.92102051 1 -1
1474.56799316 1 0
1475.23303223 1 -1
1475.875 1 0
1476.75805664 1 -1
1477.49194336 1 0
1478.23095703 1 -1
1478.96105957 1 0
1479.66003418 1 -1
1480.44104004 1 0
1481.14904785 1 -1
1481.75305176 1 0
1482.41894531 1 -1
1483.14501953 1 0
1483.74902344 1 -1
1484.48596191 1 0
1485.25805664 1 -1
1485.86804199 1 0
1486.71105957 0 0
1487.35705566 0 -1
1488.10205078 1 -1
1488.94104004 1 0
1489.71899414 0 0
1490.5579834 -1 0
1491.41394043 -1 1
1492.15600586 -1 2
1492.97302246 0 2
1493.77197266 0 1
1494.5949707 0 0
1495.19995117 -1 0
1495.87402344 -1 1
1496.69799805 -1 0
1497.40100098 -1 1
1498.09399414 -1 0
1498.73901367 -1 1
1499.45300293 -2 1
1500.21899414 -1 1
1501.05297852 0 1
1501.87805176 -1 1
1502.62805176 0 1
1503.47900391 -1 1
1504.2220459 0 1
1504.83703613 -1 1
1505.71899414 0 1
1506.58996582 -1 1
1507.26196289 0 1
1507.90100098 -1 1
1508.55700684 0 1
1509.34899902 -1 1
1510.21899414 0 1
1510.93896484 -1 1
1511.79101562 0 1
1512.60400391 -1 1
1513.4909668 0 1
1514.33398438 -1 1
1515.11401367 0 1
1515.72094727 -1 1
1516.37597656 0 1
1516.9909668 -1 1
1517.88793945 -2 1
1518.62597656 -1 1
1519.39904785 0 1
1520.01501465 -1 1
1520.68200684 0 1
1521.29394531 -1 1
1522.08398438 0 1
1522.69299316 -1 1
1523.4239502 0 1
1524.30700684 0 0
1525.0760498 -1 0
1525.89294434 -1 -1
1526.61804199 -1 0
1527.42895508 -1 -1
1528.04797363 -1 0
1528.79797363 -1 -1
1529.47802734 -1 0
1530.12805176 -1 -1
1530.88098145 -1 0
1531.61303711 -1 1
1532.46704102 -1 0
1533.29101562 -1 1
1533.90600586 -1 0
1534.66601562 -1 1
1535.53503418 -1 0
1536.39501953 -1 1
1537.23303223 -1 0
1538.04003906 -1 1
1538.78796387 -1 0
1539.54199219 -1 1
1540.29797363 -1 0
1541.02294922 -1 1
1541.69299316 -1 2
1542.35095215 0 2
1543.14294434 0 1
1543.88500977 0 2
1544.75 0 1
1545.56005859 0 2
1546.41296387 0 1
1547.0670166 0 0
1547.79003906 0 1
1548.54504395 0 0
1549.40002441 0 1
1550.15405273 0 0
1550.85595703 0 1
1551.74194336 0 0
1552.59594727 -1 0
1553.34899902 -1 1
1553.9720459 0 1
1554.69396973 -1 1
1555.52600098 0 1
1556.17895508 -1 1
1556.88903809 0 1
1557.67797852 -1 1
1558.40002441 0 1
1559.09094238 -1 1
1559.83300781 0 1
1560.50500488 -1 1
1561.17504883 0 1
1561.94604492 -1 1
1562.70800781 0 1
1563.3470459 -1 1
1564.10205078 0 1
1564.83496094 -1 1
1565.66699219 0 1
1566.56604004 -1 1
1567.32897949 0 1
1568.06494141 -1 1
1568.80102539 0 1
1569.58996582 -1 1
1570.19799805 -2 1
1570.98803711 -1 1
1571.70397949 0 1
1572.35803223 -1 1
1573.19604492 0 1
1574.0970459 -1 1
1574.88500977 0 1
1575.55004883 -1 1
1576.26904297 0 1
1576.9699707 -1 1
1577.62805176 0 1
1578.51196289 -1 1
1579.11901855 0 1
1579.86999512 -1 1
1580.59399414 0 1
1581.38305664 0 2
1582.04602051 1 2
1582.68701172 1 1
1583.58496094 2 1
1584.44396973 1 1
1585.05395508 2 1
1585.81005859 1 1
1586.50305176 2 1
1587.14904785 1 1
1587.83605957 2 1
1588.46496582 1 1
1589.23205566 2 1
1590.09204102 1 1
1590.94604492 0 1
1591.59399414 0 2
1592.25695801 0 1
1592.98205566 0 2
1593.76696777 0 1
1594.64501953 0 2
1595.26501465 0 1
1595.97998047 0 2
1596.62902832 0 1
1597.34594727 0 2
1598.09802246 0 1
1598.71398926 0 0
1599.43994141 0 1
1600.04504395 0 0
1600.91296387 0 1
1601.70800781 0 0
1602.40100098 0 1
1603.19396973 0 0
1603.82397461 0 1
1604.5949707 0 0
1605.2409668 0 1
1606.04602051 0 2
1606.92102051 0 1
1607.72705078 0 2
1608.45495605 0 1
1609.0760498 0 2
1609.87902832 0 1
1610.72595215 0 2
1611.39294434 0 1
1612.03796387 0 2
1612.91101074 0 1
1613.66003418 0 0
1614.26794434 -1 0
1614.93200684 -1 1
1615.78601074 -1 0
1616.6619873 -1 1
1617.45898438 -1 0
1618.0949707 -1 -1
1618.89404297 -1 0
1619.62402344 -1 -1
1620.26403809 -1 0
1620.8659668 -1 -1
1621.46704102 -1 0
1622.22900391 -1 -1
1622.85400391 -1 0
1623.75 -2 0
1624.59899902 -1 0
1625.4329834 -2 0
1626.19604492 -1 0
1626.87194824 -2 0
1627.76403809 -1 0
1628.64001465 -2 0
1629.4630127 -1 0
1630.35900879 -2 0
1631.18005371 -1 0
1632.07995605 0 0
1632.68701172 -1 0
1633.32104492 0 0
1634.17700195 -1 0
1634.7800293 0 0
1635.49804688 0 -1
1636.36999512 1 -1
1637.15795898 0 -1
1637.83300781 1 -1
1638.57397461 1 0
1639.23901367 1 -1
1640.01196289 1 0
1640.7779541 1 -1
1641.45898438 1 0
1642.08703613 1 -1
1642.69494629 1 0
1643.30297852 1 -1
1643.99194336 1 0
1644.70300293 1 -1
1645.33105469 1 0
1645.95800781 1 -1
1646.72094727 1 0
1647.5949707 0 0
1648.27099609 -1 0
1648.90197754 0 0
1649.68701172 0 -1
1650.30200195 1 -1
1650.97399902 1 0
1651.62304688 0 0
1652.49804688 -1 0
1653.36499023 0 0
1654.04199219 0 -1
1654.67504883 1 -1
1655.56494141 1 0
1656.2010498 0 0
1657.00598145 0 -1
1657.66394043 1 -1
1658.33898926 1 0
1658.98901367 1 -1
1659.67004395 1 0
1660.38793945 1 -1
1661.18200684 1 0
1661.92297363 1 -1
1662.66503906 1 0
1663.50305176 1 -1
1664.22900391 1 0
1664.84802246 2 0
1665.45605469 2 1
1666.07299805 1 1
1666.95397949 1 0
1667.70605469 2 0
1668.34204102 2 1
1669.10498047 1 1
1669.93896484 1 0
1670.77600098 2 0
1671.5090332 2 1
1672.18994141 1 1
1673.00500488 0 1
1673.81103516 -1 1
1674.48498535 0 1
1675.22302246 -1 1
1676.0970459 0 1
1676.90100098 -1 1
1677.52404785 0 1
1678.2010498 -1 1
1678.89794922 0 1
1679.66796875 -1 1
1680.32202148 0 1
1681.11694336 -1 1
1681.8840332 0 1
1682.62097168 -1 1
1683.44897461 0 1
1684.22705078 -1 1
1685.01000977 0 1
1685.61206055 -1 1
1686.23706055 0 1
1687.12097168 -1 1
1687.99194336 0 1
1688.70300293 -1 1
1689.36096191 -1 0
1690.15698242 -1 -1
1690.92504883 -1 0
1691.67797852 -1 -1
1692.41894531 -1 0
1693.16503906 -1 -1
1693.95495605 -1 0
1694.64099121 -1 -1
1695.36303711 -1 0
1696.08105469 -1 -1
1696.95703125 -1 0
1697.82104492 -1 -1
1698.48205566 -1 0
1699.23803711 -1 1
1699.95397949 -1 0
1700.55895996 -1 1
1701.27001953 -1 0
1702.10803223 -1 1
1702.92700195 -1 0
1703.71398926 -1 1
1704.41003418 -1 0
1705.28601074 -1 1
1706.05297852 -1 0
1706.80004883 -1 1
1707.45397949 -1 0
1708.24804688 -1 1
1709.05297852 -1 0
1709.90002441 -1 1
1710.58105469 -1 0
1711.23095703 -1 1
1712.00500488 -1 0
1712.76098633 -1 -1
1713.54003906 -1 0
1714.28894043 -1 -1
1715.08996582 -1 0
1715.7989502 -1 -1
1716.53894043 -1 0
1717.38903809 -1 -1
1718.02197266 -1 0
1718.72302246 -1 -1
1719.57202148 -1 0
1720.45397949 -1 -1
1721.06604004 -1 0
1721.90002441 -1 -1
1722.54797363 -1 0
1723.37597656 -1 -1
1724.21105957 -1 0
1724.83203125 -1 1
1725.69799805 -1 0
1726.47900391 -1 1
1727.17199707 -1 0
1727.80004883 -1 1
1728.42297363 -2 1
1729.17297363 -1 1
1729.89794922 -2 1
1730.76293945 -1 1
1731.62097168 0 1
1732.35900879 -1 1
1733.08496094 0 1
1733.7989502 -1 1
1734.49902344 0 1
1735.3170166 -1 1
1736.18005371 0 1
1736.91796875 0 2
1737.81005859 0 1
1738.51293945 0 2
1739.34899902 0 1
1740.24597168 0 0
1741.01293945 0 1
1741.81005859 0 0
1742.69494629 0 1
1743.59204102 0 0
1744.27099609 0 1
1745.11901855 0 0
1745.92700195 0 1
1746.70800781 1 1
1747.38000488 2 1
1748.18505859 1 1
1749.06896973 2 1
1749.94995117 1 1
1750.61206055 0 1
1751.44494629 0 2
1752.28503418 0 1
1753.06494141 0 2
1753.88000488 0 1
1754.72302246 0 2
1755.59301758 0 1
1756.23400879 1 1
1757.04199219 2 1
1757.72900391 1 1
1758.58105469 0 1
1759.29101562 0 2
1759.99194336 0 1
1760.75097656 1 1
1761.51098633 1 0
1762.14001465 0 0
1762.7779541 1 0
1763.63098145 0 0
1764.44799805 1 0
1765.21899414 0 0
1766.03295898 1 0
1766.7130127 2 0
1767.44104004 2 1
1768.1920166 1 1
1768.96704102 1 0
1769.79797363 2 0
1770.59301758 2 1
1771.34594727 1 1
1771.97998047 1 0
1772.73999023 1 -1
1773.34094238 1 0
1774.02905273 1 -1
1774.70605469 1 0
1775.4630127 1 -1
1776.35400391 1 0
1776.96203613 1 -1
1777.66394043 1 0
1778.37902832 1 -1
1779.0670166 1 0
1779.92199707 2 0
1780.73303223 2 1
1781.4029541 1 1
1782.26403809 1 0
1783.07104492 2 0
1783.89099121 2 1
1784.75305176 1 1
1785.52697754 1 0
1786.15905762 0 0
1786.9239502 1 0
1787.69494629 0 0
1788.32800293 1 0
1788.9630127 2 0
1789.5949707 2 1
1790.35705566 1 1
1791.07495117 1 0
1791.88000488 2 0
1792.68103027 1 0
1793.55895996 0 0
1794.28405762 1 0
1795.09802246 2 0
1795.91394043 2 1
1796.56396484 1 1
1797.30297852 1 0
1797.99804688 2 0
1798.61804199 2 1
1799.32702637 1 1
1800.00402832 0 1
1800.66796875 0 2
1801.46704102 0 1
1802.16601562 0 2
1802.94799805 0 1
1803.60498047 0 0
1804.46801758 0 1
1805.35400391 0 0
1805.97094727 0 1
1806.79101562 1 1
1807.45300293 0 1
1808.19299316 1 1
1808.97399902 0 1
1809.85803223 1 1
1810.55004883 0 1
1811.25195312 1 1
1811.90405273 0 1
1812.58703613 1 1
1813.19104004 0 1
1813.93994141 1 1
1814.72094727 0 1
1815.46594238 1 1
1816.18005371 1 2
1816.99499512 1 1
1817.62097168 1 0
1818.48706055 2 0
1819.16503906 2 1
1819.83105469 1 1
1820.61096191 1 0
1821.45605469 2 0
1822.28796387 2 1
1823.05004883 1 1
1823.85205078 1 0
1824.71496582 1 -1
1825.33398438 1 0
1825.94702148 1 -1
1826.83898926 1 0
1827.62097168 1 -1
1828.28796387 1 0
1829.08898926 1 -1
1829.85095215 1 0
1830.70397949 1 -1
1831.53503418 1 0
1832.34899902 1 -1
1833.01403809 1 0
1833.65698242 1 -1
1834.31005859 1 0
1835.13305664 1 -1
1835.95703125 1 0
1836.67297363 2 0
1837.56799316 2 1
1838.20800781 1 1
1838.88598633 1 2
1839.7409668 1 1
1840.55395508 1 0
1841.44299316 2 0
1842.1619873 2 1
1842.98803711 1 1
1843.70996094 1 0
1844.45397949 2 0
1845.07104492 1 0
1845.87097168 2 0
1846.73706055 1 0
1847.54394531 0 0
1848.43005371 1 0
1849.27502441 0 0
1850.13696289 1 0
1850.7800293 0 0
1851.48803711 1 0
1852.33300781 2 0
1852.9630127 1 0
1853.68200684 2 0
1854.35998535 1 0
1854.9909668 1 -1
1855.63000488 1 0
1856.29003906 1 -1
1857.13598633 1 0
1857.98303223 1 -1
1858.59204102 1 0
1859.47399902 1 -1
1860.24304199 1 0
1861.08703613 1 -1
1861.76501465 1 0
1862.51403809 1 1
1863.35998535 1 0
1864.20495605 1 1
1864.88500977 1 0
1865.5579834 1 1
1866.18505859 1 2
1867.08300781 1 1
1867.92199707 1 0
1868.6829834 1 1
1869.50305176 1 0
1870.23706055 1 1
1871.0760498 1 0
1871.90698242 1 1
1872.79296875 1 0
1873.49597168 1 1
1874.36999512 1 0
1875.17602539 1 1
1875.92199707 1 2
1876.52294922 1 1
1877.35803223 1 2
1878.08300781 1 1
1878.80505371 1 0
1879.5 1 1
1880.18505859 1 0
1880.93005371 1 1
1881.70605469 1 0
1882.45703125 1 1
1883.19299316 1 0
1884.01000977 2 0
1884.83996582 1 0
1885.58703613 2 0
1886.32104492 1 0
1886.92797852 2 0
1887.54394531 1 0
1888.39697266 2 0
1889.28503418 1 0
1890.03198242 0 0
1890.78198242 1 0
1891.48706055 0 0
1892.31103516 1 0
1893.11096191 0 0
1893.97802734 1 0
1894.68603516 0 0
1895.44299316 1 0
1896.11096191 2 0
1896.80200195 1 0
1897.69299316 2 0
1898.37805176 1 0
1899.16503906 2 0
1900.06298828 1 0
1900.75500488 2 0
1901.44494629 1 0
1902.05603027 1 1
1902.70300293 0 1
1903.38195801 1 1
1904.09204102 0 1
1904.72399902 1 1
1905.53295898 0 1
1906.16503906 1 1
1906.96398926 0 1
1907.80700684 1 1
1908.61499023 0 1
1909.43896484 1 1
1910.15905762 0 1
1910.78894043 1 1
1911.49194336 0 1
1912.21704102 1 1
1913.09802246 0 1
1913.95703125 1 1
1914.67004395 2 1
1915.27502441 1 1
1915.94702148 2 1
1916.84204102 1 1
1917.59594727 1 0
1918.31005859 1 1
1919.13305664 1 0
1919.86096191 1 1
1920.55102539 1 0
1921.25695801 1 1
1921.97900391 1 0
1922.72802734 1 1
1923.59594727 1 0
1924.35400391 1 1
1925.09594727 1 0
1925.86096191 1 1
1926.64404297 1 0
1927.30297852 1 1
1928.13195801 1 0
1928.98596191 1 1
1929.84301758 1 2
1930.52099609 1 1
1931.30200195 1 0
1932.01501465 1 1
1932.88305664 1 0
1933.59094238 1 1
1934.31994629 1 0
1935.19396973 1 1
1935.86694336 1 0
1936.73803711 1 1
1937.57495117 1 0
1938.4329834 1 1
1939.32702637 1 2
1940.00195312 1 1
1940.64599609 1 0
1941.49304199 1 1
1942.37695312 1 0
1943.17700195 1 1
1943.78503418 2 1
1944.48095703 1 1
1945.09899902 2 1
1945.84301758 1 1
1946.53894043 0 1
1947.2590332 1 1
1947.93103027 0 1
1948.56201172 1 1
1949.24499512 0 1
1949.99194336 1 1
1950.59802246 0 1
1951.38000488 1 1
1952.11499023 0 1
1952.79296875 1 1
1953.39697266 0 1
1954.24401855 1 1
1954.9510498 0 1
1955.81604004 1 1
1956.53601074 0 1
1957.40002441 1 1
1958.20495605 2 1
1958.96105957 1 1
1959.64904785 2 1
1960.43505859 1 1
1961.0369873 0 1
1961.83703613 1 1
1962.56201172 0 1
1963.23999023 1 1
1964.05200195 0 1
1964.76904297 1 1
1965.59301758 0 1
1966.26000977 1 1
1966.9699707 0 1
1967.68103027 1 1
1968.55895996 0 1
1969.18994141 1 1
1969.85205078 1 0
1970.50598145 1 1
1971.125 1 0
1971.82299805 1 1
1972.53503418 1 0
1973.16503906 1 1
1973.83898926 1 0
1974.50097656 1 1
1975.28295898 1 0
1976.01098633 1 1
1976.7199707 1 0
1977.51904297 1 1
1978.3470459 1 0
1978.97302246 1 1
1979.6529541 1 0
1980.30895996 1 1
1981.15795898 1 2
1981.8079834 1 1
1982.42504883 1 0
1983.08605957 1 1
1983.87902832 1 0
1984.71105957 1 1
1985.38000488 1 0
1986.07995605 1 1
1986.75598145 1 0
1987.55004883 1 1
1988.39294434 1 0
1989.23095703 1 1
1990.10705566 1 2
1990.92504883 1 1
1991.55505371 1 0
1992.28405762 1 1
1992.94299316 1 0
1993.81103516 1 1
1994.57495117 1 0
1995.42297363 1 1
1996.31201172 1 0
1996.93798828 1 1
1997.67895508 1 0
1998.33703613 1 1
1999.07897949 1 0
1999.96899414 1 1
2000.74694824 1 0
2001.55603027 1 1
2002.24694824 2 1
2002.95996094 1 1
2003.65905762 2 1
2004.35095215 1 1
2005.23999023 2 1
2006.10595703 1 1
2006.8380127 2 1
2007.49499512 1 1
2008.18603516 0 1
2009.03796387 1 1
2009.70495605 0 1
2010.3659668 1 1
2011.02600098 0 1
2011.76196289 1 1
2012.58398438 0 1
2013.19299316 1 1
2013.80505371 0 1
2014.59594727 1 1
2015.36206055 0 1
2015.98205566 1 1
2016.69897461 0 1
2017.44799805 1 1
2018.18603516 0 1
2018.86499023 1 1
2019.71801758 0 1
2020.49401855 1 1
2021.13793945 0 1
2021.96105957 1 1
2022.69104004 0 1
2023.38903809 1 1
2024.10205078 0 1
2024.75195312 1 1
2025.42602539 0 1
2026.11401367 1 1
2026.78601074 0 1
2027.52697754 1 1
2028.35900879 0 1
2029.05395508 1 1
2029.72998047 1 2
2030.58996582 1 1
2031.28100586 1 0
2032.12097168 1 1
2032.89099121 1 0
2033.69299316 1 1
2034.36694336 1 0
2035.25402832 1 1
2035.9909668 1 0
2036.85998535 1 1
2037.60998535 1 0
2038.25097656 1 1
2038.90795898 1 0
2039.56896973 1 1
2040.22094727 1 0
2041.06994629 1 1
2041.92199707 1 0
2042.61694336 1 1
2043.43395996 1 0
2044.15905762 1 1
2044.82995605 1 0
2045.65905762 1 1
2046.37304688 1 0
2047.05700684 1 1
2047.68701172 1 0
2048.33789062 1 1
2048.9440918 1 0
2049.64599609 1 1
2050.46606445 1 0
2051.19604492 1 1
2052.0859375 1 0
2052.91992188 1 1
2053.81689453 1 0
2054.52709961 1 1
2055.17089844 2 1
2055.83691406 1 1
2056.47290039 2 1
2057.22509766 1 1
2058.09008789 2 1
2058.76293945 1 1
2059.38500977 2 1
2060.08398438 1 1
2060.69604492 2 1
2061.58398438 1 1
2062.24609375 0 1
2062.86108398 1 1
2063.67993164 0 1
2064.51489258 1 1
2065.39111328 0 1
2066.26391602 1 1
2067.10498047 0 1
2067.87109375 1 1
2068.66601562 0 1
2069.53491211 1 1
2070.23291016 0 1
2071.04003906 1 1
2071.9050293 0 1
2072.63891602 1 1
2073.49511719 0 1
2074.10205078 1 1
2074.74804688 0 1
2075.35791016 1 1
2076.23193359 0 1
2077.01708984 1 1
2077.89111328 1 2
2078.49389648 1 1
2079.15209961 1 2
2080.02587891 1 1
2080.63305664 1 0
2081.39599609 1 1
2082.02490234 1 0
2082.69189453 1 1
2083.29711914 1 0
2083.93798828 1 1
2084.56591797 1 0
2085.37988281 1 1
2086.21704102 1 0
2086.97509766 1 1
2087.83105469 1 0
2088.66699219 1 1
2089.35888672 1 0
2090.15795898 1 1
2090.93994141 1 0
2091.7980957 1 1
2092.68798828 1 0
2093.51806641 1 1
2094.18896484 1 0
2094.9519043 1 1
2095.79101562 1 0
2096.51708984 1 1
2097.31201172 1 0
2097.95996094 1 1
2098.62988281 1 0
2099.23291016 1 1
2100.0090332 1 0
2100.83691406 1 1
2101.54003906 1 0
2102.40893555 1 1
2103.19702148 1 0
2104.03710938 1 1
2104.7980957 1 0
2105.41796875 1 1
2106.12792969 1 0
2106.95800781 1 1
2107.6730957 1 0
2108.32006836 1 1
2109.16601562 1 0
2109.85888672 1 1
2110.75097656 1 0
2111.41210938 1 1
2112.3059082 1 0
2113.05102539 1 1
2113.77709961 1 2
2114.56298828 1 1
2115.17089844 1 0
2115.7980957 1 1
2116.51708984 1 0
2117.26489258 1 1
2117.90991211 1 0
2118.57006836 1 1
2119.28198242 1 0
2120.02001953 1 1
2120.65893555 1 0
2121.3840332 1 1
2122.01708984 1 0
2122.63598633 2 0
2123.44604492 1 0
2124.21606445 2 0
2124.88110352 1 0
2125.70996094 2 0
2126.50195312 1 0
2127.10693359 2 0
2127.74389648 1 0
2128.47998047 2 0
2129.34106445 1 0
2129.97290039 2 0
2130.74389648 1 0
2131.5480957 0 0
2132.25390625 1 0
2133.04003906 0 0
2133.88598633 1 0
2134.63305664 0 0
2135.37402344 1 0
2136.18896484 0 0
2136.84106445 1 0
2137.50708008 0 0
2138.30493164 1 0
2138.93603516 0 0
2139.83398438 1 0
2140.55908203 2 0
2141.31396484 1 0
2142.18994141 2 0
2142.89306641 1 0
2143.62011719 2 0
2144.28393555 1 0
2144.91796875 2 0
2145.70092773 1 0
2146.35107422 2 0
2146.99707031 1 0
2147.86499023 0 0
2148.73388672 1 0
2149.35205078 0 0
2150.21704102 1 0
2150.90087891 0 0
2151.73803711 1 0
2152.34594727 0 0
2153.24194336 1 0
2153.98291016 0 0
2154.625 1 0
2155.25195312 2 0
2155.94311523 1 0
2156.66992188 2 0
2157.51000977 1 0
2158.13110352 1 -1
2158.7800293 1 0
2159.58789062 1 -1
2160.45507812 1 0
2161.21191406 1 -1
2161.92895508 1 0
2162.64111328 1 -1
2163.27392578 1 0
2163.91088867 1 -1
2164.75488281 1 0
2165.54394531 1 -1
2166.33105469 1 0
2167.06494141 1 -1
2167.86010742 1 0
2168.54101562 1 -1
2169.37109375 1 0
2170.01196289 1 -1
2170.81298828 1 0
2171.54296875 1 -1
2172.20898438 1 0
2172.90209961 1 -1
2173.55200195 1 0
2174.2980957 1 -1
2175.09790039 1 0
2175.75610352 1 -1
2176.6550293 1 0
2177.54907227 1 -1
2178.42895508 1 0
2179.2590332 1 -1
2180.01806641 1 0
2180.78295898 1 -1
2181.51708984 1 0
2182.29492188 1 -1
2182.93994141 1 0
2183.68408203 1 1
2184.43505859 1 0
2185.23388672 1 1
2185.88989258 1 0
2186.69799805 1 1
2187.33203125 1 0
2188.13891602 1 1
2188.85302734 1 0
2189.73095703 1 1
2190.50292969 1 0
2191.39111328 1 1
2192.26489258 1 0
2193.1340332 1 1
2193.91210938 1 2
2194.64404297 1 1
2195.46191406 1 2
2196.14892578 1 1
2196.99389648 1 0
2197.80395508 1 1
2198.52294922 1 0
2199.29907227 1 1
2200.15405273 1 0
2200.99902344 1 1
2201.625 1 0
2202.46191406 1 1
2203.19311523 1 0
2203.87402344 1 1
2204.51806641 0 1
2205.21801758 1 1
2205.89794922 0 1
2206.67993164 1 1
2207.5300293 0 1
2208.33300781 1 1
2209.22290039 0 1
2209.99804688 1 1
2210.6550293 0 1
2211.31201172 1 1
2212.01806641 0 1
2212.67089844 1 1
2213.43408203 0 1
2214.14306641 1 1
2214.8840332 2 1
2215.77905273 1 1
2216.47290039 2 1
2217.23901367 1 1
2217.87207031 0 1
2218.5480957 1 1
2219.36303711 0 1
2220.20410156 1 1
2220.99804688 0 1
2221.87402344 1 1
2222.70800781 0 1
2223.51489258 1 1
2224.26293945 0 1
2225.11694336 1 1
2225.8840332 0 1
2226.625 1 1
2227.35009766 0 1
2228.16308594 1 1
2228.99511719 0 1
2229.67407227 1 1
2230.53295898 0 1
2231.35888672 1 1
2232.02001953 2 1
2232.73608398 1 1
2233.62207031 2 1
2234.52099609 1 1
2235.13110352 0 1
2235.89404297 1 1
2236.60498047 0 1
2237.3190918 1 1
2238.20507812 1 2
2239.09106445 1 1
2239.77197266 1 0
2240.56811523 1 1
2241.2890625 1 0
2241.93188477 1 1
2242.71899414 1 0
2243.55810547 1 1
2244.26611328 1 0
2245.0559082 1 1
2245.90209961 1 0
2246.58105469 1 1
2247.2590332 1 0
2247.98388672 1 1
2248.625 1 0
2249.28198242 1 1
2249.97412109 1 0
2250.77490234 1 1
2251.60498047 1 0
2252.33789062 1 1
2252.95092773 1 0
2253.82397461 1 1
2254.53491211 1 0
2255.19702148 1 1
2255.91210938 1 0
2256.6340332 1 1
2257.46801758 1 0
2258.25195312 1 1
2258.97290039 1 0
2259.71508789 1 1
2260.41992188 1 0
2261.27587891 1 1
2261.93310547 1 0
2262.81494141 1 1
2263.59204102 1 0
2264.19311523 1 1
2264.97412109 1 0
2265.86010742 1 1
2266.53198242 1 0
2267.39404297 1 1
2268.10791016 1 0
2268.73510742 1 1
2269.53100586 1 0
2270.42089844 1 1
2271.08911133 1 0
2271.84594727 1 1
2272.53491211 1 0
2273.38696289 1 1
2274.15405273 1 0
2275.04907227 1 1
2275.84008789 1 2
2276.72412109 1 1
2277.43896484 1 0
2278.07104492 1 1
2278.69189453 1 0
2279.39990234 1 1
2280.12402344 1 0
2280.93505859 1 1
2281.70898438 1 0
2282.48999023 2 0
2283.35302734 1 0
2284.09912109 2 0
2284.95288086 1 0
2285.59106445 2 0
2286.37695312 1 0
2287.2199707 2 0
2288.10595703 1 0
2289.00610352 2 0
2289.62988281 1 0
2290.52001953 2 0
2291.31591797 1 0
2292.12304688 2 0
2292.84301758 1 0
2293.65600586 0 0
2294.54394531 1 0
2295.38793945 0 0
2296.12402344 1 0
2296.94897461 0 0
2297.63891602 1 0
2298.31298828 0 0
2299.16601562 1 0
2299.7980957 0 0
2300.63696289 1 0
2301.53393555 0 0
2302.4309082 1 0
2303.14111328 0 0
2303.83398438 1 0
2304.66210938 0 0
2305.35205078 1 0
2305.97900391 2 0
2306.80297852 1 0
2307.49902344 2 0
2308.39208984 1 0
2309.24389648 2 0
2310.06396484 1 0
2310.73193359 2 0
2311.47802734 1 0
2312.24902344 2 0
2312.93603516 1 0
2313.78393555 2 0
2314.64990234 1 0
2315.37011719 0 0
2316.01611328 1 0
2316.89599609 1 -1
2317.53491211 1 0
2318.16088867 1 -1
2318.94897461 1 0
2319.84106445 1 -1
2320.53198242 1 0
2321.41503906 1 -1
2322.12695312 1 0
2323.01293945 1 -1
2323.67895508 1 0
2324.34912109 1 -1
2325.02807617 1 0
2325.64306641 1 -1
2326.27807617 1 0
2327.04589844 1 -1
2327.84106445 1 0
2328.5300293 1 -1
2329.2199707 1 0
2329.88208008 1 -1
2330.66210938 1 0
2331.34106445 1 -1
2332.09106445 1 0
2332.92993164 1 -1
2333.65893555 1 0
2334.38793945 1 -1
2335.07397461 1 0
2335.74902344 1 -1
2336.54907227 1 0
2337.27099609 1 -1
2337.97607422 1 0
2338.72509766 1 -1
2339.59912109 1 0
2340.21899414 1 1
2341.04711914 0 1
2341.92993164 0 0
2342.65087891 1 0
2343.27807617 1 1
2343.92407227 0 1
2344.64404297 1 1
2345.5390625 0 1
2346.27807617 1 1
2347.10498047 0 1
2347.90698242 1 1
2348.55493164 0 1
2349.43994141 1 1
2350.20898438 0 1
2351.05688477 1 1
2351.73510742 0 1
2352.5300293 1 1
2353.26806641 0 1
2354.07910156 1 1
2354.7800293 0 1
2355.47509766 1 1
2356.10400391 0 1
2356.73388672 1 1
2357.43701172 0 1
2358.11206055 1 1
2358.81396484 0 1
2359.61694336 1 1
2360.30395508 0 1
2360.96289062 1 1
2361.77001953 0 1
2362.54711914 1 1
2363.30102539 1 2
2364.16992188 1 1
2364.96191406 1 2
2365.70507812 1 1
2366.59399414 1 0
2367.38500977 1 1
2368.02001953 1 0
2368.76806641 1 1
2369.49389648 1 0
2370.20507812 1 1
2370.88208008 1 0
2371.71411133 1 1
2372.56494141 1 0
2373.40087891 1 1
2374.13696289 1 0
2374.96411133 1 1
2375.73510742 1 0
2376.625 1 1
2377.34912109 1 0
2378.16210938 1 1
2378.81811523 1 0
2379.47607422 1 1
2380.09912109 1 0
2380.9140625 1 1
2381.6940918 1 0
2382.50488281 1 1
2383.30810547 1 0
2384.05688477 1 1
2384.88110352 1 0
2385.54492188 1 1
2386.42211914 1 0
2387.13793945 1 1
2387.94897461 1 0
2388.66796875 1 1
2389.32495117 1 0
2390.2019043 1 1
2390.86401367 1 0
2391.6159668 1 1
2392.5090332 1 0
2393.26806641 1 1
2394.05810547 1 0
2394.87890625 1 1
2395.54907227 1 0
2396.16210938 1 1
2396.83203125 1 2
2397.45092773 1 1
2398.11791992 1 0
2398.96411133 1 1
2399.61206055 1 0
