0.500999987125 -2 -3
1.1740000248 -3 -3
r
1.86500000954 -2 -2
2.66700005531 -3 -2
3.51600003242 -3 -2
4.24700021744 -2 -2
5.11600017548 -1 -2
5.94000005722 -2 -2
6.72900009155 -3 -2
7.52500009537 -3 -2
8.32199954987 -3 -2
9.19999980927 -2 -2
9.89799976349 -1 -2
10.7399997711 -2 -2
11.4379997253 -3 -2
12.1339998245 -3 -2
12.7840003967 -3 -2
13.4359998703 -2 -2
14.279999733 -3 -2
15.029999733 -2 -2
15.6949996948 -3 -2
16.3250007629 -3 -1
17.0219993591 -3 0
17.8320007324 -3 1
18.4759998322 -3 0
19.1539993286 -3 -1
19.9930000305 -3 -2
20.5979995728 -3 -3
r
21.2089996338 2 -2
22.0820007324 1 -2
22.8020000458 0 -2
23.6480007172 -1 -2
24.3619995117 -1 -3
25.1849994659 -1 -3
25.9969997406 -2 -3
26.7059993744 -2 -3
27.4179992676 -3 -3
r
28.2089996338 -2 2
28.9239997864 -3 2
29.5690002441 -3 2
30.3449993134 -3 1
31.0699996948 -3 0
31.7220001221 -3 0
32.3370018005 -3 -1
33.2369995117 -3 -1
34.0900001526 -3 -2
34.7599983215 -3 -3
r
35.4410018921 2 2
36.1759986877 2 1
36.9350013733 1 1
37.7760009766 0 1
38.4459991455 0 0
39.2249984741 0 -1
39.8800010681 -1 -1
40.6790008545 -1 -2
41.3160018921 -1 -3
42.0709991455 -1 -3
42.8199996948 -1 -3
43.6360015869 -2 -3
44.3650016785 -2 -3
45.0190010071 -3 -3
r
45.7290000916 -2 -2
46.5279998779 -3 -2
47.4210014343 -3 -2
48.0890007019 -3 -3
r
48.8650016785 2 -2
49.6129989624 1 -2
50.2480010986 0 -2
51.0190010071 -1 -2
51.6259994507 -1 -3
52.3699989319 -2 -3
53.1259994507 -2 -3
53.8870010376 -3 -3
r
54.6189994812 -2 2
55.2270011902 -2 1
56.03099823 -2 0
56.8129997253 -2 -1
57.5390014648 -3 -1
58.3269996643 -3 -2
59.111000061 -3 -2
59.9770011902 -3 -2
60.7569999695 -3 -3
r
61.4259986877 2 2
62.1640014648 3 2
63.0369987488 3 2
63.7529983521 3 2
64.6460037231 3 2
65.4309997559 2 2
66.2030029297 2 3
66.9359970093 3 3
r
67.6979980469 -2 -2
68.5559997559 -2 -3
69.2730026245 -2 -3
70.158996582 -2 -3
70.766998291 -3 -3
r
71.466003418 2 -2
72.2799987793 1 -2
72.9449996948 0 -2
73.7210006714 -1 -2
74.5360031128 -2 -2
75.3799972534 -3 -2
76.1230010986 -3 -2
76.9840011597 -3 -3
r
77.8590011597 -2 2
78.5640029907 -2 1
79.1689987183 -2 0
79.9449996948 -2 -1
80.6770019531 -2 -2
81.3099975586 -3 -2
82.0039978027 -3 -3
r
82.75 2 2
83.4800033569 3 2
84.2070007324 3 2
85.0979995728 2 2
85.7919998169 1 2
86.5800018311 0 2
87.263999939 1 2
87.9530029297 2 2
88.6610031128 1 2
89.4929962158 2 2
90.28099823 3 2
91.1569976807 2 2
91.9440002441 3 2
92.5759963989 2 2
93.1819992065 1 2
93.9599990845 2 2
94.7239990234 1 2
95.3639984131 2 2
96.0869979858 1 2
96.7959976196 2 2
97.6829986572 1 2
98.4869995117 2 2
99.2259979248 1 2
100.028999329 2 2
100.841003418 1 2
101.554000854 2 2
102.336997986 1 2
103.085998535 1 3
103.777000427 2 3
104.675003052 1 3
105.468002319 2 3
106.218002319 1 3
107.038002014 0 3
107.891998291 -1 3
108.638000488 -1 2
109.403999329 -1 1
110.152000427 -1 0
110.833000183 -1 -1
111.611000061 -1 -2
112.240997314 -2 -2
113.125999451 -2 -3
113.883003235 -3 -3
r
114.525001526 -2 -2
115.380996704 -3 -2
116.23400116 -3 -2
117.100997925 -3 -3
r
117.751998901 2 -2
118.42099762 1 -2
119.040000916 0 -2
119.814002991 -1 -2
120.59400177 -2 -2
121.249000549 -3 -2
122.004997253 -3 -3
r
122.614997864 -2 2
123.21900177 -2 1
124.043998718 -2 0
124.736000061 -2 -1
125.550003052 -2 -2
126.166999817 -3 -2
126.904998779 -3 -3
r
127.54699707 2 2
128.402999878 1 2
129.076004028 1 3
129.929992676 1 3
130.667999268 2 3
131.524993896 1 3
132.126998901 0 3
132.975997925 0 3
133.712997437 0 3
134.582992554 -1 3
135.425003052 -1 2
136.126998901 -1 1
136.942993164 -1 0
137.56199646 -1 -1
138.255004883 -1 -2
139.031005859 -1 -3
139.688995361 -2 -3
140.524993896 -3 -3
r
141.294006348 -2 -2
142.089996338 -3 -2
142.85899353 -3 -3
r
143.682998657 2 -2
144.410003662 1 -2
145.190994263 0 -2
145.882995605 -1 -2
146.574996948 -2 -2
147.332000732 -2 -3
147.983001709 -3 -3
r
148.606994629 -2 2
149.369995117 -2 1
150.057998657 -2 0
150.703994751 -2 -1
151.397994995 -2 -2
152.134994507 -3 -2
152.988998413 -3 -3
r
153.613006592 2 2
154.350006104 1 2
155.080993652 1 3
155.882995605 0 3
156.583999634 1 3
157.31199646 2 3
157.95199585 1 3
158.699996948 0 3
159.585998535 -1 3
160.356994629 -2 3
160.960006714 -2 2
161.826004028 -2 1
162.557006836 -2 0
163.339996338 -2 -1
164.070007324 -2 -2
164.863998413 -3 -2
165.638000488 -3 -3
r
166.483001709 -2 -2
167.339996338 -2 -3
168.018005371 -2 -3
168.904998779 -3 -3
r
169.763000488 2 -2
170.602996826 1 -2
171.285003662 0 -2
172.154998779 -1 -2
172.972000122 -2 -2
173.746002197 -3 -2
174.569000244 -3 -3
r
175.220001221 -2 2
175.899002075 -2 1
176.647003174 -2 0
177.397994995 -2 -1
178.0 -2 -2
178.882995605 -3 -2
179.755004883 -3 -3
r
180.494995117 2 2
181.220993042 2 3
182.024993896 1 3
182.649993896 0 3
183.440994263 0 2
184.20300293 0 1
184.98500061 0 0
185.828994751 0 -1
186.509002686 -1 -1
187.259994507 -1 -2
187.884994507 -2 -2
188.772994995 -2 -3
189.660003662 -3 -3
r
190.264007568 -2 -2
190.936004639 -3 -2
191.753997803 -3 -3
r
192.466995239 2 -2
193.320999146 1 -2
194.18800354 0 -2
194.815994263 -1 -2
195.630004883 -2 -2
196.473007202 -2 -3
197.272994995 -3 -3
r
197.929000854 -2 2
198.783996582 -2 1
199.494995117 -2 0
200.352996826 -2 -1
201.093002319 -2 -2
201.960006714 -3 -2
202.847000122 -3 -3
r
203.619003296 2 2
204.37600708 1 2
205.100006104 0 2
205.76499939 0 1
206.468002319 0 0
207.360992432 0 -1
208.166000366 -1 -1
209.033004761 -1 -2
209.854995728 -2 -2
210.583999634 -2 -3
211.425994873 -3 -3
r
212.240005493 -2 -2
213.136993408 -3 -2
213.945999146 -3 -3
r
214.766998291 2 -2
215.606994629 1 -2
216.220001221 0 -2
216.972000122 -1 -2
217.817001343 -2 -2
218.494995117 -3 -2
219.154006958 -3 -3
r
219.990997314 -2 2
220.774002075 -2 1
221.466003418 -2 0
222.287994385 -2 -1
222.930999756 -2 -2
223.692993164 -3 -2
224.317001343 -3 -3
r
225.184005737 2 2
225.940994263 1 2
226.54800415 0 2
227.302993774 0 1
228.11000061 -1 1
228.809997559 -1 0
229.593994141 -1 -1
230.468002319 -1 -2
231.194000244 -2 -2
231.81300354 -2 -3
232.662002563 -3 -3
r
233.488998413 -2 -2
234.231002808 -3 -2
234.904006958 -3 -3
r
235.630996704 2 -2
236.272003174 1 -2
237.080993652 0 -2
237.716995239 -1 -2
238.550003052 -2 -2
239.29800415 -3 -2
240.072998047 -3 -3
r
240.873001099 -2 2
241.636001587 -2 1
242.520004272 -2 0
243.363006592 -2 -1
244.130004883 -2 -2
244.875 -3 -2
245.546005249 -3 -3
r
246.18800354 2 2
247.001998901 1 2
247.87600708 0 2
248.628005981 -1 2
249.455993652 -1 1
250.210006714 -1 0
250.886993408 -1 -1
251.628005981 -1 -2
252.477005005 -2 -2
253.160003662 -2 -3
253.906005859 -3 -3
r
254.570999146 -2 -2
255.192001343 -3 -2
256.010009766 -3 -3
r
256.787994385 2 -2
257.651000977 1 -2
258.545013428 0 -2
259.205993652 -1 -2
259.92401123 -2 -2
260.686004639 -2 -3
261.406005859 -3 -3
r
262.019989014 -2 2
262.783996582 -2 1
263.511993408 -2 0
264.411987305 -2 -1
265.074005127 -2 -2
265.92300415 -3 -2
266.529998779 -3 -3
r
267.25100708 2 2
267.955993652 1 2
268.640991211 0 2
269.256988525 -1 2
270.035003662 -1 1
270.906005859 -1 0
271.569000244 -1 -1
272.29699707 -2 -1
273.040008545 -2 -2
273.738006592 -2 -3
274.489990234 -3 -3
r
275.098999023 -2 -2
275.835998535 -3 -2
276.596984863 -3 -3
r
277.292999268 2 -2
277.929992676 1 -2
278.575012207 0 -2
279.437988281 -1 -2
280.212005615 -2 -2
280.888000488 -3 -2
281.609985352 -3 -3
r
282.290985107 -2 2
283.031005859 -2 1
283.688995361 -2 0
284.355987549 -2 -1
284.979003906 -2 -2
285.740997314 -3 -2
286.355010986 -3 -3
r
286.984008789 2 2
287.628997803 1 2
288.49899292 0 2
289.354003906 -1 2
290.239990234 -1 1
291.12298584 -1 0
291.813995361 -1 -1
292.471984863 -1 -2
293.315002441 -2 -2
293.925994873 -2 -3
294.528015137 -3 -3
r
295.160003662 -2 -2
296.019989014 -3 -2
296.756988525 -3 -3
r
297.582000732 2 -2
298.268005371 1 -2
299.165008545 0 -2
299.808990479 -1 -2
300.410003662 -2 -2
301.276000977 -2 -3
302.170013428 -3 -3
r
302.946990967 -2 2
303.714996338 -2 1
304.518005371 -2 0
305.25201416 -2 -1
305.872009277 -2 -2
306.520996094 -3 -2
307.397003174 -3 -3
r
308.164001465 2 2
308.854003906 1 2
309.722991943 1 3
310.477996826 0 3
311.213989258 -1 3
311.890991211 -1 2
312.739013672 -1 1
313.381988525 -1 0
314.175994873 -1 -1
314.980010986 -2 -1
315.684997559 -2 -2
316.505004883 -2 -3
317.154998779 -3 -3
r
317.907989502 -2 -2
318.710998535 -3 -2
319.463012695 -3 -3
r
320.075012207 2 -2
320.919006348 1 -2
321.743988037 0 -2
322.621002197 -1 -2
323.227996826 -2 -2
324.083007812 -3 -2
324.70300293 -3 -3
r
325.388000488 -2 2
326.108001709 -2 1
327.002990723 -2 0
327.82598877 -2 -1
328.572998047 -2 -2
329.216003418 -2 -3
330.052001953 -3 -3
r
330.765014648 2 2
331.485992432 3 2
332.285003662 2 2
332.95098877 1 2
333.62701416 0 2
334.388000488 -1 2
335.234985352 -2 2
335.838989258 -2 1
336.635986328 -2 0
337.343994141 -2 -1
337.95401001 -2 -2
338.697998047 -3 -2
339.351989746 -3 -3
r
340.041992188 -2 -2
340.835998535 -2 -3
341.695007324 -3 -3
r
342.319000244 2 -2
343.12399292 1 -2
343.759002686 0 -2
344.602996826 -1 -2
345.217010498 -2 -2
345.872009277 -2 -3
346.730010986 -3 -3
r
347.384002686 -2 2
348.265014648 -2 1
348.893005371 -2 0
349.50100708 -2 -1
350.204986572 -2 -2
350.908996582 -3 -2
351.697998047 -3 -3
r
352.588989258 2 2
353.302001953 1 2
353.959014893 0 2
354.783996582 -1 2
355.536987305 -1 1
356.433013916 -1 0
357.289001465 -1 -1
358.019989014 -1 -2
358.839996338 -2 -2
359.694000244 -2 -3
360.542999268 -3 -3
r
361.227996826 -2 -2
361.958007812 -2 -3
362.591003418 -3 -3
r
363.240997314 2 -2
363.903015137 1 -2
364.511993408 0 -2
365.12701416 -1 -2
365.890014648 -2 -2
366.635986328 -3 -2
367.291992188 -3 -3
r
368.096984863 -2 2
368.752990723 -2 1
369.37399292 -2 0
370.045013428 -2 -1
370.895996094 -2 -2
371.634002686 -2 -3
372.485992432 -3 -3
r
373.32598877 2 2
374.087005615 1 2
374.799987793 0 2
375.667999268 -1 2
376.303985596 -1 1
377.183990479 -1 0
378.071990967 -1 -1
378.760009766 -2 -1
379.621002197 -2 -2
380.462005615 -2 -3
381.338989258 -3 -3
r
382.093994141 -2 -2
382.808013916 -2 -3
383.596008301 -3 -3
r
384.432006836 2 -2
385.312011719 1 -2
386.093994141 0 -2
386.897003174 -1 -2
387.561004639 -2 -2
388.417999268 -3 -2
389.114990234 -3 -3
r
390.009002686 -2 2
390.619995117 -2 1
391.367004395 -2 0
392.130004883 -2 -1
392.742004395 -2 -2
393.407012939 -3 -2
394.255004883 -3 -3
r
394.95401001 2 2
395.635009766 1 2
396.433990479 0 2
397.273010254 -1 2
398.101989746 -1 1
398.885009766 -1 0
399.690002441 -1 -1
400.425994873 -2 -1
401.052001953 -2 -2
401.768005371 -3 -2
402.559997559 -3 -3
r
403.350006104 -2 -2
404.151000977 -3 -2
404.946990967 -3 -3
r
405.62600708 2 -2
406.415985107 1 -2
407.239013672 0 -2
407.946014404 -1 -2
408.815002441 -2 -2
409.608001709 -3 -2
410.399993896 -3 -3
r
411.118988037 -2 2
412.00100708 -2 1
412.718994141 -2 0
413.457000732 -2 -1
414.152008057 -2 -2
414.945007324 -3 -2
415.595001221 -3 -3
r
416.238006592 2 2
417.049987793 1 2
417.772003174 1 3
418.559997559 0 3
419.166992188 -1 3
419.930999756 -1 2
420.763000488 -1 1
421.428009033 -1 0
422.058013916 -1 -1
422.865997314 -2 -1
423.542999268 -2 -2
424.337005615 -2 -3
425.080993652 -3 -3
r
425.79901123 -2 -2
426.509002686 -2 -3
427.401000977 -3 -3
r
428.17300415 2 -2
428.841003418 1 -2
429.475006104 0 -2
430.083007812 -1 -2
430.975006104 -2 -2
431.631011963 -2 -3
432.399993896 -3 -3
r
433.138000488 -2 2
433.773010254 -2 1
434.552001953 -2 0
435.182006836 -2 -1
435.962005615 -2 -2
436.631988525 -2 -3
437.386993408 -3 -3
r
438.066009521 2 2
438.761993408 2 1
439.459014893 1 1
440.29901123 1 2
440.975006104 1 3
441.742004395 0 3
442.458007812 1 3
443.194000244 0 3
443.938995361 -1 3
444.790008545 -1 2
445.509002686 -1 1
446.148986816 -1 0
446.984008789 -1 -1
447.881011963 -2 -1
448.502990723 -2 -2
449.259002686 -2 -3
449.946990967 -3 -3
r
450.739990234 -2 -2
451.592010498 -3 -2
452.230987549 -3 -3
r
452.914001465 2 -2
453.640991211 1 -2
454.243988037 0 -2
455.028991699 -1 -2
455.821990967 -2 -2
456.644989014 -3 -2
457.403991699 -3 -3
r
458.29901123 -2 2
458.973999023 -2 1
459.589996338 -2 0
460.334991455 -2 -1
460.968994141 -2 -2
461.736999512 -2 -3
462.566009521 -3 -3
r
463.401000977 2 2
464.007995605 1 2
464.816986084 0 2
465.660003662 -1 2
466.393005371 -1 1
467.240997314 -1 0
467.980987549 -1 -1
468.763000488 -2 -1
469.42401123 -2 -2
470.285003662 -2 -3
471.013000488 -3 -3
r
471.75201416 -2 -2
472.390991211 -2 -3
473.187988281 -3 -3
r
473.981994629 2 -2
474.859985352 1 -2
475.583007812 0 -2
476.278991699 -1 -2
477.015991211 -2 -2
477.722991943 -2 -3
478.458007812 -3 -3
r
479.355010986 -2 2
479.977996826 -2 1
480.591003418 -2 0
481.467987061 -2 -1
482.110992432 -2 -2
482.915985107 -2 -3
483.667999268 -3 -3
r
484.428985596 2 2
485.105987549 1 2
485.756988525 0 2
486.434997559 -1 2
487.273010254 -1 1
487.95199585 -1 0
488.735992432 -1 -1
489.384002686 -2 -1
490.032012939 -2 -2
490.688995361 -2 -3
491.334991455 -3 -3
r
492.145996094 -2 -2
492.984008789 -2 -3
493.605010986 -3 -3
r
494.472991943 2 -2
495.07901001 1 -2
495.967987061 0 -2
496.768005371 -1 -2
497.393005371 -2 -2
498.023986816 -2 -3
498.70098877 -3 -3
r
499.545013428 -2 2
500.411010742 -2 1
501.240997314 -2 0
502.049987793 -2 -1
502.712005615 -2 -2
503.54598999 -2 -3
504.209014893 -3 -3
r
505.052001953 2 2
505.742004395 1 2
506.519012451 0 2
507.289001465 -1 2
508.158996582 -1 1
508.911987305 -1 0
509.559997559 -1 -1
510.368988037 -2 -1
511.169006348 -2 -2
511.888000488 -2 -3
512.655029297 -3 -3
r
513.456970215 -2 -2
514.268981934 -2 -3
515.041015625 -3 -3
r
515.861022949 2 -2
516.685974121 1 -2
517.348022461 0 -2
517.95501709 -1 -2
518.770019531 -2 -2
519.482971191 -2 -3
520.309020996 -3 -3
r
521.00402832 -2 2
521.679016113 -2 1
522.510009766 -2 0
523.400024414 -2 -1
524.185974121 -2 -2
524.84197998 -2 -3
525.692016602 -3 -3
r
526.385986328 2 2
527.20098877 1 2
528.036010742 2 2
528.867980957 1 2
529.565979004 0 2
530.265991211 -1 2
531.010009766 -1 1
531.778015137 -1 0
532.432983398 -1 -1
533.297973633 -2 -1
534.114013672 -2 -2
534.866027832 -2 -3
535.614013672 -3 -3
r
536.327026367 -2 -2
537.146972656 -3 -2
537.945007324 -3 -3
r
538.83001709 2 -2
539.62298584 1 -2
540.351989746 0 -2
541.051025391 -1 -2
541.809997559 -2 -2
542.489013672 -3 -2
543.331970215 -3 -3
r
543.940002441 -2 2
544.719970703 -2 1
545.452026367 -2 0
546.239990234 -2 -1
546.95300293 -2 -2
547.734008789 -3 -2
548.619018555 -3 -3
r
549.357971191 2 2
549.974975586 1 2
550.770996094 0 2
551.590026855 -1 2
552.380981445 -1 1
553.145996094 -1 0
553.937988281 -1 -1
554.54699707 -2 -1
555.409973145 -2 -2
556.223022461 -3 -2
556.916015625 -3 -3
r
557.557006836 -2 -2
558.195007324 -3 -2
558.903991699 -3 -3
r
559.526977539 2 -2
560.284973145 1 -2
560.958984375 0 -2
561.83001709 -1 -2
562.492980957 -2 -2
563.103027344 -3 -2
563.708984375 -3 -3
r
564.525024414 -2 2
565.252990723 -2 1
566.140014648 -2 0
566.820983887 -2 -1
567.57598877 -2 -2
568.429992676 -3 -2
569.133972168 -3 -3
r
569.911010742 2 2
570.526977539 1 2
571.364013672 0 2
572.161010742 -1 2
572.966003418 -1 1
573.747009277 -1 0
574.572998047 -1 -1
575.385986328 -2 -1
575.994995117 -2 -2
576.750976562 -3 -2
577.53302002 -3 -3
r
578.310974121 -2 -2
578.974975586 -3 -2
579.732971191 -3 -3
r
580.614990234 2 -2
581.304016113 1 -2
582.187988281 0 -2
582.820983887 -1 -2
583.478027344 -2 -2
584.122009277 -2 -3
584.895019531 -3 -3
r
585.523986816 -2 2
586.20098877 -2 1
587.090026855 -2 0
587.866027832 -2 -1
588.728027344 -2 -2
589.603027344 -2 -3
590.362976074 -3 -3
r
591.088012695 2 2
591.981018066 1 2
592.775024414 0 2
593.521972656 -1 2
594.348022461 -1 1
595.140991211 -1 0
595.757995605 -1 -1
596.635009766 -2 -1
597.317016602 -2 -2
598.184020996 -2 -3
598.914978027 -3 -3
r
599.541992188 -2 -2
600.351989746 -2 -3
601.232971191 -3 -3
r
602.034973145 2 -2
602.755981445 1 -2
603.359985352 0 -2
604.096008301 -1 -2
604.744018555 -2 -2
605.484008789 -2 -3
606.229980469 -3 -3
r
607.109008789 -2 2
607.718017578 -2 1
608.408996582 -2 0
609.104003906 -2 -1
609.880004883 -2 -2
610.648986816 -2 -3
611.271972656 -3 -3
r
612.039001465 2 2
612.846008301 1 2
613.570983887 1 3
614.343017578 0 3
614.971008301 -1 3
615.836975098 -1 2
616.664978027 -1 1
617.37902832 -1 0
618.143005371 -1 -1
618.752990723 -2 -1
619.484008789 -2 -2
620.151977539 -2 -3
621.04901123 -3 -3
r
621.775024414 -2 -2
622.583984375 -3 -2
623.260986328 -3 -3
r
624.033996582 2 -2
624.844970703 1 -2
625.458984375 0 -2
626.067016602 -1 -2
626.765991211 -2 -2
627.594970703 -3 -2
628.322998047 -3 -3
r
629.182006836 -2 2
629.932983398 -2 1
630.768981934 -2 0
631.645996094 -2 -1
632.523010254 -2 -2
633.171020508 -3 -2
633.861999512 -3 -3
r
634.70501709 2 2
635.471984863 1 2
636.356994629 2 2
637.101989746 1 2
637.708007812 0 2
638.591003418 -1 2
639.255981445 -1 1
639.888000488 -1 0
640.677978516 -1 -1
641.50402832 -2 -1
642.116027832 -2 -2
642.921020508 -3 -2
643.614990234 -3 -3
r
644.37097168 -2 -2
644.976989746 -3 -2
645.836975098 -3 -3
r
646.538024902 2 -2
647.372009277 1 -2
648.017028809 0 -2
648.914001465 -1 -2
649.539001465 -2 -2
650.280029297 -2 -3
650.999023438 -3 -3
r
651.815002441 -2 2
652.642028809 -2 1
653.270996094 -2 0
653.914978027 -2 -1
654.546020508 -2 -2
655.242004395 -2 -3
655.872009277 -3 -3
r
656.510986328 2 2
657.409973145 1 2
658.197998047 0 2
658.940979004 -1 2
659.810974121 -1 1
660.632995605 -1 0
661.239990234 -1 -1
661.892028809 -2 -1
662.664001465 -2 -2
663.309997559 -3 -2
664.122009277 -3 -3
r
665.018005371 -2 -2
665.624023438 -3 -2
666.361022949 -3 -3
r
667.111999512 2 -2
667.916992188 1 -2
668.622009277 0 -2
669.346008301 -1 -2
670.192016602 -2 -2
671.054992676 -3 -2
671.695983887 -3 -3
r
672.322998047 -2 2
673.213989258 -2 1
674.023010254 -2 0
674.789978027 -2 -1
675.679992676 -2 -2
676.327026367 -3 -2
677.143005371 -3 -3
r
677.79699707 2 2
678.603027344 1 2
679.20501709 0 2
680.007995605 -1 2
680.630981445 -1 1
681.437988281 -1 0
682.218994141 -1 -1
682.935974121 -2 -1
683.664978027 -2 -2
684.29498291 -3 -2
685.109985352 -3 -3
r
685.739013672 -2 -2
686.598022461 -2 -3
687.411010742 -3 -3
r
688.304992676 2 -2
689.132019043 1 -2
689.831970215 0 -2
690.62902832 -1 -2
691.413024902 -2 -2
692.080993652 -2 -3
692.791992188 -3 -3
r
693.494995117 -2 2
694.221008301 -2 1
694.869018555 -2 0
695.58001709 -2 -1
696.346984863 -2 -2
697.127990723 -2 -3
697.84197998 -3 -3
r
698.57598877 2 2
699.229980469 1 2
699.924987793 0 2
700.530029297 -1 2
701.257019043 -1 1
702.130981445 -1 0
702.898986816 -1 -1
703.515991211 -2 -1
704.234985352 -2 -2
704.948974609 -2 -3
705.710021973 -3 -3
r
706.369995117 -2 -2
707.106018066 -3 -2
707.888977051 -3 -3
r
708.609985352 2 -2
709.429016113 1 -2
710.031005859 0 -2
710.757019043 -1 -2
711.603027344 -2 -2
712.492004395 -3 -2
713.226013184 -3 -3
r
713.927978516 -2 2
714.719970703 -2 1
715.385009766 -2 0
716.205993652 -2 -1
717.067993164 -2 -2
717.84197998 -3 -2
718.619018555 -3 -3
r
719.494018555 2 2
720.260009766 1 2
721.091003418 0 2
721.965026855 -1 2
722.687011719 -1 1
723.58001709 -1 0
724.344970703 -1 -1
724.956970215 -2 -1
725.692016602 -2 -2
726.34197998 -3 -2
726.968994141 -3 -3
r
727.655029297 -2 -2
728.265014648 -3 -2
728.872009277 -3 -3
r
729.750976562 2 -2
730.424987793 1 -2
731.041015625 0 -2
731.705993652 -1 -2
732.515991211 -2 -2
733.237976074 -3 -2
734.044006348 -3 -3
r
734.914978027 -2 2
735.523986816 -2 1
736.390991211 -2 0
737.07800293 -2 -1
737.942016602 -2 -2
738.778991699 -3 -2
739.528991699 -3 -3
r
740.275024414 2 2
740.947998047 1 2
741.713989258 0 2
742.533996582 -1 2
743.283996582 -1 1
744.031982422 -1 0
744.79498291 -1 -1
745.596984863 -2 -1
746.244995117 -2 -2
746.856994629 -3 -2
747.75 -3 -3
r
748.622009277 -2 -2
749.392028809 -3 -2
750.143005371 -3 -3
r
750.801025391 2 -2
751.508972168 1 -2
752.320983887 0 -2
753.138977051 -1 -2
753.961975098 -2 -2
754.765014648 -3 -2
755.664001465 -3 -3
r
756.414001465 -2 2
757.030029297 -2 1
757.681030273 -2 0
758.322998047 -2 -1
758.929016113 -2 -2
759.578979492 -3 -2
760.362976074 -3 -3
r
761.062011719 2 2
761.888000488 1 2
762.668029785 0 2
763.306030273 -1 2
764.023986816 -1 1
764.637023926 -1 0
765.315979004 -1 -1
765.979980469 -2 -1
766.616027832 -2 -2
767.479003906 -3 -2
768.361999512 -3 -3
r
769.117980957 -2 -2
769.937011719 -3 -2
770.70098877 -3 -3
r
771.593017578 2 -2
772.291992188 1 -2
773.187988281 0 -2
773.965026855 -1 -2
774.619018555 -2 -2
775.461975098 -3 -2
776.179016113 -3 -3
r
776.844970703 -2 2
777.565979004 -2 1
778.17401123 -2 0
778.922973633 -2 -1
779.726989746 -2 -2
780.484985352 -3 -2
781.202026367 -3 -3
r
781.869995117 2 2
782.594970703 1 2
783.221008301 2 2
784.025024414 1 2
784.896972656 0 2
785.682006836 -1 2
786.364990234 -1 1
786.982971191 -1 0
787.75402832 -1 -1
788.599975586 -2 -1
789.333007812 -2 -2
790.067016602 -3 -2
790.95501709 -3 -3
r
791.687988281 -2 -2
792.541015625 -3 -2
793.307983398 -3 -3
r
794.093994141 2 -2
794.934020996 1 -2
795.788024902 0 -2
796.512023926 -1 -2
797.20300293 -2 -2
798.070983887 -3 -2
798.831970215 -3 -3
r
799.586975098 -2 2
800.20501709 -2 1
800.973022461 -2 0
801.583984375 -2 -1
802.211975098 -2 -2
802.880981445 -3 -2
803.734985352 -3 -3
r
804.588012695 2 2
805.385986328 1 2
806.195983887 0 2
806.880004883 -1 2
807.713989258 -1 1
808.320007324 -1 0
809.15802002 -1 -1
809.937988281 -2 -1
810.619995117 -2 -2
811.25402832 -3 -2
811.956970215 -3 -3
r
812.822998047 -2 -2
813.723022461 -3 -2
814.510009766 -3 -3
r
815.263977051 2 -2
816.018981934 1 -2
816.655029297 0 -2
817.299987793 -1 -2
817.969970703 -2 -2
818.609985352 -3 -2
819.443969727 -3 -3
r
820.25201416 -2 2
820.911010742 -2 1
821.539001465 -2 0
822.335998535 -2 -1
823.171020508 -2 -2
823.973022461 -3 -2
824.603027344 -3 -3
r
825.500976562 2 2
826.106018066 2 1
826.888977051 2 0
827.627990723 1 0
828.42199707 0 0
829.301025391 -1 0
830.132995605 -1 -1
830.846008301 -2 -1
831.575012207 -2 -2
832.20300293 -3 -2
832.817993164 -3 -3
r
833.674987793 -2 -2
834.322998047 -3 -2
834.968994141 -3 -3
r
835.677978516 2 -2
836.409973145 1 -2
837.20501709 0 -2
838.086975098 -1 -2
838.981994629 -2 -2
839.770996094 -3 -2
840.393981934 -3 -3
r
841.04699707 -2 2
841.809020996 -2 1
842.427001953 -2 0
843.03302002 -2 -1
843.760009766 -2 -2
844.469970703 -3 -2
845.304992676 -3 -3
r
846.145996094 2 2
846.940979004 1 2
847.661987305 1 3
848.473999023 0 3
849.247009277 -1 3
850.04498291 -1 2
850.734008789 -1 1
851.364013672 -1 0
851.979980469 -1 -1
852.844970703 -2 -1
853.718017578 -2 -2
854.413024902 -3 -2
855.224975586 -3 -3
r
855.924987793 -2 -2
856.549987793 -3 -2
857.267028809 -3 -3
r
858.07598877 2 -2
858.840026855 1 -2
859.723999023 0 -2
860.585998535 -1 -2
861.42401123 -2 -2
862.041992188 -3 -2
862.91998291 -3 -3
r
863.638977051 -2 2
864.263977051 -2 1
865.026000977 -2 0
865.62902832 -2 -1
866.429992676 -2 -2
867.125976562 -3 -2
867.763000488 -3 -3
r
868.591003418 2 2
869.304016113 1 2
870.00402832 0 2
870.747009277 -1 2
871.385009766 -1 1
872.04699707 -1 0
872.666015625 -1 -1
873.320007324 -2 -1
874.208007812 -2 -2
874.940002441 -3 -2
875.666992188 -3 -3
r
876.439025879 -2 -2
877.304016113 -3 -2
877.929016113 -3 -3
r
878.637023926 2 -2
879.473999023 1 -2
880.369018555 0 -2
880.994995117 -1 -2
881.653991699 -2 -2
882.510009766 -3 -2
883.323974609 -3 -3
r
884.036987305 -2 2
884.828979492 -2 1
885.685974121 -2 0
886.32800293 -2 -1
887.114990234 -2 -2
887.866027832 -3 -2
888.742004395 -3 -3
r
889.577026367 2 2
890.262023926 2 1
891.04901123 2 0
891.755981445 1 0
892.359985352 0 0
893.054992676 -1 0
893.70098877 -1 -1
894.528991699 -2 -1
895.174987793 -2 -2
895.806030273 -3 -2
896.685974121 -3 -3
r
897.557983398 -2 -2
898.250976562 -3 -2
899.00402832 -3 -3
r
899.723999023 2 -2
900.419006348 1 -2
901.033996582 0 -2
901.87701416 -1 -2
902.481018066 -2 -2
903.096984863 -3 -2
903.731018066 -3 -3
r
904.343017578 -2 2
904.973999023 -2 1
905.804992676 -2 0
906.530029297 -2 -1
907.359008789 -2 -2
908.130981445 -3 -2
908.846984863 -3 -3
r
909.687988281 2 2
910.492004395 2 1
911.340026855 2 0
912.177001953 1 0
912.802001953 0 0
913.505981445 -1 0
914.405029297 -1 -1
915.239990234 -2 -1
915.887023926 -2 -2
916.630981445 -3 -2
917.369018555 -3 -3
r
918.028991699 -2 -2
918.695007324 -3 -2
919.458984375 -3 -3
r
920.176025391 2 -2
920.903991699 1 -2
921.607971191 0 -2
922.262023926 -1 -2
922.916992188 -2 -2
923.760009766 -3 -2
924.637023926 -3 -3
r
925.474975586 -2 2
926.143981934 -2 1
926.87097168 -2 0
927.744018555 -2 -1
928.369995117 -2 -2
929.226013184 -3 -2
929.924987793 -3 -3
r
930.54901123 2 2
931.320007324 2 1
932.159973145 2 0
932.794006348 1 0
933.656982422 0 0
934.293029785 -1 0
934.922973633 -1 -1
935.723999023 -2 -1
936.596008301 -2 -2
937.372009277 -3 -2
938.221984863 -3 -3
r
938.953979492 -2 -2
939.724975586 -3 -2
940.586975098 -3 -3
r
941.395019531 2 -2
942.00402832 1 -2
942.822021484 0 -2
943.583984375 -1 -2
944.215026855 -2 -2
945.099975586 -3 -2
945.96697998 -3 -3
r
946.838012695 -2 2
947.458007812 -2 1
948.216003418 -2 0
949.103027344 -2 -1
949.937988281 -2 -2
950.789001465 -3 -2
951.481994629 -3 -3
r
952.380981445 2 2
953.17199707 3 2
954.057983398 3 1
954.763977051 3 0
955.468017578 2 0
956.182983398 1 0
956.843017578 0 0
957.559020996 -1 0
958.37701416 -1 -1
959.143005371 -2 -1
959.911010742 -2 -2
960.70501709 -3 -2
961.583007812 -3 -3
r
962.304016113 -2 -2
962.986999512 -3 -2
963.67199707 -3 -3
r
964.33001709 2 -2
965.098022461 1 -2
965.929016113 0 -2
966.70098877 -1 -2
967.362976074 -2 -2
968.083984375 -3 -2
968.74597168 -3 -3
r
969.617980957 -2 2
970.320983887 -2 1
971.135009766 -2 0
971.802001953 -2 -1
972.505004883 -2 -2
973.28302002 -3 -2
974.03302002 -3 -3
r
974.773986816 2 2
975.650024414 2 1
976.396972656 2 0
977.206970215 2 -1
977.906982422 1 -1
978.54699707 0 -1
979.172973633 -1 -1
979.901977539 -2 -1
980.645019531 -2 -2
981.297973633 -3 -2
981.911010742 -3 -3
r
982.734985352 -2 -2
983.505981445 -3 -2
984.140014648 -3 -3
r
984.945983887 2 -2
985.702026367 1 -2
986.57800293 0 -2
987.473022461 -1 -2
988.362976074 -2 -2
989.215026855 -3 -2
989.976989746 -3 -3
r
990.601013184 -2 2
991.226013184 -2 1
991.969970703 -2 0
992.736999512 -2 -1
993.573974609 -2 -2
994.385009766 -3 -2
995.125 -3 -3
r
995.945007324 2 2
996.674987793 2 1
997.447021484 2 0
998.166992188 2 -1
998.888977051 1 -1
999.531982422 0 -1
1000.30603027 -1 -1
1000.97399902 -2 -1
1001.85900879 -2 -2
1002.57800293 -3 -2
1003.25598145 -3 -3
r
1003.98101807 -2 -2
1004.73602295 -3 -2
1005.34802246 -3 -3
r
1006.23297119 2 -2
1006.8369751 1 -2
1007.6619873 0 -2
1008.5 -1 -2
1009.40002441 -2 -2
1010.26898193 -3 -2
1011.08898926 -3 -3
r
1011.97802734 -2 2
1012.74102783 -2 1
1013.54602051 -2 0
1014.30102539 -2 -1
1015.14001465 -2 -2
1015.93103027 -3 -2
1016.56298828 -3 -3
r
1017.23101807 2 2
1017.91497803 2 1
1018.76397705 2 0
1019.46398926 2 -1
1020.32501221 1 -1
1021.04101562 0 -1
1021.7800293 -1 -1
1022.59399414 -2 -1
1023.38000488 -2 -2
1024.20495605 -3 -2
1024.91796875 -3 -3
r
1025.70495605 -2 -2
1026.48803711 -3 -2
1027.23205566 -3 -3
r
1027.84094238 2 -2
1028.62194824 1 -2
1029.22595215 0 -2
1029.93200684 -1 -2
1030.66003418 -2 -2
1031.50402832 -3 -2
1032.22497559 -3 -3
r
1033.12402344 -2 2
1033.91796875 -2 1
1034.77294922 -2 0
1035.45300293 -2 -1
1036.25805664 -2 -2
1036.93200684 -3 -2
1037.6529541 -3 -3
r
1038.50305176 2 2
1039.18603516 2 1
1039.85998535 2 0
1040.70397949 2 -1
1041.38098145 1 -1
1042.15405273 0 -1
1043.04602051 -1 -1
1043.80700684 -2 -1
1044.59301758 -2 -2
1045.37402344 -3 -2
1046.11694336 -3 -3
r
1046.93200684 -2 -2
1047.5579834 -3 -2
1048.39196777 -3 -3
r
1049.28198242 2 -2
1050.06005859 1 -2
1050.68701172 0 -2
1051.52600098 -1 -2
1052.1619873 -2 -2
1052.81201172 -3 -2
1053.52099609 -3 -3
r
1054.35900879 -2 2
1055.23706055 -2 1
1056.02905273 -2 0
1056.67700195 -2 -1
1057.31494141 -2 -2
1057.99804688 -3 -2
1058.74499512 -3 -3
r
1059.36694336 2 2
1060.02099609 2 1
1060.7010498 2 0
1061.48095703 2 -1
1062.22497559 1 -1
1063.11303711 0 -1
1063.97900391 -1 -1
1064.82104492 -2 -1
1065.62194824 -2 -2
1066.22497559 -3 -2
1066.98095703 -3 -3
r
1067.68701172 -2 -2
1068.4329834 -3 -2
1069.31103516 -3 -3
r
1070.06201172 2 -2
1070.73596191 1 -2
1071.44396973 0 -2
1072.11096191 -1 -2
1072.93798828 -2 -2
1073.59094238 -3 -2
1074.32800293 -3 -3
r
1075.08496094 -2 2
1075.81298828 -2 1
1076.64099121 -2 0
1077.47094727 -2 -1
1078.08996582 -2 -2
1078.77502441 -3 -2
1079.41101074 -3 -3
r
1080.2779541 2 2
1081.00805664 2 1
1081.78601074 2 0
1082.48596191 2 -1
1083.20898438 1 -1
1084.07104492 0 -1
1084.70800781 -1 -1
1085.4050293 -2 -1
1086.23400879 -2 -2
1087.13195801 -3 -2
1087.98400879 -3 -3
r
1088.7800293 -2 -2
1089.59094238 -3 -2
1090.45996094 -3 -3
r
1091.06896973 2 -2
1091.77697754 1 -2
1092.52697754 0 -2
1093.28405762 -1 -2
1094.00805664 -2 -2
1094.75500488 -3 -2
1095.47094727 -3 -3
r
1096.34899902 -2 2
1096.9630127 -2 1
1097.57800293 -2 0
1098.38195801 -2 -1
1099.14404297 -2 -2
1100.00695801 -3 -2
1100.71704102 -3 -3
r
1101.50402832 2 2
1102.36303711 2 1
1103.21594238 2 0
1103.93200684 2 -1
1104.79003906 1 -1
1105.40100098 0 -1
1106.23400879 -1 -1
1106.90405273 -2 -1
1107.55505371 -2 -2
1108.32897949 -3 -2
1109.03601074 -3 -3
r
1109.79296875 -2 -2
1110.40100098 -3 -2
1111.09094238 -3 -3
r
1111.90197754 2 -2
1112.58105469 1 -2
1113.27502441 0 -2
1114.06494141 -1 -2
1114.81201172 -2 -2
1115.68603516 -3 -2
1116.44104004 -3 -3
r
1117.04797363 -2 2
1117.82995605 -2 1
1118.72802734 -2 0
1119.49304199 -2 -1
1120.32104492 -2 -2
1121.18103027 -3 -2
1121.80895996 -3 -3
r
1122.55102539 2 2
1123.34399414 2 1
1124.10595703 2 0
1124.81896973 2 -1
1125.4630127 1 -1
1126.10205078 0 -1
1126.96105957 -1 -1
1127.77404785 -2 -1
1128.41894531 -2 -2
1129.06799316 -3 -2
1129.7130127 -3 -3
r
1130.46496582 -2 -2
1131.08605957 -3 -2
1131.93395996 -3 -3
r
1132.68200684 2 -2
1133.49597168 1 -2
1134.28295898 0 -2
1135.15197754 -1 -2
1135.93603516 -2 -2
1136.5670166 -3 -2
1137.44995117 -3 -3
r
1138.06799316 -2 2
1138.91894531 -2 1
1139.78894043 -2 0
1140.61206055 -2 -1
1141.47900391 -2 -2
1142.32397461 -3 -2
1143.20898438 -3 -3
r
1143.81298828 2 2
1144.4239502 2 1
1145.0369873 2 0
1145.69604492 2 -1
1146.41101074 1 -1
1147.30395508 0 -1
1148.19995117 -1 -1
1149.07897949 -2 -1
1149.75305176 -2 -2
1150.50305176 -3 -2
1151.14794922 -3 -3
r
1151.85302734 -2 -2
1152.53894043 -3 -2
1153.34399414 -3 -3
r
1153.97595215 2 -2
1154.68005371 1 -2
1155.30700684 0 -2
1156.02001953 -1 -2
1156.69494629 -2 -2
1157.56896973 -3 -2
1158.20703125 -3 -3
r
1158.9510498 -2 2
1159.77001953 -2 1
1160.56005859 -2 0
1161.31005859 -2 -1
1161.92602539 -2 -2
1162.74194336 -3 -2
1163.56201172 -3 -3
r
1164.3170166 2 2
1164.93994141 2 1
1165.58203125 2 0
1166.39501953 2 -1
1167.06994629 1 -1
1167.7220459 0 -1
1168.48303223 -1 -1
1169.17504883 -2 -1
1169.81494141 -2 -2
1170.6340332 -3 -2
1171.50695801 -3 -3
r
1172.25805664 -2 -2
1173.05297852 -3 -2
1173.66894531 -3 -3
r
1174.55505371 2 -2
1175.35998535 1 -2
1176.01293945 0 -2
1176.8659668 -1 -2
1177.55004883 -2 -2
1178.28894043 -3 -2
1178.93994141 -3 -3
r
1179.5489502 -2 2
1180.44396973 -2 1
1181.29199219 -2 0
1182.13598633 -2 -1
1182.80603027 -2 -2
1183.69897461 -3 -2
1184.31494141 -3 -3
r
1185.10302734 2 2
1185.81604004 2 1
1186.57104492 2 0
1187.34899902 2 -1
1188.05200195 1 -1
1188.91796875 0 -1
1189.62402344 -1 -1
1190.39599609 -2 -1
1191.26293945 -2 -2
1192.04394531 -3 -2
1192.65100098 -3 -3
r
1193.4699707 -2 -2
1194.13793945 -3 -2
1194.76794434 -3 -3
r
1195.65600586 2 -2
1196.48095703 1 -2
1197.16503906 0 -2
1197.8470459 -1 -2
1198.47705078 -2 -2
1199.24499512 -3 -2
1199.92004395 -3 -3
r
1200.60803223 -2 2
1201.49902344 -2 1
1202.39599609 -2 0
1203.03601074 -2 -1
1203.83203125 -2 -2
1204.54797363 -3 -2
1205.22705078 -3 -3
r
1205.93994141 2 2
1206.81005859 2 1
1207.41796875 2 0
1208.08996582 2 -1
1208.74597168 1 -1
1209.58605957 0 -1
1210.36901855 -1 -1
1211.24499512 -2 -1
1211.89794922 -2 -2
1212.53405762 -3 -2
1213.26904297 -3 -3
r
1214.10803223 -2 -2
1214.93505859 -3 -2
1215.82104492 -3 -3
r
1216.63598633 2 -2
1217.44897461 1 -2
1218.28601074 0 -2
1219.02404785 -1 -2
1219.89001465 -2 -2
1220.66296387 -3 -2
1221.5279541 -3 -3
r
1222.21594238 -2 2
1222.93395996 -2 1
1223.81799316 -2 0
1224.67700195 -2 -1
1225.37597656 -2 -2
1226.2220459 -3 -2
1227.01196289 -3 -3
r
1227.87805176 2 2
1228.61999512 2 1
1229.35803223 2 0
1230.20898438 2 -1
1231.07800293 1 -1
1231.70996094 0 -1
1232.47094727 -1 -1
1233.35900879 -2 -1
1233.96496582 -2 -2
1234.69494629 -3 -2
1235.56103516 -3 -3
r
1236.20800781 -2 -2
1237.09301758 -3 -2
1237.82995605 -3 -3
r
1238.56298828 2 -2
1239.42504883 1 -2
1240.08398438 0 -2
1240.81494141 -1 -2
1241.5489502 -2 -2
1242.21105957 -3 -2
1243.01000977 -3 -3
r
1243.85998535 -2 2
1244.7220459 -2 1
1245.46704102 -2 0
1246.3380127 -2 -1
1247.04504395 -2 -2
1247.72302246 -3 -2
1248.55102539 -3 -3
r
1249.4420166 2 2
1250.16894531 2 1
1250.98706055 2 0
1251.60498047 2 -1
1252.46105957 1 -1
1253.24804688 0 -1
1254.06005859 -1 -1
1254.92297363 -2 -1
1255.53894043 -2 -2
1256.42102051 -3 -2
1257.20898438 -3 -3
r
1257.91503906 -2 -2
1258.80200195 -3 -2
1259.50402832 -3 -3
r
1260.26098633 2 -2
1261.08203125 1 -2
1261.79003906 0 -2
1262.41601562 -1 -2
1263.14099121 -2 -2
1263.76293945 -3 -2
1264.55200195 -3 -3
r
1265.31494141 -2 2
1266.21496582 -2 1
1267.10400391 -2 0
1267.92602539 -2 -1
1268.69799805 -2 -2
1269.34594727 -3 -2
1269.99401855 -3 -3
r
1270.77600098 2 2
1271.54296875 2 1
1272.32995605 2 0
1272.93603516 2 -1
1273.54199219 1 -1
1274.42895508 0 -1
1275.03503418 -1 -1
1275.80505371 -2 -1
1276.60498047 -2 -2
1277.47998047 -3 -2
1278.25500488 -3 -3
r
1279.04003906 -2 -2
1279.82299805 -3 -2
1280.65002441 -3 -3
r
1281.43603516 2 -2
1282.22094727 1 -2
1282.83496094 0 -2
1283.55102539 -1 -2
1284.44702148 -2 -2
1285.14904785 -3 -2
1286.01904297 -3 -3
r
1286.7989502 -2 2
1287.64099121 -2 1
1288.29602051 -2 0
1289.01196289 -2 -1
1289.89404297 -2 -2
1290.69995117 -3 -2
1291.54699707 -3 -3
r
1292.31896973 2 2
1293.01293945 2 1
1293.88500977 2 0
1294.57897949 2 -1
1295.31604004 1 -1
1296.15795898 0 -1
1296.77697754 -1 -1
1297.4329834 -2 -1
1298.06896973 -2 -2
1298.74401855 -3 -2
1299.61206055 -3 -3
r
1300.50097656 -2 -2
1301.13098145 -3 -2
1302.00402832 -3 -3
r
1302.66796875 2 -2
1303.45898438 1 -2
1304.09594727 0 -2
1304.77600098 -1 -2
1305.38598633 -2 -2
1306.28100586 -3 -2
1306.90405273 -3 -3
r
1307.60498047 -2 2
1308.2989502 -2 1
1309.01196289 -2 0
1309.6529541 -2 -1
1310.28503418 -2 -2
1311.17602539 -3 -2
1311.94702148 -3 -3
r
1312.76904297 2 2
1313.56005859 2 1
1314.21203613 2 0
1314.89001465 2 -1
1315.55505371 1 -1
1316.20397949 0 -1
1316.89294434 -1 -1
1317.7199707 -2 -1
1318.54394531 -2 -2
1319.16394043 -3 -2
1319.82397461 -3 -3
r
1320.66394043 -2 -2
1321.39404297 -3 -2
1322.23803711 -3 -3
r
1322.85803223 2 -2
1323.67602539 1 -2
1324.35595703 0 -2
1325.0090332 -1 -2
1325.70703125 -2 -2
1326.4630127 -3 -2
1327.3380127 -3 -3
r
1328.1920166 -2 2
1329.03405762 -2 1
1329.91503906 -2 0
1330.60900879 -2 -1
1331.27697754 -2 -2
1332.06298828 -3 -2
1332.8840332 -3 -3
r
1333.55895996 2 2
1334.35205078 2 1
1335.24304199 2 0
1335.97094727 2 -1
1336.64294434 1 -1
1337.36303711 0 -1
1338.13195801 -1 -1
1338.79504395 -2 -1
1339.4909668 -2 -2
1340.13903809 -3 -2
1341.00598145 -3 -3
r
1341.83203125 -2 -2
1342.57397461 -3 -2
1343.42504883 -3 -3
r
1344.125 2 -2
1344.82800293 1 -2
1345.68200684 0 -2
1346.53894043 -1 -2
1347.34997559 -2 -2
1348.06896973 -3 -2
1348.68200684 -3 -3
r
1349.5369873 -2 2
1350.28198242 -2 1
1351.125 -2 0
1351.81201172 -2 -1
1352.44494629 -2 -2
1353.28100586 -3 -2
1354.07800293 -3 -3
r
1354.83105469 2 2
1355.7130127 2 1
1356.57104492 2 0
1357.40100098 2 -1
1358.24401855 1 -1
1359.07800293 0 -1
1359.8659668 -1 -1
1360.5579834 -2 -1
1361.23901367 -2 -2
1361.96801758 -3 -2
1362.78601074 -3 -3
r
1363.41796875 -2 -2
1364.15600586 -3 -2
1365.04199219 -3 -3
r
1365.71801758 2 -2
1366.49304199 1 -2
1367.22900391 0 -2
1368.08703613 -1 -2
1368.78894043 -2 -2
1369.49597168 -3 -2
1370.35803223 -3 -3
r
1370.97094727 -2 2
1371.75305176 -2 1
1372.42504883 -2 0
1373.25695801 -2 -1
1373.98205566 -2 -2
1374.73400879 -3 -2
1375.3840332 -3 -3
r
1375.98706055 2 2
1376.8079834 2 1
1377.54797363 2 0
1378.37194824 2 -1
1379.01501465 1 -1
1379.63793945 0 -1
1380.49804688 -1 -1
1381.2590332 -2 -1
1382.10095215 -2 -2
1382.85900879 -3 -2
1383.70495605 -3 -3
r
1384.5760498 -2 -2
1385.43701172 -2 -3
1386.1159668 -3 -3
r
1386.97900391 2 -2
1387.63903809 1 -2
1388.46704102 0 -2
1389.29699707 -1 -2
1390.13903809 -2 -2
1390.86206055 -3 -2
1391.67504883 -3 -3
r
1392.31005859 -2 2
1393.1529541 -2 1
1393.99401855 -2 0
1394.83605957 -2 -1
1395.58605957 -2 -2
1396.37194824 -3 -2
1397.01098633 -3 -3
r
1397.67199707 2 2
1398.49804688 2 1
1399.16003418 2 0
1400.00402832 2 -1
1400.60803223 1 -1
1401.36901855 0 -1
1402.26000977 -1 -1
1402.91601562 -2 -1
1403.7989502 -2 -2
1404.41601562 -3 -2
1405.19396973 -3 -3
r
1405.89001465 -2 -2
1406.77197266 -3 -2
1407.50805664 -3 -3
r
1408.1159668 2 -2
1408.73706055 1 -2
1409.57104492 0 -2
1410.45202637 -1 -2
1411.17297363 -2 -2
1411.80603027 -3 -2
1412.61999512 -3 -3
r
1413.39404297 -2 2
1414.27502441 -2 1
1414.97595215 -2 0
1415.60595703 -2 -1
1416.2220459 -2 -2
1416.95495605 -3 -2
1417.76403809 -3 -3
r
1418.4029541 2 2
1419.03100586 2 1
1419.7220459 2 0
1420.53503418 2 -1
1421.33105469 1 -1
1422.05603027 0 -1
1422.75305176 -1 -1
1423.41699219 -2 -1
1424.13000488 -2 -2
1424.96203613 -3 -2
1425.64697266 -3 -3
r
1426.41296387 -2 -2
1427.19604492 -3 -2
1427.93505859 -3 -3
r
1428.72595215 2 -2
1429.42700195 1 -2
1430.07202148 0 -2
1430.69604492 -1 -2
1431.33496094 -2 -2
1431.96105957 -3 -2
1432.79296875 -3 -3
r
1433.51696777 -2 2
1434.39904785 -2 1
1435.18701172 -2 0
1435.875 -2 -1
1436.64904785 -2 -2
1437.35498047 -3 -2
1438.18701172 -3 -3
r
1438.84094238 2 2
1439.45300293 2 1
1440.2590332 2 0
1441.14794922 2 -1
1441.80297852 1 -1
1442.67504883 0 -1
1443.53601074 -1 -1
1444.37194824 -2 -1
1445.11804199 -2 -2
1445.77502441 -3 -2
1446.59204102 -3 -3
r
1447.4909668 -2 -2
1448.25402832 -3 -2
1449.07495117 -3 -3
r
1449.90002441 2 -2
1450.64196777 1 -2
1451.49304199 0 -2
1452.28894043 -1 -2
1452.89501953 -2 -2
1453.71801758 -3 -2
1454.43701172 -3 -3
r
1455.18994141 -2 2
1455.92602539 -2 1
1456.58398438 -2 0
1457.24694824 -2 -1
1457.92004395 -2 -2
1458.73400879 -3 -2
1459.56298828 -3 -3
r
1460.24804688 2 2
1461.10900879 2 1
1461.92102051 2 0
1462.81994629 2 -1
1463.52294922 1 -1
1464.16101074 0 -1
1464.94995117 -1 -1
1465.71801758 -2 -1
1466.33496094 -2 -2
1466.94396973 -3 -2
1467.64599609 -3 -3
r
1468.54003906 -2 -2
1469.36901855 -3 -2
1470.22705078 -3 -3
r
1471.08898926 2 -2
1471.73400879 1 -2
1472.57299805 0 -2
1473.34204102 -1 -2
1474.17895508 -2 -2
1474.88098145 -3 -2
1475.64904785 -3 -3
r
1476.43005371 -2 2
1477.08605957 -2 1
1477.95397949 -2 0
1478.7590332 -2 -1
1479.45202637 -2 -2
1480.0760498 -3 -2
1480.7869873 -3 -3
r
1481.64294434 2 2
1482.38305664 2 1
1483.01403809 2 0
1483.63696289 2 -1
1484.50097656 1 -1
1485.21704102 0 -1
1485.9510498 -1 -1
1486.85095215 -2 -1
1487.50695801 -2 -2
1488.10803223 -3 -2
1488.75 -3 -3
r
1489.60400391 -2 -2
1490.42797852 -3 -2
1491.19104004 -3 -3
r
1492.08496094 2 -2
1492.87402344 1 -2
1493.53796387 0 -2
1494.22094727 -1 -2
1494.97998047 -2 -2
1495.70898438 -3 -2
1496.59802246 -3 -3
r
1497.29101562 -2 2
1498.16296387 -2 1
1498.8449707 -2 0
1499.57800293 -2 -1
1500.18395996 -2 -2
1500.86694336 -3 -2
1501.70800781 -3 -3
r
1502.41699219 2 2
1503.21203613 2 1
1503.9239502 2 0
1504.62805176 2 -1
1505.50695801 1 -1
1506.34594727 0 -1
1507.09094238 -1 -1
1507.75402832 -2 -1
1508.51696777 -2 -2
1509.1550293 -3 -2
1510.03295898 -3 -3
r
1510.80895996 -2 -2
1511.4510498 -3 -2
1512.11804199 -3 -3
r
1512.79699707 2 -2
1513.45605469 1 -2
1514.22998047 0 -2
1515.06994629 -1 -2
1515.95996094 -2 -2
1516.83898926 -3 -2
1517.5579834 -3 -3
r
1518.34301758 -2 2
1519.1550293 -2 1
1519.77502441 -2 0
1520.49499512 -2 -1
1521.17504883 -2 -2
1522.04394531 -3 -2
1522.74304199 -3 -3
r
1523.53894043 2 2
1524.34301758 2 1
1525.13793945 2 0
1526.01403809 2 -1
1526.8079834 1 -1
1527.61096191 0 -1
1528.4510498 -1 -1
1529.31604004 -2 -1
1530.05102539 -2 -2
1530.65905762 -3 -2
1531.3470459 -3 -3
r
1532.15795898 -2 -2
1532.78295898 -3 -2
1533.55603027 -3 -3
r
1534.38793945 2 -2
1535.19494629 1 -2
1535.89794922 0 -2
1536.70605469 -1 -2
1537.56396484 -2 -2
1538.42602539 -3 -2
1539.28295898 -3 -3
r
1540.15405273 -2 2
1540.8470459 -2 1
1541.54797363 -2 0
1542.19494629 -2 -1
1543.08105469 -2 -2
1543.93701172 -3 -2
1544.73901367 -3 -3
r
1545.40002441 2 2
1546.1619873 2 1
1546.87097168 2 0
1547.76403809 2 -1
1548.6159668 1 -1
1549.23205566 0 -1
1550.02404785 -1 -1
1550.65600586 -2 -1
1551.375 -2 -2
1552.02404785 -3 -2
1552.91296387 -3 -3
r
1553.60498047 -2 -2
1554.43395996 -3 -2
1555.24304199 -3 -3
r
1555.95495605 2 -2
1556.56896973 1 -2
1557.46801758 0 -2
1558.1920166 -1 -2
1558.93701172 -2 -2
1559.82995605 -3 -2
1560.6619873 -3 -3
r
1561.38098145 -2 2
1562.12902832 -2 1
1562.77197266 -2 0
1563.59899902 -2 -1
1564.35205078 -2 -2
1564.95996094 -3 -2
1565.62902832 -3 -3
r
1566.32104492 2 2
1566.92602539 2 1
1567.62695312 2 0
1568.35998535 2 -1
1569.16503906 1 -1
1570.02294922 0 -1
1570.75097656 -1 -1
1571.58605957 -2 -1
1572.30395508 -2 -2
1572.9420166 -3 -2
1573.71594238 -3 -3
r
1574.57897949 -2 -2
1575.22497559 -3 -2
1575.93798828 -3 -3
r
1576.8079834 2 -2
1577.48498535 1 -2
1578.19897461 0 -2
1578.80004883 -1 -2
1579.56103516 -2 -2
1580.45703125 -3 -2
1581.08300781 -3 -3
r
1581.81799316 -2 2
1582.51000977 -2 1
1583.31005859 -2 0
1584.0949707 -2 -1
1584.80603027 -2 -2
1585.57995605 -3 -2
1586.37304688 -3 -3
r
1587.125 2 2
1587.96203613 2 1
1588.73205566 2 0
1589.56799316 2 -1
1590.33703613 1 -1
1591.01599121 0 -1
1591.65600586 -1 -1
1592.42797852 -2 -1
1593.05297852 -2 -2
1593.85302734 -3 -2
1594.67102051 -3 -3
r
1595.39196777 -2 -2
1596.27905273 -3 -2
1597.04101562 -3 -3
r
1597.66003418 2 -2
1598.5279541 1 -2
1599.25695801 0 -2
1599.92504883 -1 -2
1600.71594238 -2 -2
1601.54003906 -3 -2
1602.14599609 -3 -3
r
1603.03601074 -2 2
1603.76000977 -2 1
1604.38500977 -2 0
1605.06994629 -2 -1
1605.91796875 -2 -2
1606.6159668 -3 -2
1607.40905762 -3 -3
r
1608.2779541 2 2
1609.15698242 2 1
1609.98999023 2 0
1610.59204102 2 -1
1611.42700195 1 -1
1612.24304199 0 -1
1612.98901367 -1 -1
1613.63500977 -2 -1
1614.45703125 -2 -2
1615.09899902 -3 -2
1615.93395996 -3 -3
r
1616.81396484 -2 -2
1617.57702637 -3 -2
1618.30505371 -3 -3
r
1619.09899902 2 -2
1619.92895508 1 -2
1620.5760498 0 -2
1621.44799805 -1 -2
1622.18701172 -2 -2
1623.00305176 -3 -2
1623.67199707 -3 -3
r
1624.45996094 -2 2
1625.35705566 -2 1
1626.07800293 -2 0
1626.9630127 -2 -1
1627.81896973 -2 -2
1628.56994629 -3 -2
1629.3260498 -3 -3
r
1630.14904785 2 2
1630.89001465 2 1
1631.74499512 2 0
1632.57299805 2 -1
1633.2800293 1 -1
1633.9239502 0 -1
1634.70898438 -1 -1
1635.52502441 -2 -1
1636.23303223 -2 -2
1637.00805664 -3 -2
1637.71704102 -3 -3
r
1638.5670166 -2 -2
1639.22302246 -3 -2
1640.01599121 -3 -3
r
1640.79504395 2 -2
1641.4029541 1 -2
1642.10400391 0 -2
1642.76293945 -1 -2
1643.60498047 -2 -2
1644.375 -3 -2
1645.16101074 -3 -3
r
1645.89404297 -2 2
1646.70703125 -2 1
1647.5489502 -2 0
1648.39794922 -2 -1
1649.04602051 -2 -2
1649.82495117 -3 -2
1650.43005371 -3 -3
r
1651.18798828 2 2
1652.0369873 2 1
1652.79699707 2 0
1653.43994141 2 -1
1654.10302734 1 -1
1654.93701172 0 -1
1655.83605957 -1 -1
1656.57495117 -2 -1
1657.34399414 -2 -2
1658.11999512 -3 -2
1658.84399414 -3 -3
r
1659.51904297 -2 -2
1660.13000488 -3 -2
1660.94604492 -3 -3
r
1661.83898926 2 -2
1662.54003906 1 -2
1663.28100586 0 -2
1663.90905762 -1 -2
1664.53894043 -2 -2
1665.18005371 -3 -2
1665.875 -3 -3
r
1666.60998535 -2 2
1667.44799805 -2 1
1668.33105469 -2 0
1668.99597168 -2 -1
1669.83605957 -2 -2
1670.51904297 -3 -2
1671.33703613 -3 -3
r
1672.18603516 2 2
1673.06799316 2 1
1673.73596191 2 0
1674.42504883 2 -1
1675.02905273 1 -1
1675.89599609 0 -1
1676.50097656 -1 -1
1677.33898926 -2 -1
1678.1159668 -2 -2
1678.88793945 -3 -2
1679.65795898 -3 -3
r
1680.43603516 -2 -2
1681.13195801 -3 -2
1681.81201172 -3 -3
r
1682.52905273 2 -2
1683.25195312 1 -2
1684.08300781 0 -2
1684.8470459 -1 -2
1685.66503906 -2 -2
1686.29199219 -3 -2
1686.98901367 -3 -3
r
1687.64599609 -2 2
1688.47302246 -2 1
1689.30700684 -2 0
1690.10205078 -2 -1
1690.74804688 -2 -2
1691.39294434 -3 -2
1692.1340332 -3 -3
r
1692.90405273 2 2
1693.5579834 2 1
1694.30395508 2 0
1695.10803223 2 -1
1695.83105469 1 -1
1696.65405273 0 -1
1697.35400391 -1 -1
1698.22900391 -2 -1
1699.02502441 -2 -2
1699.62805176 -3 -2
1700.25695801 -3 -3
r
1701.10803223 -2 -2
1701.94897461 -3 -2
1702.63598633 -3 -3
r
1703.28100586 2 -2
1704.0300293 1 -2
1704.70495605 0 -2
1705.5760498 -1 -2
1706.19897461 -2 -2
1707.08996582 -3 -2
1707.72094727 -3 -3
r
1708.56298828 -2 2
1709.25598145 -2 1
1710.0279541 -2 0
1710.87597656 -2 -1
1711.56298828 -2 -2
1712.4329834 -3 -2
1713.14697266 -3 -3
r
1713.98498535 2 2
1714.60705566 2 1
1715.38903809 2 0
1716.09301758 2 -1
1716.93005371 1 -1
1717.73303223 0 -1
1718.63098145 -1 -1
1719.30102539 -2 -1
1720.16503906 -2 -2
1720.88696289 -3 -2
1721.73803711 -3 -3
r
1722.56799316 -2 -2
1723.45996094 -3 -2
1724.22802734 -3 -3
r
1725.01098633 2 -2
1725.9050293 1 -2
1726.77001953 0 -2
1727.49804688 -1 -2
1728.24597168 -2 -2
1728.9510498 -3 -2
1729.76403809 -3 -3
r
1730.47900391 -2 2
1731.36499023 -2 1
1732.12695312 -2 0
1732.97094727 -2 -1
1733.5970459 -2 -2
1734.38903809 -3 -2
1735.20495605 -3 -3
r
1736.05895996 2 2
1736.94494629 2 1
1737.83398438 2 0
1738.49304199 2 -1
1739.30102539 1 -1
1740.01196289 0 -1
1740.78405762 -1 -1
1741.64794922 -2 -1
1742.39697266 -2 -2
1743.26501465 -3 -2
1744.03601074 -3 -3
r
1744.72998047 -2 -2
1745.46899414 -3 -2
1746.20495605 -3 -3
r
1746.86096191 2 -2
1747.60900879 1 -2
1748.31604004 0 -2
1749.2130127 -1 -2
1749.94299316 -2 -2
1750.64196777 -3 -2
1751.3380127 -3 -3
r
1752.01293945 -2 2
1752.64294434 -2 1
1753.4699707 -2 0
1754.33605957 -2 -1
1755.08105469 -2 -2
1755.78405762 -3 -2
1756.58703613 -3 -3
r
1757.43200684 2 2
1758.20202637 2 1
1758.8079834 2 0
1759.58203125 2 -1
1760.40002441 1 -1
1761.2199707 0 -1
1762.09094238 -1 -1
1762.84399414 -2 -1
1763.52502441 -2 -2
1764.24304199 -3 -2
1765.10302734 -3 -3
r
1765.75402832 -2 -2
1766.36999512 -3 -2
1767.20495605 -3 -3
r
1767.84204102 2 -2
1768.57702637 1 -2
1769.27001953 0 -2
1770.16503906 -1 -2
1770.95898438 -2 -2
1771.63793945 -3 -2
1772.48999023 -3 -3
r
1773.30505371 -2 2
1773.91796875 -2 1
1774.72705078 -2 0
1775.52099609 -2 -1
1776.3380127 -2 -2
1776.96801758 -3 -2
1777.73999023 -3 -3
r
1778.40002441 2 2
1779.25598145 2 1
1780.01904297 2 0
1780.69494629 2 -1
1781.39501953 1 -1
1782.00695801 0 -1
1782.77697754 -1 -1
1783.43896484 -2 -1
1784.10705566 -2 -2
1784.77099609 -3 -2
1785.64904785 -3 -3
r
1786.26293945 -2 -2
1786.90405273 -3 -2
1787.73706055 -3 -3
r
1788.54699707 2 -2
1789.17797852 1 -2
1789.80102539 0 -2
1790.62695312 -1 -2
1791.51000977 -2 -2
1792.18896484 -3 -2
1793.0300293 -3 -3
r
1793.86804199 -2 2
1794.72497559 -2 1
1795.56604004 -2 0
1796.22705078 -2 -1
1796.91894531 -2 -2
1797.62695312 -3 -2
1798.27197266 -3 -3
r
1798.95898438 2 2
1799.77404785 2 1
1800.47802734 2 0
1801.07897949 2 -1
1801.94995117 1 -1
1802.625 0 -1
1803.29504395 -1 -1
1803.91796875 -2 -1
1804.60205078 -2 -2
1805.25 -3 -2
1806.11694336 -3 -3
r
1806.95703125 -2 -2
1807.76794434 -3 -2
1808.45703125 -3 -3
r
1809.18994141 2 -2
1809.98999023 1 -2
1810.7590332 0 -2
1811.58203125 -1 -2
1812.45800781 -2 -2
1813.2199707 -3 -2
1813.87597656 -3 -3
r
1814.48303223 -2 2
1815.15795898 -2 1
1815.82397461 -2 0
1816.44702148 -2 -1
1817.2779541 -2 -2
1818.06396484 -3 -2
1818.85900879 -3 -3
r
1819.53295898 2 2
1820.40197754 2 1
1821.25097656 2 0
1822.09594727 2 -1
1822.89794922 1 -1
1823.63500977 0 -1
1824.47399902 -1 -1
1825.35400391 -2 -1
1826.24597168 -2 -2
1826.8470459 -3 -2
1827.47497559 -3 -3
r
1828.30505371 -2 -2
1829.18994141 -3 -2
1830.07800293 -3 -3
r
1830.97705078 2 -2
1831.6159668 1 -2
1832.38598633 0 -2
1833.21398926 -1 -2
1833.89001465 -2 -2
1834.57495117 -3 -2
1835.38598633 -3 -3
r
1836.18994141 -2 2
1836.93505859 -2 1
1837.77099609 -2 0
1838.67102051 -2 -1
1839.33703613 -2 -2
1840.21398926 -3 -2
1840.99804688 -3 -3
r
1841.83703613 2 2
1842.5949707 2 1
1843.47998047 2 0
1844.29199219 2 -1
1845.01098633 1 -1
1845.86206055 0 -1
1846.68200684 -1 -1
1847.5670166 -2 -1
1848.32897949 -2 -2
1848.98901367 -3 -2
1849.61901855 -3 -3
r
1850.37402344 -2 -2
1851.04602051 -3 -2
1851.87194824 -3 -3
r
1852.68896484 2 -2
1853.54602051 1 -2
1854.41503906 0 -2
1855.19604492 -1 -2
1855.9420166 -2 -2
1856.59094238 -3 -2
1857.47399902 -3 -3
r
1858.07897949 -2 2
1858.68505859 -2 1
1859.30297852 -2 0
1859.91894531 -2 -1
1860.8079834 -2 -2
1861.4699707 -3 -2
1862.16101074 -3 -3
r
1862.87902832 2 2
1863.55004883 2 1
1864.31604004 2 0
1865.16003418 2 -1
1865.81994629 1 -1
1866.50500488 0 -1
1867.21899414 -1 -1
1868.11303711 -2 -1
1868.85803223 -2 -2
1869.64404297 -3 -2
1870.47900391 -3 -3
r
1871.14599609 -2 -2
1871.91894531 -3 -2
1872.57995605 -3 -3
r
1873.32397461 2 -2
1873.92895508 1 -2
1874.75402832 0 -2
1875.48095703 -1 -2
1876.31005859 -2 -2
1876.96203613 -3 -2
1877.59594727 -3 -3
r
1878.31494141 -2 2
1879.20202637 -2 1
1880.09301758 -2 0
1880.88500977 -2 -1
1881.53894043 -2 -2
1882.43005371 -3 -2
1883.27697754 -3 -3
r
1883.93200684 2 2
1884.54101562 2 1
1885.36206055 2 0
1886.16394043 2 -1
1887.06298828 1 -1
1887.76196289 0 -1
1888.5670166 -1 -1
1889.39599609 -2 -1
1890.10803223 -2 -2
1891.00805664 -3 -2
1891.75598145 -3 -3
r
1892.5489502 -2 -2
1893.39501953 -3 -2
1894.01098633 -3 -3
r
1894.89501953 2 -2
1895.58300781 1 -2
1896.25305176 0 -2
1897.12805176 -1 -2
1897.97399902 -2 -2
1898.83898926 -3 -2
1899.55895996 -3 -3
r
1900.29199219 -2 2
1900.97998047 -2 1
1901.71704102 -2 0
1902.44104004 -2 -1
1903.05505371 -2 -2
1903.86206055 -3 -2
1904.72497559 -3 -3
r
1905.41796875 2 2
1906.12194824 2 1
1906.97094727 2 0
1907.7989502 2 -1
1908.60998535 1 -1
1909.41796875 0 -1
1910.25805664 -1 -1
1911.09899902 -2 -1
1911.98205566 -2 -2
1912.72595215 -3 -2
1913.43005371 -3 -3
r
1914.24304199 -2 -2
1915.07995605 -3 -2
1915.90698242 -3 -3
r
1916.73095703 2 -2
1917.41503906 1 -2
1918.17199707 0 -2
1918.96899414 -1 -2
1919.72900391 -2 -2
1920.5090332 -3 -2
1921.35705566 -3 -3
r
1922.08105469 -2 2
1922.69702148 -2 1
1923.32702637 -2 0
1924.17199707 -2 -1
1924.84301758 -2 -2
1925.5880127 -3 -2
1926.25305176 -3 -3
r
1926.88903809 2 2
1927.54003906 2 1
1928.3079834 2 0
1929.16601562 2 -1
1930.04003906 1 -1
1930.68005371 0 -1
1931.29699707 -1 -1
1931.99804688 -2 -1
1932.74194336 -2 -2
1933.5579834 -3 -2
1934.36096191 -3 -3
r
1935.08105469 -2 -2
1935.94299316 -3 -2
1936.83898926 -3 -3
r
1937.68200684 2 -2
1938.3449707 1 -2
1938.9699707 0 -2
1939.68798828 -1 -2
1940.43395996 -2 -2
1941.16003418 -3 -2
1941.7779541 -3 -3
r
1942.48095703 -2 2
1943.23205566 -2 1
1943.96203613 -2 0
1944.82800293 -2 -1
1945.45898438 -2 -2
1946.28295898 -3 -2
1947.11303711 -3 -3
r
1947.85302734 2 2
1948.73596191 2 1
1949.47399902 2 0
1950.33300781 2 -1
1951.21496582 1 -1
1951.82995605 0 -1
1952.49597168 -1 -1
1953.15698242 -2 -1
1953.87304688 -2 -2
1954.61303711 -3 -2
1955.29602051 -3 -3
r
1956.04003906 -2 -2
1956.67102051 -3 -2
1957.46496582 -3 -3
r
1958.34594727 2 -2
1959.14599609 1 -2
1959.80297852 0 -2
1960.49804688 -1 -2
1961.28100586 -2 -2
1961.98999023 -3 -2
1962.61499023 -3 -3
r
1963.33398438 -2 2
1964.01501465 -2 1
1964.71105957 -2 0
1965.33203125 -2 -1
1966.02697754 -2 -2
1966.64697266 -3 -2
1967.31396484 -3 -3
r
1968.14099121 2 2
1968.94299316 2 1
1969.83496094 2 0
1970.71704102 2 -1
1971.33300781 1 -1
1972.05200195 0 -1
1972.79504395 -1 -1
1973.41503906 -2 -1
1974.05895996 -2 -2
1974.85498047 -3 -2
1975.61096191 -3 -3
r
1976.32800293 -2 -2
1977.10498047 -3 -2
1977.89501953 -3 -3
r
1978.79199219 2 -2
1979.39599609 1 -2
1980.18200684 0 -2
1981.04003906 -1 -2
1981.77099609 -2 -2
1982.45397949 -3 -2
1983.21801758 -3 -3
r
1983.88500977 -2 2
1984.72705078 -2 1
1985.42297363 -2 0
1986.05603027 -2 -1
1986.66296387 -2 -2
1987.38598633 -3 -2
1988.2800293 -3 -3
r
1989.01098633 2 2
1989.68701172 2 1
1990.43994141 2 0
1991.07104492 2 -1
1991.79797363 1 -1
1992.48205566 0 -1
1993.20800781 -1 -1
1994.02001953 -2 -1
1994.65905762 -2 -2
1995.36206055 -3 -2
1996.0489502 -3 -3
r
1996.76293945 -2 -2
1997.65600586 -2 -3
1998.52001953 -3 -3
r
1999.1739502 2 -2
1999.85095215 1 -2
2000.59899902 0 -2
2001.36401367 -1 -2
2002.12304688 -2 -2
2002.82397461 -3 -2
2003.57104492 -3 -3
r
2004.44104004 -2 2
2005.20202637 -2 1
2005.97595215 -2 0
2006.76000977 -2 -1
2007.38598633 -2 -2
2008.13793945 -3 -2
2008.73803711 -3 -3
r
2009.48205566 2 2
2010.28796387 2 1
2011.1159668 2 0
2011.84204102 2 -1
2012.61499023 1 -1
2013.42895508 0 -1
2014.10705566 -1 -1
2014.92297363 -2 -1
2015.70996094 -2 -2
2016.60998535 -3 -2
2017.43701172 -3 -3
r
2018.19995117 -2 -2
2019.09301758 -3 -2
2019.97595215 -3 -3
r
2020.81604004 2 -2
2021.44799805 1 -2
2022.13500977 0 -2
2022.75598145 -1 -2
2023.56799316 -2 -2
2024.28198242 -3 -2
2025.06799316 -3 -3
r
2025.76696777 -2 2
2026.44396973 -2 1
2027.15197754 -2 0
2027.99499512 -2 -1
2028.61096191 -2 -2
2029.39404297 -3 -2
2030.01293945 -3 -3
r
2030.6340332 2 2
2031.38696289 2 1
2032.17797852 2 0
2032.81396484 2 -1
2033.50805664 1 -1
2034.28894043 0 -1
2035.12097168 -1 -1
2035.7800293 -2 -1
2036.39001465 -2 -2
2037.22998047 -3 -2
2037.89904785 -3 -3
r
2038.58496094 -2 -2
2039.23999023 -2 -3
2039.99902344 -3 -3
r
2040.66894531 2 -2
2041.53405762 1 -2
2042.35498047 0 -2
2043.0970459 -1 -2
2043.98205566 -2 -2
2044.70703125 -3 -2
2045.44799805 -3 -3
r
2046.28100586 -2 2
2047.05297852 -2 1
2047.87902832 -2 0
2048.69702148 -2 -1
2049.31103516 -2 -2
2049.92089844 -3 -2
2050.72094727 -3 -3
r
2051.55688477 2 2
2052.20507812 2 1
2053.03100586 2 0
2053.65209961 2 -1
2054.50805664 1 -1
2055.16503906 0 -1
2056.04711914 -1 -1
2056.76708984 -2 -1
2057.53295898 -2 -2
2058.33007812 -3 -2
2059.17211914 -3 -3
r
2059.83203125 -2 -2
2060.51391602 -3 -2
2061.13598633 -3 -3
r
2061.85498047 2 -2
2062.71801758 1 -2
2063.50292969 0 -2
2064.13989258 -1 -2
2064.90307617 -2 -2
2065.79296875 -3 -2
2066.62402344 -3 -3
r
2067.31811523 -2 2
2068.17602539 -2 1
2068.98999023 -2 0
2069.76611328 -2 -1
2070.59204102 -2 -2
2071.38500977 -3 -2
2072.18188477 -3 -3
r
2073.00708008 2 2
2073.8449707 2 1
2074.71411133 2 0
2075.60498047 2 -1
2076.34008789 1 -1
2077.14697266 0 -1
2077.98291016 -1 -1
2078.80810547 -2 -1
2079.60791016 -2 -2
2080.20898438 -3 -2
2080.88696289 -3 -3
r
2081.51098633 -2 -2
2082.18701172 -3 -2
2082.9519043 -3 -3
r
2083.74707031 2 -2
2084.54199219 1 -2
2085.36499023 0 -2
2086.18310547 -1 -2
2086.96801758 -2 -2
2087.5690918 -3 -2
2088.45898438 -3 -3
r
2089.2980957 -2 2
2090.17993164 -2 1
2091.05395508 -2 0
2091.74511719 -2 -1
2092.39990234 -2 -2
2093.06689453 -3 -2
2093.74511719 -3 -3
r
2094.58789062 2 2
2095.26000977 2 1
2096.11303711 2 0
2096.95996094 2 -1
2097.85791016 1 -1
2098.74707031 0 -1
2099.36108398 -1 -1
2100.19311523 -2 -1
2100.98193359 -2 -2
2101.60107422 -3 -2
2102.34790039 -3 -3
r
2103.03491211 -2 -2
2103.85107422 -3 -2
2104.56298828 -3 -3
r
2105.17895508 2 -2
2105.97607422 1 -2
2106.60693359 0 -2
2107.25708008 -1 -2
2107.95703125 -2 -2
2108.67407227 -3 -2
2109.3359375 -3 -3
r
2110.23291016 -2 2
2111.04711914 -2 1
2111.76708984 -2 0
2112.63696289 -2 -1
2113.46606445 -2 -2
2114.24389648 -3 -2
2114.8659668 -3 -3
r
2115.55493164 2 2
2116.3359375 2 1
2117.22094727 2 0
2117.83300781 2 -1
2118.44897461 1 -1
2119.1809082 0 -1
2119.80297852 -1 -1
2120.65405273 -2 -1
2121.41992188 -2 -2
2122.25805664 -3 -2
2122.86499023 -3 -3
r
2123.55810547 -2 -2
2124.20898438 -3 -2
2124.87402344 -3 -3
r
2125.49511719 2 -2
2126.20092773 1 -2
2127.02709961 0 -2
2127.88500977 -1 -2
2128.53100586 -2 -2
2129.39599609 -3 -2
2130.06298828 -3 -3
r
2130.73388672 -2 2
2131.38891602 -2 1
2132.11010742 -2 0
2132.79492188 -2 -1
2133.63696289 -2 -2
2134.48291016 -3 -2
2135.11108398 -3 -3
r
2135.72705078 2 2
2136.37011719 2 1
2137.03100586 2 0
2137.81494141 2 -1
2138.58398438 1 -1
2139.37402344 0 -1
2139.98999023 -1 -1
2140.85107422 -2 -1
2141.71801758 -2 -2
2142.41088867 -3 -2
2143.13110352 -3 -3
r
2143.96411133 -2 -2
2144.57299805 -2 -3
2145.21899414 -3 -3
r
2145.87304688 2 -2
2146.69189453 1 -2
2147.41308594 0 -2
2148.14404297 -1 -2
2149.02197266 -2 -2
2149.86206055 -3 -2
2150.54003906 -3 -3
r
2151.14404297 -2 2
2151.98095703 -2 1
2152.87890625 -2 0
2153.53295898 -2 -1
2154.18994141 -2 -2
2154.82299805 -3 -2
2155.59912109 -3 -3
r
2156.28100586 2 2
2157.09912109 2 1
2157.97802734 2 0
2158.7890625 2 -1
2159.58007812 1 -1
2160.45092773 0 -1
2161.3059082 -1 -1
2162.00708008 -2 -1
2162.65405273 -2 -2
2163.5090332 -3 -2
2164.34790039 -3 -3
r
2165.18505859 -2 -2
2165.99804688 -3 -2
2166.76293945 -3 -3
r
2167.50292969 2 -2
2168.13793945 1 -2
2168.87207031 0 -2
2169.64599609 -1 -2
2170.35791016 -2 -2
2171.11010742 -3 -2
2171.96899414 -3 -3
r
2172.69506836 -2 2
2173.47900391 -2 1
2174.27905273 -2 0
2175.17797852 -2 -1
2175.92407227 -2 -2
2176.77905273 -3 -2
2177.4440918 -3 -3
r
2178.12890625 2 2
2178.8190918 2 1
2179.46411133 2 0
2180.30004883 2 -1
2180.96704102 1 -1
2181.59912109 0 -1
2182.42407227 -1 -1
2183.32202148 -2 -1
2184.0 -2 -2
2184.6159668 -3 -2
2185.25097656 -3 -3
r
2186.09008789 -2 -2
2186.98510742 -3 -2
2187.75488281 -3 -3
r
2188.37695312 2 -2
2189.17211914 1 -2
2189.80810547 0 -2
2190.66503906 -1 -2
2191.31494141 -2 -2
2192.17993164 -3 -2
2192.91503906 -3 -3
r
2193.68896484 -2 2
2194.56591797 -2 1
2195.20996094 -2 0
2195.88891602 -2 -1
2196.66894531 -2 -2
2197.29296875 -3 -2
2197.99804688 -3 -3
r
2198.82202148 2 2
2199.53710938 2 1
2200.2590332 2 0
2201.01196289 2 -1
2201.64501953 1 -1
2202.27001953 0 -1
2202.95507812 -1 -1
2203.57202148 -2 -1
2204.24389648 -2 -2
2204.98901367 -3 -2
2205.82006836 -3 -3
r
2206.62695312 -2 -2
2207.23803711 -3 -2
2207.86499023 -3 -3
r
2208.59912109 2 -2
2209.38208008 1 -2
2210.19091797 0 -2
2210.88696289 -1 -2
2211.50610352 -2 -2
2212.10888672 -3 -2
2212.89306641 -3 -3
r
2213.62988281 -2 2
2214.39892578 -2 1
2215.01293945 -2 0
2215.83496094 -2 -1
2216.48291016 -2 -2
2217.32788086 -3 -2
2217.95996094 -3 -3
r
2218.77392578 2 2
2219.58789062 2 1
2220.23510742 2 0
2220.86010742 2 -1
2221.55200195 1 -1
2222.40795898 0 -1
2223.14794922 -1 -1
2223.91308594 -2 -1
2224.60009766 -2 -2
2225.47192383 -3 -2
2226.21191406 -3 -3
r
2226.86889648 -2 -2
2227.48095703 -3 -2
2228.1640625 -3 -3
r
2228.93994141 2 -2
2229.69702148 1 -2
2230.57788086 0 -2
2231.38696289 -1 -2
2232.2109375 -2 -2
2232.8269043 -3 -2
2233.66796875 -3 -3
r
2234.44702148 -2 2
2235.08398438 -2 1
2235.75292969 -2 0
2236.49291992 -2 -1
2237.34594727 -2 -2
2237.96899414 -3 -2
2238.61889648 -3 -3
r
2239.44702148 2 2
2240.23291016 2 1
2240.88305664 2 0
2241.77392578 2 -1
2242.42797852 1 -1
2243.21606445 0 -1
2243.9050293 -1 -1
2244.69897461 -2 -1
2245.52294922 -2 -2
2246.40893555 -3 -2
2247.01196289 -3 -3
r
2247.90698242 -2 -2
2248.66796875 -3 -2
2249.53491211 -3 -3
r
2250.41308594 2 -2
2251.16210938 1 -2
2251.99707031 0 -2
2252.80200195 -1 -2
2253.55200195 -2 -2
2254.31298828 -3 -2
2255.02197266 -3 -3
r
2255.83007812 -2 2
2256.50610352 -2 1
2257.37695312 -2 0
2257.99291992 -2 -1
2258.83203125 -2 -2
2259.70605469 -3 -2
2260.56396484 -3 -3
r
2261.43408203 2 2
2262.27197266 2 1
2263.14111328 2 0
2263.83300781 2 -1
2264.62792969 1 -1
2265.4050293 0 -1
2266.27587891 -1 -1
2267.14208984 -2 -1
2267.81005859 -2 -2
2268.53295898 -3 -2
2269.29907227 -3 -3
r
2270.0 -2 -2
2270.87011719 -3 -2
2271.69311523 -3 -3
r
2272.36401367 2 -2
2273.23901367 1 -2
2274.11791992 0 -2
2274.72802734 -1 -2
2275.54711914 -2 -2
2276.39501953 -3 -2
2277.03198242 -3 -3
r
2277.8840332 -2 2
2278.57910156 -2 1
2279.37597656 -2 0
2279.98193359 -2 -1
2280.64990234 -2 -2
2281.44311523 -3 -2
2282.19799805 -3 -3
r
2282.81591797 2 2
2283.56005859 2 1
2284.39990234 2 0
2285.07397461 2 -1
2285.8190918 1 -1
2286.60595703 0 -1
2287.39990234 -1 -1
2288.05004883 -2 -1
2288.77197266 -2 -2
2289.47094727 -3 -2
2290.29492188 -3 -3
r
2290.96801758 -2 -2
2291.85595703 -3 -2
2292.64892578 -3 -3
r
2293.49291992 2 -2
2294.13989258 1 -2
2294.77905273 0 -2
2295.57495117 -1 -2
2296.20288086 -2 -2
2296.99804688 -3 -2
2297.73095703 -3 -3
r
2298.51098633 -2 2
2299.27709961 -2 1
2300.12792969 -2 0
2300.88500977 -2 -1
2301.56005859 -2 -2
2302.29711914 -3 -2
2303.0390625 -3 -3
r
2303.93408203 2 2
2304.59790039 2 1
2305.31689453 2 0
2305.9699707 2 -1
2306.62402344 1 -1
2307.47509766 0 -1
2308.22607422 -1 -1
2308.94799805 -2 -1
2309.78710938 -2 -2
2310.59912109 -3 -2
2311.2980957 -3 -3
r
2312.0480957 -2 -2
2312.75292969 -3 -2
2313.42797852 -3 -3
r
2314.14404297 2 -2
2314.92797852 1 -2
2315.60888672 0 -2
2316.21191406 -1 -2
2316.90087891 -2 -2
2317.59204102 -3 -2
2318.28710938 -3 -3
r
2318.90600586 -2 2
2319.51708984 -2 1
2320.32495117 -2 0
2321.14697266 -2 -1
2321.97412109 -2 -2
2322.79907227 -3 -2
2323.5559082 -3 -3
r
2324.40209961 2 2
2325.13598633 2 1
2325.81591797 2 0
2326.51098633 2 -1
2327.12988281 1 -1
2327.74389648 0 -1
2328.46289062 -1 -1
2329.26293945 -2 -1
2330.05297852 -2 -2
2330.77587891 -3 -2
2331.66894531 -3 -3
r
2332.30908203 -2 -2
2333.01000977 -3 -2
2333.67504883 -3 -3
r
2334.41796875 2 -2
2335.23999023 1 -2
2336.0769043 0 -2
2336.89501953 -1 -2
2337.78491211 -2 -2
2338.65698242 -3 -2
2339.34106445 -3 -3
r
2339.97094727 -2 2
2340.65307617 -2 1
2341.51391602 -2 0
2342.14794922 -2 -1
2342.79907227 -2 -2
2343.41503906 -3 -2
2344.30810547 -3 -3
r
2344.96411133 2 2
2345.69799805 2 1
2346.49291992 2 0
2347.39111328 2 -1
2348.00390625 1 -1
2348.87304688 0 -1
2349.65087891 -1 -1
2350.41699219 -2 -1
2351.1340332 -2 -2
2351.89306641 -3 -2
2352.73291016 -3 -3
r
2353.36791992 -2 -2
2354.23291016 -2 -3
2354.85595703 -3 -3
r
2355.62207031 2 -2
2356.33789062 1 -2
2357.13793945 0 -2
2357.78393555 -1 -2
2358.56005859 -2 -2
2359.43701172 -3 -2
2360.33105469 -3 -3
r
2360.96704102 -2 2
2361.79492188 -2 1
2362.64404297 -2 0
2363.27099609 -2 -1
2364.01708984 -2 -2
2364.63598633 -3 -2
2365.47412109 -3 -3
r
2366.20898438 2 2
2366.83789062 2 1
2367.71606445 2 0
2368.42993164 2 -1
2369.0769043 1 -1
2369.8359375 0 -1
2370.46191406 -1 -1
2371.2109375 -2 -1
2371.94995117 -2 -2
2372.60498047 -3 -2
2373.39306641 -3 -3
r
2374.03710938 -2 -2
2374.71606445 -3 -2
2375.34399414 -3 -3
r
2375.98803711 2 -2
2376.61499023 1 -2
2377.29394531 0 -2
2377.97900391 -1 -2
2378.68188477 -2 -2
2379.54907227 -3 -2
2380.40209961 -3 -3
r
2381.17895508 -2 2
2382.01708984 -2 1
2382.86401367 -2 0
2383.55493164 -2 -1
2384.17895508 -2 -2
2384.82006836 -3 -2
2385.58691406 -3 -3
r
2386.40307617 2 2
2387.02001953 2 1
2387.69897461 2 0
2388.3269043 2 -1
2389.01000977 1 -1
2389.67700195 0 -1
2390.5 -1 -1
2391.23388672 -2 -1
2391.99511719 -2 -2
2392.64697266 -3 -2
2393.31201172 -3 -3
r
2394.11791992 -2 -2
2394.99707031 -3 -2
2395.71899414 -3 -3
r
2396.61303711 2 -2
2397.34912109 1 -2
2398.02099609 0 -2
2398.68603516 -1 -2
2399.50097656 -2 -2
