0.500999987125 0 -3
1.27600002289 0 -3
1.98800003529 -1 -3
2.72300004959 -2 -3
3.5680000782 -1 -3
4.38899993896 -2 -3
5.23000001907 -3 -3
r
5.94500017166 -2 -2
6.82800006866 -3 -2
7.44600009918 -3 -2
8.08399963379 -3 -2
8.77799987793 -3 -2
9.54599952698 -3 -2
10.1829996109 -3 -3
r
10.9530000687 2 -2
11.8149995804 1 -2
12.6339998245 0 -2
13.248000145 0 -3
14.0200004578 0 -3
14.9029998779 -1 -3
15.7840003967 -2 -3
16.3920001984 -3 -3
r
17.0450000763 -2 2
17.718000412 -2 1
18.533000946 -2 0
19.4099998474 -3 0
20.2339992523 -3 0
21.1040000916 -3 -1
21.9799995422 -3 -1
22.8010005951 -3 -1
23.4370002747 -3 -2
24.2220001221 -3 -2
25.0979995728 -3 -3
r
25.8600006104 2 2
26.6989994049 1 2
27.4430007935 1 1
28.2399997711 1 0
29.0389995575 0 0
29.857000351 -1 0
30.7250003815 -1 -1
31.4950008392 -1 -2
32.3460006714 -2 -2
33.1800003052 -2 -3
34.0110015869 -2 -3
34.8569984436 -3 -3
r
35.6409988403 -2 -2
36.3950004578 -3 -2
37.2659988403 -3 -2
37.9109992981 -3 -2
38.7130012512 -3 -3
r
39.4280014038 2 -2
40.1479988098 1 -2
41.0239982605 0 -2
41.7620010376 -1 -2
42.5909996033 -2 -2
43.2379989624 -2 -3
44.0270004272 -2 -3
44.6710014343 -3 -3
r
45.4199981689 -2 2
46.2060012817 -2 1
46.8730010986 -2 0
47.5509986877 -2 -1
48.4020004272 -2 -2
49.1500015259 -3 -2
49.7649993896 -3 -3
r
50.6619987488 2 2
51.4630012512 2 1
52.2529983521 3 1
52.90599823 3 1
53.7799987793 3 2
54.658000946 3 3
r
55.2929992676 -2 -2
55.9210014343 -2 -3
56.7900009155 -3 -3
r
57.6699981689 2 -2
58.361000061 1 -2
59.1279983521 0 -2
59.9990005493 -1 -2
60.6839981079 -2 -2
61.5340003967 -3 -2
62.2579994202 -3 -3
r
63.111000061 -2 2
63.8510017395 -2 1
64.6429977417 -2 0
65.4710006714 -2 -1
66.3079986572 -2 -2
66.9349975586 -2 -3
67.6699981689 -3 -3
r
68.5070037842 2 2
69.3259963989 2 3
69.9469985962 2 3
70.7610015869 1 3
71.6269989014 0 3
72.3479995728 -1 3
73.1090011597 -1 2
73.90599823 -1 1
74.6240005493 -1 0
75.5120010376 -1 -1
76.2699966431 -1 -2
77.1299972534 -2 -2
77.8980026245 -2 -3
78.7929992676 -3 -3
r
79.6340026855 -2 -2
80.5 -2 -3
81.31199646 -3 -3
r
82.1309967041 2 -2
82.7880020142 1 -2
83.5100021362 0 -2
84.31199646 -1 -2
85.1190032959 -2 -2
85.9980010986 -2 -3
86.8740005493 -3 -3
r
87.75 -2 2
88.4039993286 -2 1
89.141998291 -2 0
89.7900009155 -2 -1
90.5230026245 -2 -2
91.1790008545 -2 -3
92.0329971313 -3 -3
r
92.7170028687 2 2
93.5729980469 1 2
94.375 0 2
95.2630004883 0 1
96.0059967041 0 0
96.7600021362 0 -1
97.4469985962 0 -2
98.3450012207 -1 -2
99.1340026855 -1 -3
99.9390029907 -2 -3
100.792999268 -3 -3
r
101.569999695 -2 -2
102.380996704 -2 -3
103.266998291 -3 -3
r
104.124000549 2 -2
104.82900238 1 -2
105.665000916 0 -2
106.279998779 -1 -2
106.943000793 -1 -3
107.762001038 -2 -3
108.402000427 -3 -3
r
109.124000549 -2 2
109.835998535 -2 1
110.67199707 -2 0
111.275001526 -2 -1
111.972000122 -2 -2
112.695999146 -2 -3
113.388000488 -3 -3
r
114.26499939 2 2
115.09400177 1 2
115.987998962 1 3
116.591003418 2 3
117.391998291 1 3
118.022003174 1 3
118.768997192 2 3
119.522003174 1 3
120.292999268 2 3
120.906997681 1 3
121.763999939 1 3
122.544998169 1 3
123.305999756 1 2
123.972999573 0 2
124.779998779 0 1
125.476997375 0 0
126.337997437 0 -1
127.069999695 0 -2
127.720001221 0 -3
128.580001831 -1 -3
129.236999512 -2 -3
130.095993042 -3 -3
r
130.901992798 -2 -2
131.557006836 -2 -3
132.309997559 -3 -3
r
133.100997925 2 -2
133.723007202 1 -2
134.466995239 0 -2
135.17300415 -1 -2
135.917007446 -2 -2
136.602996826 -2 -3
137.333999634 -3 -3
r
138.121002197 -2 2
138.99899292 -2 1
139.744995117 -2 0
140.401000977 -2 -1
141.044998169 -2 -2
141.858001709 -2 -3
142.744003296 -3 -3
r
143.464996338 2 2
144.080993652 1 2
144.891998291 2 2
145.636001587 1 2
146.248001099 2 2
147.009002686 1 2
147.753005981 1 3
148.570007324 1 3
149.23500061 0 3
149.878005981 0 2
150.574996948 0 1
151.375 0 0
152.244995117 0 -1
152.996002197 0 -2
153.863006592 -1 -2
154.563995361 -1 -3
155.380996704 -2 -3
156.044998169 -3 -3
r
156.781997681 -2 -2
157.651992798 -2 -3
158.309005737 -3 -3
r
159.121994019 2 -2
159.923995972 1 -2
160.738998413 0 -2
161.389007568 -1 -2
162.033996582 -1 -3
162.764007568 -2 -3
163.380996704 -3 -3
r
164.029006958 -2 2
164.820999146 -2 1
165.507003784 -2 0
166.123001099 -2 -1
166.843002319 -2 -2
167.656005859 -2 -3
168.302001953 -3 -3
r
169.158996582 2 2
169.796005249 1 2
170.56300354 0 2
171.440994263 1 2
172.085006714 0 2
172.934997559 1 2
173.673995972 0 2
174.449005127 1 2
175.320007324 0 2
176.052001953 0 1
176.865997314 0 0
177.479003906 0 -1
178.309005737 0 -2
179.039001465 -1 -2
179.791000366 -1 -3
180.684005737 -2 -3
181.412002563 -3 -3
r
182.063995361 -2 -2
182.863006592 -2 -3
183.488998413 -3 -3
r
184.149002075 2 -2
184.863006592 1 -2
185.565002441 0 -2
186.225006104 -1 -2
186.951004028 -2 -2
187.774002075 -2 -3
188.56199646 -3 -3
r
189.352996826 -2 2
190.020004272 -2 1
190.710998535 -2 0
191.483001709 -2 -1
192.367996216 -2 -2
193.009994507 -2 -3
193.904006958 -3 -3
r
194.576004028 2 2
195.214996338 1 2
195.867996216 0 2
196.501998901 1 2
197.195007324 0 2
197.994003296 1 2
198.643997192 0 2
199.358001709 0 3
199.99899292 0 3
200.835006714 -1 3
201.694000244 -1 2
202.565002441 -1 1
203.287002563 -1 0
203.998001099 -1 -1
204.738998413 -1 -2
205.492996216 -1 -3
206.156005859 -2 -3
206.908004761 -3 -3
r
207.654006958 -2 -2
208.38999939 -2 -3
209.281005859 -3 -3
r
210.158996582 2 -2
210.82800293 1 -2
211.679000854 0 -2
212.43699646 -1 -2
213.277999878 -1 -3
214.12399292 -2 -3
214.785995483 -3 -3
r
215.610992432 -2 2
216.281005859 -2 1
216.975997925 -2 0
217.699005127 -2 -1
218.343994141 -2 -2
218.970001221 -2 -3
219.664993286 -3 -3
r
220.533996582 2 2
221.225997925 1 2
221.955001831 0 2
222.759994507 0 1
223.425003052 0 0
224.160003662 0 -1
225.001998901 -1 -1
225.865997314 -1 -2
226.496994019 -2 -2
227.130996704 -2 -3
227.794998169 -3 -3
r
228.42199707 -2 -2
229.063995361 -2 -3
229.845001221 -3 -3
r
230.533004761 2 -2
231.276000977 1 -2
231.996002197 0 -2
232.88999939 -1 -2
233.707992554 -2 -2
234.574996948 -2 -3
235.404998779 -3 -3
r
236.108001709 -2 2
236.811004639 -2 1
237.662994385 -2 0
238.554992676 -2 -1
239.292999268 -2 -2
240.085998535 -2 -3
240.934005737 -3 -3
r
241.694000244 2 2
242.365997314 2 1
243.214996338 2 0
244.087997437 2 -1
244.910003662 2 -2
245.539001465 1 -2
246.272994995 0 -2
246.889007568 -1 -2
247.785995483 -1 -3
248.677001953 -2 -3
249.548995972 -3 -3
r
250.38999939 -2 -2
251.128005981 -2 -3
251.936004639 -3 -3
r
252.541000366 2 -2
253.393005371 1 -2
254.020996094 0 -2
254.744995117 -1 -2
255.526000977 -2 -2
256.244995117 -2 -3
256.941986084 -3 -3
r
257.837005615 -2 2
258.731994629 -2 1
259.519012451 -2 0
260.371002197 -2 -1
261.143005371 -2 -2
261.997009277 -2 -3
262.865997314 -3 -3
r
263.75201416 2 2
264.45401001 2 1
265.208007812 2 0
265.945007324 2 -1
266.75 2 -2
267.514007568 1 -2
268.188995361 0 -2
269.062988281 -1 -2
269.946990967 -2 -2
270.678985596 -2 -3
271.417999268 -3 -3
r
272.303009033 -2 -2
273.049987793 -2 -3
273.695007324 -3 -3
r
274.345001221 2 -2
275.222991943 1 -2
275.898986816 0 -2
276.79699707 -1 -2
277.411010742 -2 -2
278.092010498 -3 -2
278.699005127 -3 -3
r
279.565002441 -2 2
280.416992188 -2 1
281.075012207 -2 0
281.690002441 -2 -1
282.584991455 -2 -2
283.332000732 -2 -3
284.167999268 -3 -3
r
284.825012207 2 2
285.523986816 2 1
286.341003418 2 0
287.074005127 2 -1
287.968994141 2 -2
288.868011475 2 -3
289.562011719 1 -3
290.300994873 0 -3
291.061004639 -1 -3
291.707000732 -2 -3
292.367004395 -3 -3
r
293.24798584 -2 -2
294.106994629 -2 -3
294.884002686 -3 -3
r
295.531005859 2 -2
296.148010254 2 -3
296.960998535 1 -3
297.67199707 0 -3
298.372009277 -1 -3
299.191986084 -2 -3
299.846008301 -3 -3
r
300.696014404 -2 2
301.411987305 -2 1
302.217987061 -2 0
303.110992432 -2 -1
303.863006592 -2 -2
304.579986572 -2 -3
305.243988037 -3 -3
r
305.867004395 2 2
306.584014893 2 3
307.428985596 2 3
308.161010742 2 2
309.015991211 2 1
309.845001221 2 0
310.515014648 2 1
311.188995361 2 0
311.971008301 2 -1
312.812988281 2 0
313.506988525 2 -1
314.394989014 2 -2
315.141998291 2 -3
315.864990234 1 -3
316.714996338 0 -3
317.473999023 -1 -3
318.20098877 -2 -3
319.071990967 -3 -3
r
319.713012695 -2 -2
320.390014648 -2 -3
321.153991699 -3 -3
r
322.040008545 2 -2
322.787994385 2 -3
323.674987793 2 -3
324.350006104 2 -2
325.074005127 2 -3
325.746002197 1 -3
326.394012451 0 -3
327.109985352 -1 -3
327.962005615 -2 -3
328.733001709 -3 -3
r
329.360992432 -2 2
330.179992676 -2 1
330.848999023 -2 0
331.726013184 -2 -1
332.372009277 -2 -2
332.989013672 -2 -3
333.794006348 -3 -3
r
334.622009277 2 2
335.256011963 2 1
336.023010254 2 0
336.915008545 2 -1
337.678009033 3 -1
338.437988281 3 -1
339.139007568 3 0
339.850006104 3 1
340.506011963 3 0
341.321990967 3 0
342.204986572 3 0
343.019989014 3 -1
343.677001953 3 0
344.303009033 3 -1
345.12298584 3 -2
345.852996826 3 -2
346.739990234 3 -2
347.628997803 3 -3
348.485992432 3 -2
349.088012695 3 -1
349.837005615 3 -2
350.669006348 3 -1
351.37399292 3 -2
352.157012939 3 -1
353.013000488 3 -1
353.897003174 3 0
354.67098999 3 -1
355.467010498 3 0
356.07901001 3 -1
356.709014893 3 -1
357.566009521 3 -1
358.308990479 3 -2
359.007995605 2 -2
359.864990234 1 -2
360.613006592 0 -2
361.460998535 -1 -2
362.347991943 -2 -2
362.989013672 -2 -3
363.621002197 -3 -3
r
364.375 -2 -2
364.984985352 -2 -3
365.824005127 -3 -3
r
366.473999023 2 -2
367.20300293 1 -2
368.033996582 0 -2
368.759002686 -1 -2
369.381011963 -2 -2
370.002990723 -2 -3
370.730987549 -3 -3
r
371.428009033 -2 2
372.07699585 -2 1
372.942993164 -2 0
373.705993652 -2 -1
374.343994141 -2 -2
374.981994629 -2 -3
375.595001221 -3 -3
r
376.294006348 2 2
377.118011475 1 2
377.752990723 0 2
378.555999756 1 2
379.393005371 0 2
380.093994141 0 1
380.966003418 0 0
381.635986328 0 -1
382.361999512 -1 -1
383.119995117 -1 -2
384.013000488 -2 -2
384.721984863 -2 -3
385.584014893 -3 -3
r
386.247009277 -2 -2
386.917999268 -2 -3
387.729003906 -3 -3
r
388.618988037 2 -2
389.321990967 1 -2
390.089996338 0 -2
390.963012695 -1 -2
391.790985107 -2 -2
392.511993408 -2 -3
393.368011475 -3 -3
r
394.160003662 -2 2
394.87701416 -2 1
395.682006836 -2 0
396.489990234 -2 -1
397.235992432 -2 -2
397.928009033 -3 -2
398.558013916 -3 -3
r
399.433013916 2 2
400.165008545 1 2
400.893005371 0 2
401.497009277 -1 2
402.294006348 -1 1
402.941009521 -1 0
403.708007812 -1 -1
404.429992676 -1 -2
405.196990967 -2 -2
405.841003418 -2 -3
406.725006104 -3 -3
r
407.589996338 -2 -2
408.401000977 -2 -3
409.022003174 -3 -3
r
409.824005127 2 -2
410.445007324 1 -2
411.32598877 0 -2
412.042999268 -1 -2
412.863006592 -2 -2
413.62399292 -3 -2
414.476989746 -3 -3
r
415.097991943 -2 2
415.834014893 -2 1
416.635009766 -2 0
417.406005859 -2 -1
418.132995605 -2 -2
418.967010498 -2 -3
419.821014404 -3 -3
r
420.476989746 2 2
421.329986572 1 2
422.105987549 0 2
422.959014893 -1 2
423.817993164 -1 1
424.42199707 -1 0
425.283996582 -1 -1
426.095001221 -1 -2
426.855010986 -2 -2
427.467010498 -2 -3
428.100006104 -3 -3
r
428.740997314 -2 -2
429.395996094 -2 -3
430.04901123 -3 -3
r
430.822998047 2 -2
431.457000732 1 -2
432.355010986 0 -2
433.243011475 -1 -2
434.055999756 -2 -2
434.812988281 -2 -3
435.669006348 -3 -3
r
436.289001465 -2 2
437.144012451 -2 1
437.941986084 -2 0
438.782989502 -2 -1
439.611999512 -2 -2
440.454986572 -2 -3
441.283996582 -3 -3
r
442.144012451 2 2
442.898010254 1 2
443.760009766 0 2
444.399993896 0 1
445.214996338 0 0
445.898010254 0 -1
446.678009033 -1 -1
447.295013428 -1 -2
447.992004395 -2 -2
448.881988525 -2 -3
449.756011963 -3 -3
r
450.472991943 -2 -2
451.222991943 -3 -2
452.07800293 -3 -3
r
452.820007324 2 -2
453.632995605 1 -2
454.459991455 0 -2
455.334014893 -1 -2
456.006988525 -2 -2
456.851013184 -2 -3
457.601989746 -3 -3
r
458.463989258 -2 2
459.218994141 -2 1
460.050994873 -2 0
460.928985596 -2 -1
461.825012207 -2 -2
462.54800415 -3 -2
463.42300415 -3 -3
r
464.122009277 2 2
464.983001709 1 2
465.868011475 0 2
466.717987061 -1 2
467.541992188 -1 1
468.234008789 -1 0
468.967010498 -1 -1
469.856994629 -1 -2
470.466003418 -2 -2
471.153991699 -2 -3
471.993011475 -3 -3
r
472.731994629 -2 -2
473.442993164 -3 -2
474.294006348 -3 -3
r
475.12701416 2 -2
475.92401123 1 -2
476.643005371 0 -2
477.369995117 -1 -2
477.986999512 -2 -2
478.881988525 -3 -2
479.680999756 -3 -3
r
480.507995605 -2 2
481.381988525 -2 1
482.044006348 -2 0
482.712005615 -2 -1
483.322998047 -2 -2
483.989013672 -2 -3
484.743988037 -3 -3
r
485.510986328 2 2
486.143005371 1 2
486.803009033 0 2
487.537994385 0 1
488.347991943 0 0
489.153015137 0 -1
490.026000977 -1 -1
490.800994873 -1 -2
491.403015137 -2 -2
492.088012695 -2 -3
492.740997314 -3 -3
r
493.562988281 -2 -2
494.214996338 -3 -2
495.050994873 -3 -3
r
495.924987793 2 -2
496.70300293 1 -2
497.472991943 0 -2
498.092010498 -1 -2
498.808990479 -2 -2
499.640014648 -3 -2
500.264007568 -3 -3
r
501.138000488 -2 2
501.742004395 -2 1
502.356994629 -2 0
503.192993164 -2 -1
503.87701416 -2 -2
504.669006348 -2 -3
505.454986572 -3 -3
r
506.272003174 2 2
507.131988525 1 2
507.807006836 0 2
508.514007568 0 1
509.403991699 0 0
510.098999023 0 -1
510.708007812 -1 -1
511.494995117 -1 -2
512.135009766 -2 -2
512.888000488 -2 -3
513.67401123 -3 -3
r
514.411010742 -2 -2
515.294006348 -3 -2
515.905029297 -3 -3
r
516.594970703 2 -2
517.463989258 1 -2
518.163024902 0 -2
518.898986816 -1 -2
519.588012695 -2 -2
520.416992188 -2 -3
521.306030273 -3 -3
r
522.15802002 -2 2
522.859985352 -2 1
523.637023926 -2 0
524.411987305 -2 -1
525.013000488 -2 -2
525.874023438 -2 -3
526.494018555 -3 -3
r
527.343994141 2 2
528.213989258 1 2
529.059997559 0 2
529.721984863 -1 2
530.497009277 -1 1
531.101013184 -1 0
531.776977539 -1 -1
532.497009277 -1 -2
533.356018066 -2 -2
534.218017578 -2 -3
534.914978027 -3 -3
r
535.687011719 -2 -2
536.463989258 -3 -2
537.228027344 -3 -3
r
537.880004883 2 -2
538.507019043 1 -2
539.20098877 0 -2
539.960021973 -1 -2
540.713989258 -2 -2
541.400024414 -2 -3
542.28302002 -3 -3
r
543.026000977 -2 2
543.757995605 -2 1
544.465026855 -2 0
545.179992676 -2 -1
545.831970215 -2 -2
546.463012695 -2 -3
547.278991699 -3 -3
r
548.043029785 2 2
548.768005371 1 2
549.487976074 0 2
550.182006836 1 2
551.052978516 0 2
551.882995605 1 2
552.70098877 0 2
553.577026367 0 3
554.232971191 0 3
555.031982422 0 2
555.716003418 0 1
556.367004395 0 0
557.057006836 0 -1
557.695007324 -1 -1
558.585021973 -1 -2
559.481994629 -2 -2
560.322021484 -2 -3
561.216003418 -3 -3
r
561.90802002 -2 -2
562.802978516 -2 -3
563.559020996 -3 -3
r
564.346984863 2 -2
564.981994629 1 -2
565.815002441 0 -2
566.432983398 -1 -2
567.164978027 -2 -2
568.008972168 -3 -2
568.70098877 -3 -3
r
569.573974609 -2 2
570.244995117 -2 1
570.994018555 -2 0
571.875 -2 -1
572.734985352 -2 -2
573.531005859 -2 -3
574.354980469 -3 -3
r
575.109008789 2 2
575.804016113 1 2
576.672973633 0 2
577.364013672 0 1
578.184020996 0 0
578.979980469 0 -1
579.609985352 -1 -1
580.280029297 -1 -2
581.093017578 -2 -2
581.945007324 -2 -3
582.684997559 -3 -3
r
583.401000977 -2 -2
584.043029785 -3 -2
584.814025879 -3 -3
r
585.523010254 2 -2
586.16998291 1 -2
586.911987305 0 -2
587.53302002 -1 -2
588.388000488 -2 -2
589.119018555 -3 -2
589.741027832 -3 -3
r
590.625 -2 2
591.380004883 -2 1
592.255981445 -2 0
593.116027832 -2 -1
593.918029785 -2 -2
594.802001953 -2 -3
595.520019531 -3 -3
r
596.369995117 2 2
597.161987305 1 2
598.054016113 0 2
598.890991211 -1 2
599.611022949 -1 1
600.418029785 -1 0
601.190979004 -1 -1
601.840026855 -1 -2
602.476989746 -2 -2
603.107971191 -2 -3
603.856018066 -3 -3
r
604.616027832 -2 -2
605.507019043 -3 -2
606.385009766 -3 -3
r
607.148010254 2 -2
608.020019531 1 -2
608.672973633 0 -2
609.366027832 -1 -2
610.031982422 -2 -2
610.708007812 -3 -2
611.57800293 -3 -3
r
612.260009766 -2 2
612.986022949 -2 1
613.723999023 -2 0
614.577026367 -2 -1
615.458007812 -2 -2
616.325012207 -3 -2
617.103027344 -3 -3
r
617.882995605 2 2
618.736022949 1 2
619.573974609 0 2
620.385009766 1 2
621.208007812 0 2
621.901000977 0 3
622.690002441 0 2
623.520996094 1 2
624.281982422 0 2
624.960998535 0 1
625.567016602 0 0
626.435974121 0 -1
627.271972656 -1 -1
627.906005859 -1 -2
628.79498291 -2 -2
629.418029785 -3 -2
630.153991699 -3 -3
r
630.911010742 -2 -2
631.723022461 -3 -2
632.419006348 -3 -3
r
633.213989258 2 -2
634.072021484 1 -2
634.947998047 0 -2
635.778015137 -1 -2
636.395019531 -2 -2
637.052001953 -2 -3
637.802978516 -3 -3
r
638.62902832 -2 2
639.244995117 -2 1
640.007995605 -2 0
640.739990234 -2 -1
641.510009766 -2 -2
642.304992676 -3 -2
643.174987793 -3 -3
r
644.052001953 2 2
644.825012207 1 2
645.692016602 0 2
646.322021484 -1 2
647.036987305 -1 1
647.685974121 -1 0
648.398986816 -1 -1
649.140991211 -2 -1
649.814025879 -2 -2
650.588012695 -3 -2
651.369995117 -3 -3
r
652.111999512 -2 -2
652.971984863 -3 -2
653.689025879 -3 -3
r
654.309997559 2 -2
654.914001465 1 -2
655.734985352 0 -2
656.559997559 -1 -2
657.255004883 -2 -2
658.002990723 -3 -2
658.838012695 -3 -3
r
659.440002441 -2 2
660.307983398 -2 1
661.15802002 -2 0
661.986022949 -2 -1
662.768005371 -2 -2
663.539001465 -3 -2
664.383972168 -3 -3
r
665.179992676 2 2
665.866027832 1 2
666.538024902 0 2
667.184020996 -1 2
667.927001953 -1 1
668.789978027 -1 0
669.633972168 -1 -1
670.434997559 -2 -1
671.098022461 -2 -2
671.937988281 -3 -2
672.715026855 -3 -3
r
673.54699707 -2 -2
674.213989258 -3 -2
674.984008789 -3 -3
r
675.851989746 2 -2
676.49597168 1 -2
677.206970215 0 -2
677.835021973 -1 -2
678.520996094 -2 -2
679.215026855 -2 -3
680.047973633 -3 -3
r
680.864990234 -2 2
681.512023926 -2 1
682.184020996 -2 0
682.919006348 -2 -1
683.568969727 -2 -2
684.302001953 -3 -2
685.091003418 -3 -3
r
685.716003418 2 2
686.445007324 1 2
687.047973633 0 2
687.931030273 -1 2
688.773986816 -1 1
689.661987305 -1 0
690.388977051 -1 -1
691.135986328 -2 -1
691.786010742 -2 -2
692.650024414 -3 -2
693.255004883 -3 -3
r
693.87097168 -2 -2
694.565002441 -3 -2
695.236022949 -3 -3
r
696.023986816 2 -2
696.841003418 1 -2
697.528015137 0 -2
698.278991699 -1 -2
699.132995605 -2 -2
699.885986328 -3 -2
700.556030273 -3 -3
r
701.32598877 -2 2
702.075012207 -2 1
702.763000488 -2 0
703.53302002 -2 -1
704.289001465 -2 -2
705.090026855 -3 -2
705.817016602 -3 -3
r
706.564025879 2 2
707.260986328 1 2
707.867004395 0 2
708.494995117 -1 2
709.289001465 -1 1
710.018981934 -1 0
710.869018555 -1 -1
711.502990723 -2 -1
712.226989746 -2 -2
713.090026855 -3 -2
713.71697998 -3 -3
r
714.439025879 -2 -2
715.073974609 -3 -2
715.755004883 -3 -3
r
716.619018555 2 -2
717.461975098 1 -2
718.168029785 0 -2
718.882019043 -1 -2
719.640014648 -2 -2
720.32800293 -3 -2
721.15802002 -3 -3
r
721.942993164 -2 2
722.625976562 -2 1
723.476989746 -2 0
724.336975098 -2 -1
725.20501709 -2 -2
726.000976562 -3 -2
726.716003418 -3 -3
r
727.580993652 2 2
728.409973145 1 2
729.135986328 0 2
729.869995117 -1 2
730.552978516 -1 1
731.359008789 -1 0
732.158996582 -1 -1
732.999023438 -2 -1
733.645996094 -2 -2
734.393981934 -3 -2
735.20501709 -3 -3
r
735.989990234 -2 -2
736.848022461 -3 -2
737.734985352 -3 -3
r
738.401977539 2 -2
739.07800293 1 -2
739.958007812 0 -2
740.655029297 -1 -2
741.502990723 -2 -2
742.236999512 -3 -2
743.117980957 -3 -3
r
743.825012207 -2 2
744.426025391 -2 1
745.164978027 -2 0
746.028991699 -2 -1
746.70098877 -2 -2
747.478027344 -3 -2
748.085021973 -3 -3
r
748.875 2 2
749.486022949 1 2
750.130981445 0 2
750.875 -1 2
751.551025391 -1 1
752.231018066 -1 0
753.068969727 -1 -1
753.92199707 -2 -1
754.54901123 -2 -2
755.17401123 -3 -2
756.026000977 -3 -3
r
756.799987793 -2 -2
757.515014648 -3 -2
758.218017578 -3 -3
r
758.838989258 2 -2
759.5 1 -2
760.210021973 0 -2
760.981018066 -1 -2
761.703979492 -2 -2
762.530029297 -3 -2
763.145996094 -3 -3
r
763.864990234 -2 2
764.685974121 -2 1
765.315979004 -2 0
766.023010254 -2 -1
766.817016602 -2 -2
767.640991211 -3 -2
768.24798584 -3 -3
r
769.114013672 2 2
769.890991211 1 2
770.492004395 0 2
771.265014648 -1 2
771.986022949 -1 1
772.672973633 -1 0
773.557006836 -1 -1
774.182006836 -2 -1
775.057006836 -2 -2
775.687988281 -3 -2
776.307983398 -3 -3
r
777.08001709 -2 -2
777.82598877 -3 -2
778.642028809 -3 -3
r
779.349975586 2 -2
780.239013672 1 -2
781.117004395 0 -2
782.0 -1 -2
782.609008789 -2 -2
783.416992188 -3 -2
784.065002441 -3 -3
r
784.843994141 -2 2
785.617980957 -2 1
786.448974609 -2 0
787.145019531 -2 -1
787.934997559 -2 -2
788.715026855 -3 -2
789.445983887 -3 -3
r
790.223022461 2 2
790.95300293 1 2
791.554016113 0 2
792.354980469 -1 2
793.101013184 -1 1
793.940979004 -1 0
794.54498291 -1 -1
795.396972656 -2 -1
796.101989746 -2 -2
796.984008789 -3 -2
797.869995117 -3 -3
r
798.67199707 -2 -2
799.278991699 -3 -2
800.17199707 -3 -3
r
800.973999023 2 -2
801.741027832 1 -2
802.614013672 0 -2
803.267028809 -1 -2
804.046020508 -2 -2
804.913024902 -3 -2
805.585998535 -3 -3
r
806.234008789 -2 2
806.960021973 -2 1
807.807006836 -2 0
808.671020508 -2 -1
809.486999512 -2 -2
810.096984863 -3 -2
810.793029785 -3 -3
r
811.635986328 2 2
812.515014648 1 2
813.242980957 0 2
814.093017578 -1 2
814.848999023 -1 1
815.520996094 -1 0
816.232971191 -1 -1
816.929016113 -2 -1
817.664001465 -2 -2
818.318969727 -3 -2
818.958984375 -3 -3
r
819.702026367 -2 -2
820.306030273 -3 -2
820.969970703 -3 -3
r
821.768981934 2 -2
822.476013184 3 -2
823.106018066 3 -2
823.940979004 3 -1
824.765014648 3 0
825.510009766 3 1
826.278015137 2 1
827.072021484 1 1
827.943969727 0 1
828.739013672 -1 1
829.609985352 -1 0
830.405029297 -1 -1
831.057006836 -2 -1
831.767028809 -2 -2
832.450012207 -3 -2
833.052978516 -3 -3
r
833.854003906 -2 2
834.700012207 -2 1
835.577026367 -2 0
836.223999023 -2 -1
836.948974609 -2 -2
837.788024902 -3 -2
838.518981934 -3 -3
r
839.361999512 2 2
840.234008789 1 2
841.041015625 0 2
841.801025391 -1 2
842.638000488 -1 1
843.49597168 -1 0
844.15802002 -1 -1
844.934020996 -2 -1
845.67401123 -2 -2
846.280029297 -3 -2
847.106018066 -3 -3
r
847.934020996 -2 -2
848.677001953 -3 -2
849.54901123 -3 -3
r
850.400024414 2 -2
851.153015137 2 -1
851.883972168 2 0
852.588012695 2 -1
853.213989258 2 0
853.851013184 2 -1
854.460998535 2 0
855.331970215 2 -1
856.077026367 2 0
856.716003418 2 -1
857.528991699 2 0
858.283996582 2 -1
859.072021484 2 0
859.890014648 2 1
860.67401123 1 1
861.383972168 0 1
862.16998291 -1 1
863.00402832 -1 0
863.666015625 -1 -1
864.382995605 -2 -1
865.017028809 -3 -1
865.799987793 -3 -2
866.445007324 -3 -3
r
867.314025879 -2 2
868.146972656 -2 1
868.888977051 -2 0
869.67199707 -2 -1
870.440002441 -3 -1
871.08001709 -3 -2
871.875976562 -3 -3
r
872.518005371 2 2
873.20501709 1 2
873.869018555 0 2
874.486022949 -1 2
875.301025391 -1 1
876.078979492 -1 0
876.693969727 -2 0
877.45300293 -2 -1
878.135986328 -3 -1
878.966003418 -3 -2
879.661010742 -3 -3
r
880.387023926 -2 -2
881.083007812 -3 -2
881.822021484 -3 -3
r
882.653991699 2 -2
883.406005859 1 -2
884.232971191 0 -2
884.932006836 -1 -2
885.62902832 -2 -2
886.263977051 -3 -2
886.92401123 -3 -3
r
887.804992676 -2 2
888.593994141 -2 1
889.213012695 -2 0
889.913024902 -2 -1
890.700012207 -3 -1
891.361022949 -3 -2
891.989013672 -3 -3
r
892.82800293 2 2
893.666015625 1 2
894.507019043 0 2
895.309997559 -1 2
896.013000488 -1 1
896.864990234 -1 0
897.716003418 -2 0
898.421020508 -2 -1
899.176025391 -3 -1
899.820007324 -3 -2
900.447998047 -3 -3
r
901.104980469 -2 -2
901.810974121 -3 -2
902.577026367 -3 -3
r
903.437988281 2 -2
904.268005371 2 -1
905.132019043 2 0
905.818969727 2 -1
906.718017578 3 -1
907.507995605 3 0
908.156005859 2 0
908.914978027 3 0
909.755004883 2 0
910.473022461 3 0
911.34197998 2 0
912.182006836 1 0
912.872009277 1 -1
913.609008789 0 -1
914.268981934 -1 -1
915.117980957 -2 -1
915.789978027 -3 -1
916.669006348 -3 -2
917.375 -3 -3
r
918.221008301 -2 2
919.044006348 -2 1
919.776000977 -2 0
920.590026855 -2 -1
921.445007324 -3 -1
922.158996582 -3 -2
922.833984375 -3 -3
r
923.726013184 2 2
924.556030273 1 2
925.284973145 0 2
926.145019531 -1 2
926.793029785 -2 2
927.406982422 -2 1
928.034973145 -2 0
928.664978027 -3 0
929.431030273 -3 -1
930.299987793 -3 -2
931.197998047 -3 -3
r
931.987976074 -2 -2
932.807006836 -3 -2
933.562011719 -3 -3
r
934.237976074 2 -2
934.960998535 1 -2
935.736022949 0 -2
936.463989258 -1 -2
937.29901123 -2 -2
938.015991211 -3 -2
938.903991699 -3 -3
r
939.708984375 -2 2
940.348022461 -2 1
941.20098877 -2 0
942.093017578 -2 -1
942.760009766 -3 -1
943.510986328 -3 -2
944.400024414 -3 -3
r
945.241027832 2 2
946.060974121 1 2
946.956970215 0 2
947.689025879 -1 2
948.536010742 -2 2
949.190002441 -2 1
949.827026367 -2 0
950.593017578 -3 0
951.388977051 -3 -1
952.169006348 -3 -2
952.844970703 -3 -3
r
953.619018555 -2 -2
954.344970703 -3 -2
955.192016602 -3 -3
r
956.07598877 2 -2
956.828979492 2 -1
957.479980469 2 0
958.25402832 2 -1
959.109008789 2 0
959.882019043 2 -1
960.747009277 2 0
961.583984375 1 0
962.231994629 1 -1
963.036987305 1 0
963.913024902 1 -1
964.79699707 1 0
965.567016602 1 -1
966.346008301 1 0
966.989990234 1 -1
967.646972656 1 0
968.344970703 1 -1
969.137023926 0 -1
969.781982422 -1 -1
970.405029297 -2 -1
971.181030273 -3 -1
972.020019531 -3 -2
972.666992188 -3 -3
r
973.567016602 -2 2
974.330993652 -2 1
975.00201416 -2 0
975.677001953 -3 0
976.278991699 -3 -1
977.041015625 -3 -2
977.877990723 -3 -3
r
978.642028809 2 2
979.244018555 1 2
979.922973633 0 2
980.62701416 -1 2
981.437011719 -2 2
982.164001465 -2 1
982.960021973 -3 1
983.825012207 -3 0
984.456970215 -3 -1
985.343994141 -3 -2
985.948974609 -3 -3
r
986.773010254 -2 -2
987.531982422 -3 -2
988.270996094 -3 -3
r
989.151977539 2 -2
989.956970215 1 -2
990.807983398 0 -2
991.679016113 -1 -2
992.443969727 -2 -2
993.176025391 -3 -2
993.968994141 -3 -3
r
994.843994141 -2 2
995.568969727 -2 1
996.46697998 -2 0
997.190002441 -3 0
998.072021484 -3 -1
998.692993164 -3 -2
999.567016602 -3 -3
r
1000.31799316 2 2
1001.0960083 1 2
1001.96697998 0 2
1002.61102295 -1 2
1003.29602051 -2 2
1004.12902832 -3 2
1004.9119873 -3 1
1005.54901123 -3 0
1006.1550293 -3 -1
1006.77001953 -3 -2
1007.60601807 -3 -3
r
1008.25500488 -2 -2
1009.11602783 -3 -2
1009.98199463 -3 -3
r
1010.809021 2 -2
1011.48101807 2 -1
1012.2789917 2 0
1013.14300537 2 -1
1013.98199463 2 0
1014.69299316 2 -1
1015.42199707 2 0
1016.06799316 2 1
1016.73699951 1 1
1017.45202637 0 1
1018.08300781 -1 1
1018.76397705 -2 1
1019.61401367 -3 1
1020.32702637 -3 0
1021.10900879 -3 -1
1021.7800293 -3 -2
1022.38897705 -3 -3
r
1023.25 -2 2
1024.14599609 -2 1
1024.91503906 -3 1
1025.57202148 -3 0
1026.3470459 -3 -1
1027.19995117 -3 -2
1027.83398438 -3 -3
r
1028.48303223 2 2
1029.3260498 1 2
1030.08605957 0 2
1030.96801758 -1 2
1031.82104492 -2 2
1032.5880127 -3 2
1033.48498535 -3 1
1034.24304199 -3 0
1034.90002441 -3 -1
1035.78796387 -3 -2
1036.42602539 -3 -3
r
1037.20703125 -2 -2
1037.9909668 -3 -2
1038.88903809 -3 -3
r
1039.76098633 2 -2
1040.4329834 2 -1
1041.04602051 2 0
1041.71203613 3 0
1042.34802246 2 0
1043.22998047 3 0
1043.93395996 2 0
1044.5579834 1 0
1045.42102051 1 -1
1046.12902832 2 -1
1047.00305176 2 0
1047.66503906 1 0
1048.39794922 1 -1
1049.17602539 1 0
1049.91894531 1 -1
1050.66296387 1 0
1051.29003906 1 -1
1051.93701172 0 -1
1052.57702637 -1 -1
1053.38500977 -2 -1
1054.2220459 -3 -1
1054.9630127 -3 -2
1055.73498535 -3 -3
r
1056.41601562 -2 2
1057.19104004 -2 1
1057.82202148 -3 1
1058.52600098 -3 0
1059.42199707 -3 -1
1060.16101074 -3 -2
1060.77600098 -3 -3
r
1061.59399414 2 2
1062.34899902 1 2
1063.03503418 0 2
1063.65905762 -1 2
1064.3840332 -2 2
1065.11096191 -2 1
1065.75695801 -3 1
1066.51599121 -3 0
1067.39001465 -3 -1
1068.10205078 -3 -2
1068.75305176 -3 -3
r
1069.63696289 -2 -2
1070.48095703 -3 -2
1071.25805664 -3 -3
r
1071.92297363 2 -2
1072.73095703 1 -2
1073.53601074 0 -2
1074.38696289 -1 -2
1075.17199707 -2 -2
1076.0579834 -3 -2
1076.81103516 -3 -3
r
1077.70202637 -2 2
1078.37304688 -2 1
1079.13903809 -3 1
1079.97497559 -3 0
1080.73999023 -3 -1
1081.47497559 -3 -2
1082.2869873 -3 -3
r
1083.05505371 2 2
1083.68005371 1 2
1084.56994629 0 2
1085.19897461 -1 2
1085.97998047 -2 2
1086.68005371 -3 2
1087.37194824 -3 1
1088.1529541 -3 0
1089.02600098 -3 -1
1089.73400879 -3 -2
1090.59301758 -3 -3
r
1091.41503906 -2 -2
1092.16394043 -3 -2
1092.85302734 -3 -2
1093.54003906 -3 -3
r
1094.43701172 2 -2
1095.0760498 2 -1
1095.76196289 2 0
1096.62097168 1 0
1097.31005859 1 -1
1098.04101562 1 0
1098.85095215 1 -1
1099.46203613 1 0
1100.20397949 1 -1
1100.82995605 1 0
1101.59802246 1 -1
1102.24401855 1 0
1103.01196289 1 -1
1103.77099609 1 0
1104.65197754 1 -1
1105.45800781 2 -1
1106.0880127 2 0
1106.9239502 1 0
1107.62695312 1 -1
1108.51293945 2 -1
1109.35803223 2 0
1110.04797363 1 0
1110.74194336 1 -1
1111.44799805 2 -1
1112.16101074 2 0
1113.02294922 1 0
1113.85900879 1 -1
1114.67004395 1 -2
1115.54296875 0 -2
1116.39196777 -1 -2
1117.14599609 -2 -2
1117.7779541 -3 -2
1118.46594238 -3 -3
r
1119.22302246 -2 2
1119.95300293 -2 3
1120.58398438 -2 3
1121.36804199 -2 2
1122.01599121 -2 1
1122.86901855 -3 1
1123.63793945 -3 0
1124.49304199 -3 -1
1125.31103516 -3 -2
1125.97497559 -3 -2
1126.83898926 -3 -3
r
1127.58398438 2 2
1128.33496094 1 2
1129.15795898 0 2
1129.93103027 1 2
1130.76904297 0 2
1131.42297363 1 2
1132.04602051 0 2
1132.73901367 -1 2
1133.47497559 -2 2
1134.13696289 -2 1
1134.77001953 -3 1
1135.56799316 -3 0
1136.31396484 -3 -1
1137.00598145 -3 -2
1137.76293945 -3 -2
1138.5949707 -3 -3
r
1139.43103027 -2 -2
1140.18005371 -3 -2
1140.9050293 -3 -2
1141.52905273 -3 -3
r
1142.17297363 2 -2
1142.80505371 2 -1
1143.57202148 2 0
1144.44995117 1 0
1145.11499023 1 -1
1145.84997559 1 0
1146.6550293 1 -1
1147.49401855 1 0
1148.36303711 1 -1
1149.22399902 1 0
1150.07104492 1 -1
1150.75695801 1 -2
1151.46105957 1 -1
1152.28100586 1 -2
1153.11999512 1 -1
1153.92700195 1 -2
1154.63098145 1 -1
1155.51000977 1 -2
1156.39794922 1 -1
1157.07299805 1 -2
1157.86303711 1 -1
1158.4699707 1 -2
1159.28295898 1 -1
1160.09997559 1 -2
1160.89794922 1 -1
1161.50402832 2 -1
1162.23303223 2 0
1163.09899902 1 0
1163.87304688 1 -1
1164.53198242 1 0
1165.28601074 1 -1
1166.18395996 1 0
1166.86901855 1 -1
1167.73901367 2 -1
1168.43994141 2 0
1169.0489502 1 0
1169.9239502 1 -1
1170.72595215 2 -1
1171.46899414 2 0
1172.31103516 1 0
1173.16796875 1 -1
1173.85400391 1 0
1174.45996094 1 -1
1175.20397949 1 0
1176.06298828 1 -1
1176.8079834 1 0
1177.53894043 1 -1
1178.2199707 1 0
1179.10803223 0 0
1179.80297852 0 -1
1180.53601074 -1 -1
1181.24401855 -2 -1
1182.10095215 -3 -1
1182.99694824 -3 -2
1183.66601562 -3 -3
r
1184.26794434 -2 2
1185.06396484 -2 1
1185.66796875 -1 1
1186.45397949 -2 1
1187.33605957 -1 1
1188.0090332 -2 1
1188.69897461 -1 1
1189.3079834 -2 1
1190.19396973 -1 1
1190.81298828 -2 1
1191.57202148 -1 1
1192.36303711 -2 1
1193.10095215 -2 2
1193.94897461 -2 1
1194.79296875 -1 1
1195.60900879 -2 1
1196.33703613 -1 1
1197.06103516 -2 1
1197.69396973 -1 1
1198.29504395 -2 1
1199.12902832 -1 1
1199.83496094 0 1
1200.56396484 -1 1
1201.3840332 0 1
1202.23901367 -1 1
1202.92004395 -2 1
1203.53405762 -2 0
1204.24499512 -3 0
1205.10595703 -3 -1
1205.76794434 -3 -2
1206.47802734 -3 -3
r
1207.37194824 2 2
1208.22705078 1 2
1209.09301758 0 2
1209.72705078 0 3
1210.5970459 0 2
1211.33996582 0 3
1212.23803711 0 2
1213.03100586 0 1
1213.86206055 -1 1
1214.6529541 -2 1
1215.52905273 -2 0
1216.18505859 -3 0
1217.01696777 -3 -1
1217.77001953 -3 -2
1218.59301758 -3 -2
1219.37097168 -3 -2
1220.22705078 -3 -3
r
1221.07202148 -2 -2
1221.95202637 -3 -2
1222.57800293 -3 -2
1223.36401367 -3 -2
1224.24194336 -3 -1
1225.10900879 -3 -2
1225.73205566 -3 -1
1226.63195801 -3 -2
1227.26904297 -3 -1
1227.99804688 -3 -2
1228.84899902 -3 -1
1229.71899414 -3 -2
1230.37194824 -3 -2
1231.06994629 -2 -2
1231.72497559 -3 -2
1232.55102539 -2 -2
1233.35803223 -3 -2
1234.05102539 -3 -1
1234.90905762 -3 -2
1235.65698242 -3 -1
1236.42102051 -3 -2
1237.05700684 -3 -1
1237.82800293 -3 -2
1238.49694824 -3 -1
1239.33398438 -3 -2
1239.94995117 -3 -1
1240.79199219 -2 -1
1241.40002441 -3 -1
1242.26501465 -2 -1
1243.07995605 -3 -1
1243.92895508 -2 -1
1244.57897949 -3 -1
1245.26293945 -2 -1
1246.15905762 -3 -1
1246.78503418 -2 -1
1247.59594727 -3 -1
1248.35900879 -2 -1
1249.17797852 -3 -1
1249.90795898 -2 -1
1250.66394043 -3 -1
1251.28796387 -2 -1
1252.01293945 -3 -1
1252.68005371 -2 -1
1253.4699707 -3 -1
1254.26098633 -2 -1
1255.05603027 -1 -1
1255.71203613 -2 -1
1256.42700195 -1 -1
1257.16394043 0 -1
1257.92602539 1 -1
1258.7199707 1 0
1259.61499023 1 -1
1260.45202637 2 -1
1261.05603027 2 0
1261.72302246 1 0
1262.6159668 1 -1
1263.50805664 2 -1
1264.21801758 2 0
1264.98205566 1 0
1265.70898438 1 -1
1266.33496094 1 0
1267.21203613 1 -1
1267.81896973 1 0
1268.71496582 1 -1
1269.40698242 1 0
1270.03198242 1 -1
1270.89404297 1 0
1271.68994141 1 -1
1272.55102539 1 0
1273.44104004 1 -1
1274.3170166 1 0
1275.07897949 1 -1
1275.78405762 1 0
1276.5670166 1 -1
1277.36096191 1 0
1277.96801758 1 -1
1278.7409668 1 0
1279.59997559 1 -1
1280.22998047 2 -1
1280.99401855 2 0
1281.68005371 1 0
1282.35302734 1 -1
1282.98706055 2 -1
1283.74902344 2 0
1284.58105469 1 0
1285.31298828 1 -1
1285.94299316 2 -1
1286.61694336 2 0
1287.38598633 1 0
1288.18505859 0 0
1288.92504883 0 -1
1289.74902344 1 -1
1290.37597656 1 -2
1291.2010498 1 -1
1291.87194824 1 -2
1292.50195312 1 -1
1293.37402344 1 -2
1294.18395996 1 -1
1294.81896973 1 0
1295.49804688 0 0
1296.31103516 -1 0
1297.04199219 0 0
1297.80603027 1 0
1298.55603027 0 0
1299.4119873 -1 0
1300.1920166 0 0
1301.02294922 1 0
1301.625 0 0
1302.40100098 -1 0
1303.19396973 0 0
1303.82397461 1 0
1304.66894531 0 0
1305.40100098 -1 0
1306.22998047 0 0
1307.06103516 1 0
1307.77001953 0 0
1308.54797363 0 -1
1309.17700195 1 -1
1310.02502441 1 0
1310.86804199 1 -1
1311.76293945 1 0
1312.39099121 1 -1
1313.1340332 1 0
1313.97900391 1 -1
1314.64904785 1 0
1315.29394531 1 -1
1315.94995117 1 0
1316.68200684 1 -1
1317.32495117 1 0
1318.07897949 1 -1
1318.87304688 1 0
1319.71801758 1 -1
1320.51403809 1 0
1321.37805176 1 -1
1322.07495117 1 0
1322.83605957 1 -1
1323.6340332 1 0
1324.31298828 1 -1
1324.93200684 1 -2
1325.80603027 1 -1
1326.41796875 1 -2
1327.20202637 1 -1
1327.9630127 1 -2
1328.84997559 1 -1
1329.59802246 1 0
1330.49597168 1 -1
1331.36499023 1 0
1332.08496094 1 -1
1332.89501953 2 -1
1333.60998535 2 0
1334.27600098 1 0
1334.90698242 2 0
1335.57495117 1 0
1336.42504883 2 0
1337.1920166 1 0
1337.79296875 2 0
1338.50402832 2 1
1339.17297363 1 1
1339.95605469 0 1
1340.85400391 1 1
1341.74304199 0 1
1342.62097168 1 1
1343.51403809 0 1
1344.23706055 1 1
1344.99902344 0 1
1345.70898438 1 1
1346.59204102 0 1
1347.25695801 1 1
1347.89196777 0 1
1348.51403809 1 1
1349.30004883 0 1
1350.07995605 1 1
1350.9420166 0 1
1351.71704102 1 1
1352.59399414 0 1
1353.33605957 1 1
1354.17004395 0 1
1354.92700195 1 1
1355.73095703 0 1
1356.41699219 1 1
1357.02001953 0 1
1357.75305176 1 1
1358.52502441 0 1
1359.29602051 1 1
1360.07104492 0 1
1360.68505859 1 1
1361.34204102 0 1
1362.24194336 1 1
1362.92700195 0 1
1363.56201172 1 1
1364.41894531 0 1
1365.3170166 0 2
1365.9909668 0 3
1366.83203125 0 2
1367.44897461 0 1
1368.20996094 0 0
1368.8659668 0 -1
1369.74804688 1 -1
1370.55395508 1 0
1371.31103516 1 -1
1371.97302246 1 0
1372.77294922 1 -1
1373.44494629 1 0
1374.30004883 1 -1
1375.08703613 1 0
1375.69104004 1 -1
1376.34204102 2 -1
1377.07299805 2 0
1377.68896484 1 0
1378.5880127 1 -1
1379.3659668 1 0
1380.14001465 1 -1
1380.80700684 1 0
1381.54101562 1 -1
1382.19995117 1 0
1382.88696289 1 -1
1383.68005371 1 0
1384.29504395 1 -1
1384.91699219 1 0
1385.76904297 1 -1
1386.46398926 1 0
1387.07495117 1 -1
1387.90197754 2 -1
1388.60498047 2 0
1389.23999023 1 0
1389.98498535 0 0
1390.6739502 0 -1
1391.55102539 1 -1
1392.25097656 2 -1
1393.01098633 2 0
1393.79101562 1 0
1394.42004395 0 0
1395.0760498 0 -1
1395.87597656 1 -1
1396.69995117 1 0
1397.30505371 1 -1
1398.10998535 1 0
1398.93395996 1 -1
1399.55297852 1 0
1400.30395508 1 -1
1401.0369873 1 0
1401.86804199 1 -1
1402.48095703 1 0
1403.14196777 1 -1
1403.86999512 1 0
1404.51098633 1 -1
1405.17797852 1 0
1406.02905273 1 -1
1406.79296875 1 0
1407.63000488 1 -1
1408.24499512 1 -2
1408.90002441 1 -1
1409.59301758 1 -2
1410.39904785 1 -1
1411.21899414 0 -1
1411.90600586 -1 -1
1412.65698242 -2 -1
1413.26904297 -2 0
1414.11499023 -2 1
1414.89697266 -2 2
1415.76098633 -2 1
1416.4029541 -2 2
1417.27502441 -2 1
1418.09204102 -2 0
1418.82702637 -2 1
1419.65197754 -2 0
1420.42297363 -2 1
1421.30297852 -2 0
1422.15905762 -2 1
1423.05004883 -2 0
1423.94604492 -1 0
1424.61694336 -1 -1
1425.40600586 -2 -1
1426.23303223 -2 0
1426.90795898 -1 0
1427.55102539 -1 -1
1428.43395996 -2 -1
1429.21496582 -2 0
1430.00805664 -2 -1
1430.72900391 -2 0
1431.47094727 -1 0
1432.22094727 -1 -1
1432.92297363 -2 -1
1433.76501465 -2 0
1434.58105469 -1 0
1435.42199707 -1 -1
1436.06494141 -2 -1
1436.77001953 -2 0
1437.65405273 -2 -1
1438.48803711 -2 0
1439.38195801 -1 0
1440.06494141 -1 -1
1440.76403809 -2 -1
1441.42700195 -2 0
1442.23303223 -2 -1
1442.85803223 -2 0
1443.6550293 -1 0
1444.54296875 -1 -1
1445.31298828 -2 -1
1445.92297363 -2 0
1446.5579834 -1 0
1447.29101562 -1 -1
1448.16699219 -2 -1
1448.96398926 -2 0
1449.65100098 -1 0
1450.42700195 -1 -1
1451.14294434 -2 -1
1451.87304688 -2 0
1452.59399414 -1 0
1453.29296875 -1 -1
1454.07299805 -2 -1
1454.71496582 -2 0
1455.43505859 -1 0
1456.23706055 -1 -1
1457.12402344 -2 -1
1457.84594727 -2 0
1458.45996094 -2 -1
1459.07299805 -2 0
1459.93896484 -1 0
1460.68603516 -1 -1
1461.48706055 -2 -1
1462.38696289 -2 0
1463.02294922 -1 0
1463.87902832 -1 -1
1464.63903809 -2 -1
1465.33496094 -2 0
1466.17004395 -1 0
1466.98596191 -1 -1
1467.61499023 -2 -1
1468.29602051 -2 0
1468.92504883 -1 0
1469.75500488 -1 -1
1470.55102539 -2 -1
1471.44604492 -2 0
1472.24304199 -1 0
1472.85302734 -1 -1
1473.68005371 -2 -1
1474.57397461 -2 0
1475.46704102 -1 0
1476.16796875 -1 -1
1476.79797363 -2 -1
1477.53601074 -2 0
1478.41503906 -1 0
1479.25695801 -1 -1
1479.88305664 -2 -1
1480.55200195 -2 0
1481.28198242 -2 -1
1482.06103516 -2 0
1482.80603027 -1 0
1483.4239502 -1 -1
1484.10595703 -2 -1
1484.87304688 -2 0
1485.73303223 -1 0
1486.62805176 -1 -1
1487.40698242 -2 -1
1488.10205078 -2 0
1488.88903809 -1 0
1489.51403809 -1 -1
1490.40698242 -2 -1
1491.09802246 -2 0
1491.79394531 -2 -1
1492.52001953 -2 0
1493.22302246 -1 0
1493.89404297 -1 -1
1494.53295898 0 -1
1495.18395996 1 -1
1495.87402344 1 -2
1496.7590332 1 -1
1497.65405273 1 0
1498.36096191 1 -1
1499.11499023 1 0
1499.96203613 1 -1
1500.73303223 1 0
1501.44299316 1 -1
1502.33300781 1 0
1503.11303711 1 -1
1503.81396484 1 0
1504.70703125 1 -1
1505.53503418 1 0
1506.1920166 1 -1
1507.03198242 1 0
1507.88903809 1 -1
1508.52697754 1 0
1509.41003418 2 0
1510.0949707 1 0
1510.7779541 0 0
1511.38500977 1 0
1512.22399902 0 0
1512.90100098 1 0
1513.59594727 0 0
1514.31896973 1 0
1514.94995117 0 0
1515.84802246 1 0
1516.73596191 2 0
1517.60705566 1 0
1518.23400879 2 0
1518.90197754 1 0
1519.60205078 2 0
1520.49499512 2 1
1521.27404785 1 1
1522.08605957 0 1
1522.91101074 0 0
1523.62194824 0 -1
1524.30200195 1 -1
1525.03503418 1 0
1525.75695801 2 0
1526.5300293 1 0
1527.21801758 2 0
1527.95996094 1 0
1528.65002441 2 0
1529.42504883 1 0
1530.2409668 0 0
1530.99804688 -1 0
1531.71496582 -1 -1
1532.35205078 0 -1
1533.10803223 1 -1
1533.71105957 1 0
1534.36206055 0 0
1535.2010498 -1 0
1536.07104492 -1 -1
1536.68798828 0 -1
1537.41699219 1 -1
1538.09301758 1 0
1538.9119873 0 0
1539.52600098 0 -1
1540.30004883 1 -1
1541.07800293 1 0
1541.88305664 1 1
1542.60595703 0 1
1543.43603516 0 0
1544.28405762 0 -1
1544.98205566 1 -1
1545.84899902 1 0
1546.7199707 1 1
1547.59301758 0 1
1548.31494141 0 0
1549.0760498 0 -1
1549.96801758 1 -1
1550.70495605 1 -2
1551.48095703 1 -1
1552.1159668 1 -2
1552.74194336 1 -1
1553.54101562 1 -2
1554.19897461 1 -1
1554.89794922 1 0
1555.62304688 1 1
1556.35205078 0 1
1557.19897461 0 0
1557.96704102 0 -1
1558.70605469 1 -1
1559.56494141 1 0
1560.25402832 1 1
1560.96105957 0 1
1561.59594727 0 0
1562.38000488 0 -1
1563.02001953 1 -1
1563.62805176 1 0
1564.43200684 1 1
1565.19299316 0 1
1565.92797852 0 0
1566.81994629 0 -1
1567.48498535 1 -1
1568.15698242 1 0
1568.89196777 1 1
1569.61499023 0 1
1570.41894531 0 0
1571.29003906 0 -1
1572.05395508 1 -1
1572.70703125 1 0
1573.54003906 1 1
1574.34301758 0 1
1575.16296387 0 0
1575.80700684 0 -1
1576.69104004 1 -1
1577.4630127 1 0
1578.10595703 1 1
1578.91296387 0 1
1579.69104004 0 2
1580.4510498 0 1
1581.18798828 0 2
1581.83398438 0 3
1582.57702637 0 2
1583.39294434 1 2
1584.16003418 0 2
1584.80102539 1 2
1585.47399902 0 2
1586.28894043 1 2
1587.13598633 0 2
1587.95202637 0 1
1588.60498047 -1 1
1589.35205078 -1 0
1590.12304688 -1 -1
1590.81298828 0 -1
1591.58898926 1 -1
1592.28796387 1 0
1592.97802734 1 1
1593.875 0 1
1594.6739502 -1 1
1595.3170166 -1 0
1595.92700195 -1 -1
1596.76904297 0 -1
1597.48400879 1 -1
1598.22497559 1 0
1598.94104004 1 1
1599.83398438 0 1
1600.62194824 -1 1
1601.41394043 -1 0
1602.27404785 -1 -1
1603.10998535 -1 0
1603.95605469 -1 -1
1604.66101074 -1 0
1605.5 -1 -1
1606.19104004 -1 0
1606.87805176 -1 -1
1607.68103027 -1 0
1608.34594727 -1 -1
1609.02502441 -1 0
1609.63195801 -1 -1
1610.32897949 -1 0
1611.04504395 -1 -1
1611.65600586 -2 -1
1612.43103027 -2 0
1613.1529541 -2 1
1614.00695801 -2 0
1614.72802734 -2 1
1615.60400391 -2 0
1616.4050293 -2 -1
1617.16003418 -2 0
1617.87194824 -2 -1
1618.48999023 -1 -1
1619.19299316 -2 -1
1620.07800293 -1 -1
1620.92700195 -2 -1
1621.5279541 -1 -1
1622.2130127 -2 -1
1623.03295898 -1 -1
1623.64599609 -2 -1
1624.46496582 -1 -1
1625.11206055 0 -1
1626.00195312 1 -1
1626.79797363 1 0
1627.65002441 1 1
1628.43103027 0 1
1629.30102539 -1 1
1630.08300781 -1 0
1630.76403809 -1 -1
1631.47900391 0 -1
1632.12097168 1 -1
1633.00305176 1 0
1633.72802734 1 1
1634.44494629 0 1
1635.10498047 -1 1
1635.73999023 -1 0
1636.43603516 -1 -1
1637.11999512 0 -1
1637.98205566 0 -2
1638.79003906 0 -1
1639.57800293 0 -2
1640.26000977 0 -1
1641.04602051 0 -2
1641.88000488 0 -1
1642.72705078 0 -2
1643.41003418 0 -1
1644.03100586 0 -2
1644.83496094 0 -1
1645.58996582 0 -2
1646.2130127 0 -1
1647.0670166 0 -2
1647.82995605 0 -1
1648.62097168 0 -2
1649.46801758 0 -1
1650.10095215 0 -2
1650.88000488 0 -1
1651.5090332 0 -2
1652.22998047 0 -1
1653.03601074 0 -2
1653.88098145 1 -2
1654.7199707 1 -1
1655.49499512 1 -2
1656.11804199 1 -1
1656.8470459 1 -2
1657.68798828 1 -1
1658.28894043 1 0
1659.01794434 1 1
1659.83496094 0 1
1660.51696777 -1 1
1661.17602539 -1 0
1661.89599609 -1 -1
1662.50402832 -2 -1
1663.39001465 -1 -1
1664.23498535 -2 -1
1665.07104492 -1 -1
1665.84204102 0 -1
1666.4510498 1 -1
1667.0970459 1 0
1667.72094727 2 0
1668.37695312 1 0
1669.20996094 2 0
1670.06298828 1 0
1670.75305176 2 0
1671.48498535 1 0
1672.29504395 0 0
1673.03198242 -1 0
1673.64904785 -1 -1
1674.49597168 0 -1
1675.34204102 -1 -1
1675.97998047 0 -1
1676.68896484 -1 -1
1677.32995605 0 -1
1678.01794434 -1 -1
1678.65405273 0 -1
1679.40405273 -1 -1
1680.00805664 0 -1
1680.87304688 0 -2
1681.63098145 0 -1
1682.31396484 0 -2
1683.16601562 0 -1
1683.95605469 0 -2
1684.76000977 0 -1
1685.36303711 0 -2
1686.24902344 0 -1
1687.06103516 0 -2
1687.70300293 0 -1
1688.57995605 0 -2
1689.23596191 0 -1
1689.98706055 0 -2
1690.66699219 0 -1
1691.27294922 -1 -1
1691.91699219 -2 -1
1692.55395508 -1 -1
1693.28405762 -2 -1
1693.89404297 -1 -1
1694.70898438 -2 -1
1695.52099609 -1 -1
1696.39904785 0 -1
1697.2779541 0 -2
1697.98999023 0 -1
1698.70605469 0 -2
1699.45495605 0 -1
1700.08703613 0 -2
1700.92700195 0 -1
1701.66796875 -1 -1
1702.32995605 0 -1
1703.14099121 -1 -1
1703.8079834 0 -1
1704.66101074 -1 -1
1705.27404785 0 -1
1706.01000977 -1 -1
1706.77697754 0 -1
1707.66003418 -1 -1
1708.3380127 0 -1
1709.23498535 -1 -1
1709.91796875 0 -1
1710.58605957 -1 -1
1711.47399902 0 -1
1712.36206055 -1 -1
1713.06604004 -1 0
1713.88000488 -1 -1
1714.74694824 -1 0
1715.34899902 -1 -1
1716.00402832 -1 0
1716.6619873 -1 -1
1717.43395996 -1 0
1718.17700195 -1 -1
1719.03295898 -1 0
1719.79504395 -1 -1
1720.50695801 -1 -2
1721.32495117 -2 -2
1722.0 -3 -2
1722.87304688 -3 -3
r
1723.76403809 2 -2
1724.66003418 2 -1
1725.51904297 2 0
1726.36694336 1 0
1727.25097656 0 0
1727.88696289 0 1
1728.57299805 -1 1
1729.4050293 -1 0
1730.0090332 -1 -1
1730.89099121 -2 -1
1731.5489502 -1 -1
1732.2779541 -1 0
1732.96398926 -1 -1
1733.7130127 -1 0
1734.55505371 -1 -1
1735.33898926 -1 0
1736.19702148 -1 -1
1736.91699219 -1 0
1737.65600586 -1 -1
1738.52099609 -1 0
1739.23706055 -1 -1
1739.89404297 -1 0
1740.73803711 -1 -1
1741.62097168 -1 0
1742.27404785 -1 -1
1743.14404297 -1 0
1743.9239502 -1 -1
1744.56994629 -1 0
1745.36206055 -1 -1
1745.9909668 -1 0
1746.83996582 -1 -1
1747.46801758 -1 0
1748.16394043 -1 -1
1748.80603027 -1 0
1749.48706055 -1 -1
1750.21105957 -1 0
1750.83605957 -1 -1
1751.70800781 -1 0
1752.56604004 -1 -1
1753.26098633 -1 0
1753.91601562 -1 -1
1754.80102539 -1 0
1755.60205078 -1 -1
1756.36901855 -1 0
1756.97900391 -1 -1
1757.85998535 -1 0
1758.58105469 -1 -1
1759.23999023 -1 0
1759.99597168 -1 -1
1760.63195801 -1 0
1761.33496094 -1 -1
1762.05297852 -1 0
1762.84094238 -1 -1
1763.72497559 -1 0
1764.56994629 -1 -1
1765.44897461 -1 0
1766.31396484 -1 -1
1766.92297363 0 -1
1767.8079834 0 -2
1768.62902832 0 -1
1769.52600098 0 -2
1770.23596191 0 -1
1770.99401855 0 -2
1771.69104004 0 -1
1772.44104004 0 -2
1773.10205078 0 -1
1773.75097656 0 -2
1774.60095215 0 -1
1775.20397949 0 -2
1776.03796387 0 -1
1776.93103027 0 -2
1777.70703125 0 -1
1778.53894043 0 -2
1779.19799805 0 -1
1779.83398438 0 -2
1780.68896484 0 -1
1781.58398438 -1 -1
1782.36804199 0 -1
1783.04394531 -1 -1
1783.72302246 0 -1
1784.38305664 -1 -1
1785.11206055 0 -1
1785.74401855 -1 -1
1786.45898438 0 -1
1787.24194336 -1 -1
1787.94799805 0 -1
1788.7869873 -1 -1
1789.64599609 0 -1
1790.49902344 -1 -1
1791.37597656 0 -1
1792.0970459 -1 -1
1792.74902344 0 -1
1793.36206055 -1 -1
1794.20300293 0 -1
1795.00805664 -1 -1
1795.6159668 0 -1
1796.4420166 -1 -1
1797.33703613 0 -1
1798.07104492 -1 -1
1798.82104492 -1 -2
1799.43505859 -2 -2
1800.0670166 -3 -2
1800.75195312 -3 -3
r
1801.44995117 -2 2
1802.3170166 -2 1
1803.02294922 -2 2
1803.85595703 -2 1
1804.74902344 -2 2
1805.48205566 -2 1
1806.27099609 -2 2
1806.98706055 -2 1
1807.5949707 -2 0
1808.33398438 -2 1
1809.04602051 -2 0
1809.76196289 -2 1
1810.56005859 -2 0
1811.26501465 -2 1
1812.13305664 -2 0
1812.74694824 -2 -1
1813.45996094 -2 0
1814.29394531 -2 -1
1814.91503906 -2 0
1815.65002441 -2 -1
1816.46704102 -2 0
1817.36206055 -1 0
1818.00097656 -1 -1
1818.81604004 -1 0
1819.49401855 -1 -1
1820.38500977 -1 0
1821.10095215 -1 -1
1821.87695312 -1 0
1822.51696777 -1 -1
1823.4029541 -1 0
1824.06994629 -1 -1
1824.8170166 -1 0
1825.51403809 -1 -1
1826.17004395 -1 0
1827.01794434 -1 -1
1827.64404297 -1 0
1828.25500488 -1 -1
1828.95703125 -1 0
1829.56799316 -1 -1
1830.31103516 -1 0
1831.16699219 -1 -1
1831.81799316 -1 0
1832.49694824 -1 -1
1833.32202148 -1 0
1834.16394043 -1 -1
1834.77294922 -1 0
1835.49401855 -1 -1
1836.28295898 -1 0
1836.9050293 -1 -1
1837.58496094 -1 0
1838.41699219 -1 -1
1839.1159668 -1 0
1840.01000977 -1 -1
1840.61206055 -1 0
1841.30395508 -1 -1
1842.06799316 -1 0
1842.83996582 -1 -1
1843.52600098 -1 0
1844.30603027 -1 -1
1845.10998535 -1 0
1845.86901855 -1 -1
1846.67004395 0 -1
1847.27600098 -1 -1
1847.9029541 0 -1
1848.52197266 -1 -1
1849.35998535 0 -1
1850.17199707 -1 -1
1850.79504395 0 -1
1851.43994141 -1 -1
1852.1340332 0 -1
1852.79699707 -1 -1
1853.65002441 0 -1
1854.4720459 -1 -1
1855.28198242 -1 -2
1856.03503418 -2 -2
1856.75402832 -3 -2
1857.52502441 -3 -1
1858.23498535 -3 0
1858.92297363 -3 1
1859.73706055 -3 0
1860.57995605 -3 -1
1861.26293945 -3 -2
1862.08605957 -3 -1
1862.69396973 -3 -2
1863.3079834 -3 -1
1863.91503906 -3 -2
1864.68103027 -3 -1
1865.34899902 -3 -2
1865.97399902 -3 -1
1866.85803223 -3 -2
1867.61206055 -3 -1
1868.43798828 -3 -2
1869.20300293 -3 -1
1869.90905762 -3 -2
1870.74597168 -3 -1
1871.44494629 -3 -2
1872.24194336 -3 -1
1872.98706055 -2 -1
1873.59899902 -1 -1
1874.49804688 0 -1
1875.17895508 -1 -1
1875.78796387 0 -1
1876.54394531 -1 -1
1877.36901855 0 -1
1877.97595215 -1 -1
1878.70800781 0 -1
1879.50500488 -1 -1
1880.12902832 0 -1
1880.87695312 -1 -1
1881.55700684 0 -1
1882.45703125 -1 -1
1883.10900879 0 -1
1883.77600098 -1 -1
1884.67004395 0 -1
1885.56201172 -1 -1
1886.31494141 0 -1
1887.21105957 -1 -1
1887.99304199 0 -1
1888.77502441 -1 -1
1889.63195801 0 -1
1890.48706055 -1 -1
1891.20898438 0 -1
1891.92602539 -1 -1
1892.62805176 0 -1
1893.34301758 -1 -1
1894.13305664 0 -1
1894.82104492 -1 -1
1895.54797363 0 -1
1896.4420166 -1 -1
1897.06604004 0 -1
1897.75805664 -1 -1
1898.40600586 0 -1
1899.07897949 -1 -1
1899.90905762 0 -1
1900.56994629 -1 -1
1901.44702148 -2 -1
1902.15905762 -1 -1
1902.9119873 0 -1
1903.71496582 -1 -1
1904.40600586 -1 -2
1905.24401855 -2 -2
1906.05505371 -2 -1
1906.86401367 -1 -1
1907.59204102 0 -1
1908.35302734 0 -2
1909.18896484 0 -1
1910.04602051 0 -2
1910.71496582 0 -1
1911.47094727 0 -2
1912.12695312 0 -1
1912.80200195 0 -2
1913.62304688 0 -1
1914.35900879 0 -2
1915.16796875 0 -1
1916.01196289 0 -2
1916.69104004 0 -1
1917.3079834 0 -2
1917.9420166 0 -1
1918.57104492 0 -2
1919.17504883 0 -1
1919.80297852 0 -2
1920.44799805 0 -1
1921.09204102 -1 -1
1921.72094727 0 -1
1922.36206055 -1 -1
1923.03100586 0 -1
1923.79101562 -1 -1
1924.49194336 0 -1
1925.39196777 -1 -1
1926.21496582 0 -1
1926.97595215 -1 -1
1927.7989502 0 -1
1928.54699707 -1 -1
1929.40698242 0 -1
1930.07995605 -1 -1
1930.83605957 0 -1
1931.60803223 -1 -1
1932.39794922 0 -1
1933.16003418 -1 -1
1934.02404785 0 -1
1934.90905762 -1 -1
1935.66394043 -1 0
1936.29003906 -1 -1
1937.11999512 -1 0
1937.97705078 -1 -1
1938.58203125 -1 0
1939.4329834 -1 -1
1940.25195312 -1 0
1940.90600586 -1 -1
1941.55297852 -1 0
1942.20202637 -1 -1
1943.06994629 -1 0
1943.94494629 -1 -1
1944.81396484 -1 0
1945.52502441 -1 -1
1946.39697266 -1 0
1947.23901367 -1 -1
1948.0279541 -1 0
1948.68701172 -1 -1
1949.35595703 -1 0
1949.99804688 -1 -1
1950.87695312 -1 0
1951.77697754 -1 -1
1952.66003418 -1 0
1953.49694824 -1 -1
1954.25695801 -1 0
1954.97998047 -1 -1
1955.72497559 -1 0
1956.34399414 -1 -1
1957.10705566 -1 0
1957.87304688 -1 -1
1958.58703613 -2 -1
1959.29797363 -1 -1
1960.00402832 0 -1
1960.76696777 -1 -1
1961.39794922 0 -1
1962.14697266 -1 -1
1962.92895508 0 -1
1963.65795898 -1 -1
1964.43896484 0 -1
1965.3260498 -1 -1
1966.18798828 0 -1
1966.99194336 -1 -1
1967.88098145 0 -1
1968.51599121 -1 -1
1969.21899414 0 -1
1969.875 -1 -1
1970.73999023 0 -1
1971.5489502 -1 -1
1972.1550293 0 -1
1973.03601074 -1 -1
1973.75500488 0 -1
1974.58703613 -1 -1
1975.27001953 0 -1
1976.06994629 -1 -1
1976.74194336 0 -1
1977.55297852 -1 -1
1978.36804199 0 -1
1979.06201172 -1 -1
1979.93200684 -1 0
1980.57995605 -1 -1
1981.2989502 -1 0
1982.0949707 -1 -1
1982.72998047 -1 0
1983.36303711 -1 -1
1984.09094238 -1 0
1984.7409668 -1 -1
1985.35900879 -1 0
1986.14904785 -1 -1
1987.00097656 -1 0
1987.64794922 -1 -1
1988.54699707 -1 0
1989.27697754 -1 -1
1989.99694824 -2 -1
1990.63696289 -1 -1
1991.37597656 -1 0
1992.06103516 -1 -1
1992.88696289 0 -1
1993.69494629 -1 -1
1994.41503906 -1 -2
1995.29296875 -1 -1
1996.14794922 -1 -2
1996.89001465 -1 -1
1997.70397949 -1 -2
1998.48095703 -1 -1
1999.13098145 0 -1
1999.81494141 -1 -1
2000.70397949 0 -1
2001.58605957 -1 -1
2002.35302734 0 -1
2002.99804688 -1 -1
2003.82995605 -1 0
2004.50305176 -1 -1
2005.4029541 -1 0
2006.29199219 -1 -1
2007.03198242 -1 0
2007.75598145 -1 -1
2008.54296875 -1 0
2009.18005371 -1 -1
2009.85803223 -1 0
2010.74499512 -1 -1
2011.52099609 -1 0
2012.14599609 0 0
2012.76196289 0 -1
2013.36499023 -1 -1
2014.0880127 -1 0
2014.8840332 0 0
2015.60998535 0 -1
2016.31298828 -1 -1
2017.00097656 -1 0
2017.78503418 0 0
2018.38903809 0 -1
2019.17102051 -1 -1
2020.01403809 -1 0
2020.7989502 0 0
2021.67004395 0 -1
2022.33996582 -1 -1
2022.97302246 -1 0
2023.65698242 -1 -1
2024.51293945 -1 0
2025.12402344 -1 -1
2025.85705566 -1 0
2026.49694824 -1 -1
2027.27404785 -1 0
2028.15795898 -1 -1
2028.8659668 -1 0
2029.56005859 -1 -1
2030.31604004 -1 0
2031.03198242 -1 -1
2031.76599121 -2 -1
2032.66003418 -1 -1
2033.27404785 -1 0
2034.0 -1 -1
2034.84594727 -1 0
2035.73803711 -1 -1
2036.3470459 -1 0
2037.00805664 -1 -1
2037.86804199 -2 -1
2038.64697266 -1 -1
2039.35998535 -1 0
2040.02197266 0 0
2040.90698242 0 -1
2041.59399414 -1 -1
2042.44702148 -1 0
2043.16394043 0 0
2044.03100586 0 -1
2044.8380127 -1 -1
2045.61401367 -1 0
2046.43896484 -1 -1
2047.04003906 -1 0
2047.82397461 -1 -1
2048.64794922 -2 -1
2049.46508789 -1 -1
2050.19189453 -1 0
2051.00610352 0 0
2051.81201172 0 -1
2052.54394531 -1 -1
2053.21508789 -1 0
2054.07397461 -1 -1
2054.69897461 -1 0
2055.35693359 -1 -1
2056.17089844 -1 0
2056.98608398 -1 -1
2057.62304688 -1 0
2058.32910156 -1 -1
2059.07104492 -1 0
2059.88305664 -1 -1
2060.65991211 -1 0
2061.44702148 -1 -1
2062.06103516 -1 0
2062.77197266 -1 -1
2063.47607422 -1 0
2064.28393555 -1 -1
2065.0949707 -1 0
2065.97412109 -1 -1
2066.6340332 -2 -1
2067.3269043 -1 -1
2068.14306641 0 -1
2068.79003906 -1 -1
2069.55200195 0 -1
2070.25292969 -1 -1
2071.03100586 0 -1
2071.85888672 -1 -1
2072.6159668 0 -1
2073.38696289 -1 -1
2074.23388672 0 -1
2074.84301758 -1 -1
2075.68798828 0 -1
2076.58105469 -1 -1
2077.46411133 0 -1
2078.35791016 -1 -1
2079.23608398 0 -1
2079.98388672 -1 -1
2080.73608398 0 -1
2081.33789062 -1 -1
2082.08105469 0 -1
2082.92211914 -1 -1
2083.68310547 0 -1
2084.57006836 -1 -1
2085.28100586 0 -1
2085.95996094 -1 -1
2086.80004883 0 -1
2087.5559082 -1 -1
2088.16992188 -1 0
2088.97509766 -1 -1
2089.86108398 -1 0
2090.48291016 -1 -1
2091.21606445 -1 0
2092.06591797 -1 -1
2092.70703125 -1 0
2093.46411133 -1 -1
2094.13305664 -1 0
2094.82104492 -1 -1
2095.48510742 -1 0
2096.10595703 -1 -1
2096.79199219 -1 0
2097.64990234 -1 -1
2098.29199219 -1 0
2099.07788086 -1 -1
2099.6809082 -1 0
2100.48291016 -1 -1
2101.19506836 -1 0
2101.89208984 -1 -1
2102.58007812 -1 0
2103.22290039 -1 -1
2103.93505859 -1 0
2104.75292969 -1 -1
2105.50488281 -1 0
2106.14599609 -1 -1
2106.87597656 -1 0
2107.51293945 -1 -1
2108.35009766 -1 0
2109.24291992 -1 -1
2109.86206055 -1 0
2110.48193359 -1 -1
2111.18505859 0 -1
2111.94604492 -1 -1
2112.59790039 0 -1
2113.30493164 -1 -1
2113.94091797 0 -1
2114.59399414 -1 -1
2115.19702148 0 -1
2115.94311523 -1 -1
2116.72412109 0 -1
2117.40209961 -1 -1
2118.23095703 0 -1
2118.91601562 -1 -1
2119.75292969 0 -1
2120.56689453 -1 -1
2121.22192383 0 -1
2121.93603516 -1 -1
2122.73291016 0 -1
2123.49511719 -1 -1
2124.18701172 0 -1
2124.86108398 -1 -1
2125.64892578 0 -1
2126.28588867 -1 -1
2127.11791992 0 -1
2127.93994141 -1 -1
2128.67504883 0 -1
2129.54101562 -1 -1
2130.32202148 0 -1
2131.07006836 0 -2
2131.70507812 0 -1
2132.37890625 0 -2
2133.1640625 0 -1
2133.7890625 0 -2
2134.68310547 0 -1
2135.50610352 0 -2
2136.35595703 0 -1
2137.10107422 0 0
2137.80004883 0 -1
2138.66796875 0 0
2139.36206055 0 -1
2140.05810547 0 0
2140.68505859 0 -1
2141.4909668 0 0
2142.37597656 0 -1
2143.08007812 0 0
2143.71704102 0 -1
2144.45898438 1 -1
2145.19799805 1 0
2146.02905273 1 1
2146.88305664 0 1
2147.71704102 -1 1
2148.60400391 0 1
2149.31689453 -1 1
2150.09008789 0 1
2150.9140625 -1 1
2151.74902344 0 1
2152.62011719 -1 1
2153.22509766 0 1
2154.07910156 -1 1
2154.79296875 0 1
2155.60009766 -1 1
2156.42700195 0 1
2157.08398438 -1 1
2157.71411133 0 1
2158.47509766 -1 1
2159.23608398 0 1
2160.08911133 -1 1
2160.86206055 -2 1
2161.60595703 -1 1
2162.30688477 0 1
2163.10693359 -1 1
2163.84692383 0 1
2164.60888672 -1 1
2165.48388672 0 1
2166.25097656 -1 1
2167.07592773 0 1
2167.81811523 -1 1
2168.61791992 0 1
2169.32006836 -1 1
2170.16601562 0 1
2170.84912109 -1 1
2171.73706055 0 1
2172.43188477 -1 1
2173.25708008 0 1
2174.00610352 -1 1
2174.6809082 0 1
2175.30688477 -1 1
2175.91992188 0 1
2176.62304688 -1 1
2177.31689453 0 1
2178.04711914 -1 1
2178.67089844 0 1
2179.37011719 -1 1
2180.22094727 0 1
2181.06298828 -1 1
2181.74804688 0 1
2182.45410156 -1 1
2183.25195312 0 1
2184.02905273 -1 1
2184.82006836 -1 2
2185.47094727 -1 1
2186.20898438 -1 2
2186.92504883 -1 1
2187.79003906 0 1
2188.62011719 -1 1
2189.39990234 0 1
2190.10888672 -1 1
2190.75708008 0 1
2191.48291016 -1 1
2192.15405273 0 1
2192.82788086 -1 1
2193.52392578 -1 0
2194.15698242 -1 -1
2194.90991211 -1 0
2195.68310547 -1 -1
2196.39990234 -1 0
2197.19799805 -1 -1
2198.01000977 -1 -2
2198.81591797 -1 -1
2199.70410156 -1 -2
2200.60009766 -1 -1
2201.4909668 -1 -2
2202.17211914 -1 -1
2202.88305664 0 -1
2203.77197266 1 -1
2204.66992188 1 0
2205.41601562 1 1
2206.18505859 0 1
2207.01611328 -1 1
2207.76806641 -1 0
2208.47412109 -1 -1
2209.22509766 0 -1
2210.10107422 1 -1
2210.75610352 1 0
2211.49707031 2 0
2212.34399414 2 1
2213.21704102 1 1
2214.04003906 1 2
2214.73608398 0 2
2215.38891602 0 1
2216.0090332 -1 1
2216.77807617 -1 0
2217.67211914 -1 -1
2218.38989258 0 -1
2219.04296875 1 -1
2219.71411133 1 0
2220.47509766 2 0
2221.11303711 2 1
2221.87792969 1 1
2222.68603516 0 1
2223.4309082 -1 1
2224.07910156 -1 0
2224.77197266 -2 0
2225.54296875 -1 0
2226.15405273 -2 0
2227.01611328 -1 0
2227.68798828 -1 -1
2228.42504883 0 -1
2229.25610352 1 -1
2230.07788086 2 -1
2230.9519043 2 0
2231.69506836 1 0
2232.53100586 2 0
2233.38110352 1 0
2234.17089844 0 0
2234.92993164 1 0
2235.65991211 0 0
2236.39404297 1 0
2237.1550293 0 0
2237.77392578 1 0
2238.62988281 0 0
2239.23193359 1 0
2239.89111328 0 0
2240.77587891 1 0
2241.5480957 0 0
2242.2109375 1 0
2242.89404297 2 0
2243.62597656 1 0
2244.22802734 2 0
2244.92504883 1 0
2245.55102539 1 1
2246.35107422 0 1
2246.95410156 -1 1
2247.60693359 -1 0
2248.32006836 -2 0
2249.00610352 -1 0
2249.78100586 -1 -1
2250.38598633 0 -1
2251.09008789 1 -1
2251.79101562 1 0
2252.49389648 1 1
2253.10107422 0 1
2253.88793945 -1 1
2254.5390625 -1 0
2255.35693359 -2 0
2256.14697266 -1 0
2257.0390625 -1 -1
2257.8449707 0 -1
2258.65209961 1 -1
2259.29907227 1 0
2260.05493164 1 1
2260.85595703 1 2
2261.55102539 1 1
2262.32397461 1 0
2263.09301758 1 1
2263.75390625 1 0
2264.63500977 1 1
2265.33398438 1 0
2266.10400391 1 1
2266.87792969 1 0
2267.52392578 1 1
2268.19604492 1 0
2268.88989258 1 1
2269.49389648 1 0
2270.34594727 1 1
2271.07104492 1 0
2271.70288086 1 1
2272.54101562 1 0
2273.21899414 1 1
2273.86303711 1 0
2274.6640625 1 1
2275.32202148 1 0
2276.01196289 1 1
2276.70288086 1 0
2277.46704102 1 1
2278.25097656 1 0
2278.96411133 1 1
2279.76708984 1 0
2280.63110352 1 1
2281.49291992 1 0
2282.28393555 1 1
2282.93310547 1 0
2283.81591797 1 1
2284.59204102 1 0
2285.48193359 1 1
2286.1550293 1 0
2286.80908203 1 1
2287.65991211 1 0
2288.47802734 1 1
2289.25708008 1 0
2289.93603516 1 1
2290.56689453 1 0
2291.25708008 2 0
2291.87890625 1 0
2292.62597656 2 0
2293.39501953 1 0
2294.0769043 2 0
2294.78198242 1 0
2295.61694336 2 0
2296.34008789 1 0
2297.09912109 0 0
2297.96508789 -1 0
2298.7890625 -1 -1
2299.64404297 0 -1
2300.43798828 1 -1
2301.23095703 1 0
2301.9699707 0 0
2302.78393555 -1 0
2303.59301758 -1 -1
2304.24194336 0 -1
2304.92504883 1 -1
2305.6640625 1 0
2306.55493164 0 0
2307.24707031 0 1
2307.92089844 -1 1
2308.68188477 0 1
2309.33496094 -1 1
2310.17211914 0 1
2311.03710938 -1 1
2311.78588867 0 1
2312.5300293 -1 1
2313.20605469 0 1
2313.98803711 -1 1
2314.75488281 0 1
2315.64501953 -1 1
2316.32202148 0 1
2317.06103516 -1 1
2317.76098633 0 1
2318.44702148 -1 1
2319.3359375 0 1
2320.18798828 0 2
2320.94311523 0 1
2321.78393555 0 2
2322.60302734 0 1
2323.32495117 0 2
2324.05688477 0 1
2324.66992188 0 2
2325.29003906 0 1
2326.15307617 0 2
2327.04492188 0 1
2327.66699219 1 1
2328.4609375 1 0
2329.08789062 1 1
2329.79711914 1 0
2330.46899414 1 1
2331.11303711 1 0
2331.89599609 1 1
2332.78588867 1 0
2333.6640625 1 -1
2334.45800781 1 0
2335.0949707 1 1
2335.88598633 1 0
2336.78491211 1 1
2337.48803711 1 0
2338.10888672 1 1
2338.97998047 1 0
2339.62207031 1 1
2340.22412109 1 0
2340.90893555 1 1
2341.66503906 1 0
2342.47802734 1 1
2343.21606445 1 0
2344.07910156 1 1
2344.73999023 1 0
2345.50708008 1 1
2346.38208008 1 0
2347.05297852 1 1
2347.87304688 1 0
2348.72509766 1 1
2349.49194336 1 0
2350.34301758 1 1
2351.08398438 1 0
2351.75292969 1 1
2352.4140625 1 0
2353.15307617 1 -1
2353.94189453 1 0
2354.74389648 1 1
2355.42407227 1 0
2356.20703125 1 1
2356.9050293 1 0
2357.66088867 1 1
2358.37402344 1 0
2358.98095703 2 0
2359.72412109 1 0
2360.6159668 2 0
2361.32202148 1 0
2362.16210938 0 0
2362.80200195 -1 0
2363.64599609 0 0
2364.27905273 0 -1
2364.89990234 1 -1
2365.72607422 1 0
2366.53491211 0 0
2367.19799805 0 -1
2368.07299805 1 -1
2368.72192383 1 0
2369.52099609 0 0
2370.27709961 0 -1
2370.94506836 1 -1
2371.74804688 1 0
2372.43701172 1 1
2373.13305664 0 1
2373.74194336 1 1
2374.36010742 0 1
2375.0769043 1 1
2375.92993164 0 1
2376.60888672 1 1
2377.31005859 0 1
2377.98803711 1 1
2378.84912109 0 1
2379.48291016 1 1
2380.26391602 0 1
2381.02807617 1 1
2381.75195312 0 1
2382.55688477 1 1
2383.20410156 0 1
2384.06396484 1 1
2384.69091797 0 1
2385.39794922 1 1
2386.02392578 0 1
2386.86108398 1 1
2387.75390625 0 1
2388.38989258 0 2
2389.16796875 0 1
2389.88208008 0 2
2390.76806641 0 1
2391.65307617 -1 1
2392.51098633 -1 0
2393.40893555 -1 -1
2394.25390625 -1 0
2395.06689453 -1 -1
2395.73510742 -1 0
2396.36694336 -1 -1
2397.0559082 -1 0
2397.68896484 -1 -1
2398.54394531 -1 0
2399.34790039 -1 -1
