0.500999987125 -2 -4
1.1740000248 -3 -4
1.86500000954 -4 -4
2.66700005531 -3 -4
3.51600003242 -2 -4
4.24700021744 -2 -3
5.11600017548 -2 -2
5.94000005722 -2 -3
6.72900009155 -2 -4
7.52500009537 -2 -5
8.32199954987 -2 -5
9.19999980927 -3 -5
9.89799976349 -4 -5
10.7399997711 -3 -5
11.4379997253 -2 -5
12.1339998245 -2 -4
12.7840003967 -2 -3
13.4359998703 -2 -4
14.279999733 -2 -5
15.029999733 -2 -5
15.6949996948 -3 -5
16.3250007629 -4 -5
17.0219993591 -5 -5
17.8320007324 -5 -4
18.4759998322 -5 -3
19.1539993286 -5 -4
19.9930000305 -5 -5
20.5979995728 -5 -5
21.2089996338 -4 -5
22.0820007324 -3 -5
22.8020000458 -4 -5
23.6480007172 -5 -5
24.3619995117 -5 -5
25.1849994659 -5 -5
25.9969997406 -4 -5
26.7059993744 -3 -5
27.4179992676 -3 -4
28.2089996338 -2 -4
28.9239997864 -1 -4
29.5690002441 -2 -4
30.3449993134 -2 -5
31.0699996948 -3 -5
31.7220001221 -4 -5
32.3370018005 -4 -4
33.2369995117 -4 -3
34.0900001526 -4 -4
34.7599983215 -4 -5
35.4410018921 -4 -5
36.1759986877 -3 -5
36.9350013733 -2 -5
37.7760009766 -1 -5
38.4459991455 -2 -5
39.2249984741 -3 -5
39.8800010681 -3 -5
40.6790008545 -4 -5
41.3160018921 -5 -5
42.0709991455 -5 -5
42.8199996948 -5 -5
43.6360015869 -5 -5
44.3650016785 -5 -5
45.0190010071 -5 -5
45.7290000916 -5 -5
46.5279998779 -5 -5
47.4210014343 -5 -5
48.0890007019 -5 -5
48.8650016785 -5 -5
49.6129989624 -5 -5
50.2480010986 -5 -5
51.0190010071 -5 -5
51.6259994507 -5 -5
52.3699989319 -5 -5
53.1259994507 -5 -5
53.8870010376 -5 -5
54.6189994812 -5 -5
55.2270011902 -5 -5
56.03099823 -5 -5
56.8129997253 -5 -5
57.5390014648 -5 -5
58.3269996643 -5 -5
59.111000061 -5 -5
59.9770011902 -5 -5
60.7569999695 -5 -5
61.4259986877 -5 -5
62.1640014648 -5 -5
63.0369987488 -5 -5
63.7529983521 -5 -5
64.6460037231 -5 -5
65.4309997559 -5 -5
66.2030029297 -5 -5
66.9359970093 -5 -5
67.6979980469 -5 -5
68.5559997559 -5 -5
69.2730026245 -5 -5
70.158996582 -5 -5
70.766998291 -5 -5
71.466003418 -5 -5
72.2799987793 -5 -5
72.9449996948 -5 -5
73.7210006714 -5 -5
74.5360031128 -5 -5
75.3799972534 -5 -5
76.1230010986 -5 -5
76.9840011597 -5 -5
77.8590011597 -5 -5
78.5640029907 -5 -5
79.1689987183 -5 -5
79.9449996948 -5 -5
80.6770019531 -5 -5
81.3099975586 -5 -5
82.0039978027 -5 -5
82.75 -5 -5
83.4800033569 -5 -5
84.2070007324 -5 -5
85.0979995728 -5 -5
85.7919998169 -5 -5
86.5800018311 -5 -5
87.263999939 -5 -5
87.9530029297 -5 -5
88.6610031128 -5 -5
89.4929962158 -5 -5
90.28099823 -5 -5
91.1569976807 -5 -5
91.9440002441 -5 -5
92.5759963989 -5 -5
93.1819992065 -5 -5
93.9599990845 -5 -5
94.7239990234 -5 -5
95.3639984131 -5 -5
96.0869979858 -5 -5
96.7959976196 -5 -5
97.6829986572 -5 -5
98.4869995117 -5 -5
99.2259979248 -5 -5
100.028999329 -5 -5
100.841003418 -5 -5
101.554000854 -5 -5
102.336997986 -5 -5
103.085998535 -5 -5
103.777000427 -5 -5
104.675003052 -5 -5
105.468002319 -5 -5
106.218002319 -5 -5
107.038002014 -5 -5
107.891998291 -5 -5
108.638000488 -5 -5
109.403999329 -5 -5
110.152000427 -5 -5
110.833000183 -5 -5
111.611000061 -5 -5
112.240997314 -5 -5
113.125999451 -5 -5
113.883003235 -5 -5
114.525001526 -5 -5
115.380996704 -5 -5
116.23400116 -5 -5
117.100997925 -5 -5
117.751998901 -5 -5
118.42099762 -5 -5
119.040000916 -5 -5
119.814002991 -5 -5
120.59400177 -5 -5
121.249000549 -5 -5
122.004997253 -5 -5
122.614997864 -5 -5
123.21900177 -5 -5
124.043998718 -5 -5
124.736000061 -5 -5
125.550003052 -5 -5
126.166999817 -5 -5
126.904998779 -5 -5
127.54699707 -5 -5
128.402999878 -5 -5
129.076004028 -5 -5
129.929992676 -5 -5
130.667999268 -5 -5
131.524993896 -5 -5
132.126998901 -5 -5
132.975997925 -5 -5
133.712997437 -5 -5
134.582992554 -5 -5
135.425003052 -5 -5
136.126998901 -5 -5
136.942993164 -5 -5
137.56199646 -5 -5
138.255004883 -5 -5
139.031005859 -5 -5
139.688995361 -5 -5
140.524993896 -5 -5
141.294006348 -5 -5
142.089996338 -5 -5
142.85899353 -5 -5
143.682998657 -5 -5
144.410003662 -5 -5
145.190994263 -5 -5
145.882995605 -5 -5
146.574996948 -5 -5
147.332000732 -5 -5
147.983001709 -5 -5
148.606994629 -5 -5
149.369995117 -5 -5
150.057998657 -5 -5
150.703994751 -5 -5
151.397994995 -5 -5
152.134994507 -5 -5
152.988998413 -5 -5
153.613006592 -5 -5
154.350006104 -5 -5
155.080993652 -5 -5
155.882995605 -5 -5
156.583999634 -5 -5
157.31199646 -5 -5
157.95199585 -5 -5
158.699996948 -5 -5
159.585998535 -5 -5
160.356994629 -5 -5
160.960006714 -5 -5
161.826004028 -5 -5
162.557006836 -5 -5
163.339996338 -5 -5
164.070007324 -5 -5
164.863998413 -5 -5
165.638000488 -5 -5
166.483001709 -5 -5
167.339996338 -5 -5
168.018005371 -5 -5
168.904998779 -5 -5
169.763000488 -5 -5
170.602996826 -5 -5
171.285003662 -5 -5
172.154998779 -5 -5
172.972000122 -5 -5
173.746002197 -5 -5
174.569000244 -5 -5
175.220001221 -5 -5
175.899002075 -5 -5
176.647003174 -5 -5
177.397994995 -5 -5
178.0 -5 -5
178.882995605 -5 -5
179.755004883 -5 -5
180.494995117 -5 -5
181.220993042 -5 -5
182.024993896 -5 -5
182.649993896 -5 -5
183.440994263 -5 -5
184.20300293 -5 -5
184.98500061 -5 -5
185.828994751 -5 -5
186.509002686 -5 -5
187.259994507 -5 -5
187.884994507 -5 -5
188.772994995 -5 -5
189.660003662 -5 -5
190.264007568 -5 -5
190.936004639 -5 -5
191.753997803 -5 -5
192.466995239 -5 -5
193.320999146 -5 -5
194.18800354 -5 -5
194.815994263 -5 -5
195.630004883 -5 -5
196.473007202 -5 -5
197.272994995 -5 -5
197.929000854 -5 -5
198.783996582 -5 -5
199.494995117 -5 -5
200.352996826 -5 -5
201.093002319 -5 -5
201.960006714 -5 -5
202.847000122 -5 -5
203.619003296 -5 -5
204.37600708 -5 -5
205.100006104 -5 -5
205.76499939 -5 -5
206.468002319 -5 -5
207.360992432 -5 -5
208.166000366 -5 -5
209.033004761 -5 -5
209.854995728 -5 -5
210.583999634 -5 -5
211.425994873 -5 -5
212.240005493 -5 -5
213.136993408 -5 -5
213.945999146 -5 -5
214.766998291 -5 -5
215.606994629 -5 -5
216.220001221 -5 -5
216.972000122 -5 -5
217.817001343 -5 -5
218.494995117 -5 -5
219.154006958 -5 -5
219.990997314 -5 -5
220.774002075 -5 -5
221.466003418 -5 -5
222.287994385 -5 -5
222.930999756 -5 -5
223.692993164 -5 -5
224.317001343 -5 -5
225.184005737 -5 -5
225.940994263 -5 -5
226.54800415 -5 -5
227.302993774 -5 -5
228.11000061 -5 -5
228.809997559 -5 -5
229.593994141 -5 -5
230.468002319 -5 -5
231.194000244 -5 -5
231.81300354 -5 -5
232.662002563 -5 -5
233.488998413 -5 -5
234.231002808 -5 -5
234.904006958 -5 -5
235.630996704 -5 -5
236.272003174 -5 -5
237.080993652 -5 -5
237.716995239 -5 -5
238.550003052 -5 -5
239.29800415 -5 -5
240.072998047 -5 -5
240.873001099 -5 -5
241.636001587 -5 -5
242.520004272 -5 -5
243.363006592 -5 -5
244.130004883 -5 -5
244.875 -5 -5
245.546005249 -5 -5
246.18800354 -5 -5
247.001998901 -5 -5
247.87600708 -5 -5
248.628005981 -5 -5
249.455993652 -5 -5
250.210006714 -5 -5
250.886993408 -5 -5
251.628005981 -5 -5
252.477005005 -5 -5
253.160003662 -5 -5
253.906005859 -5 -5
254.570999146 -5 -5
255.192001343 -5 -5
256.010009766 -5 -5
256.787994385 -5 -5
257.651000977 -5 -5
258.545013428 -5 -5
259.205993652 -5 -5
259.92401123 -5 -5
260.686004639 -5 -5
261.406005859 -5 -5
262.019989014 -5 -5
262.783996582 -5 -5
263.511993408 -5 -5
264.411987305 -5 -5
265.074005127 -5 -5
265.92300415 -5 -5
266.529998779 -5 -5
267.25100708 -5 -5
267.955993652 -5 -5
268.640991211 -5 -5
269.256988525 -5 -5
270.035003662 -5 -5
270.906005859 -5 -5
271.569000244 -5 -5
272.29699707 -5 -5
273.040008545 -5 -5
273.738006592 -5 -5
274.489990234 -5 -5
275.098999023 -5 -5
275.835998535 -5 -5
276.596984863 -5 -5
277.292999268 -5 -5
277.929992676 -5 -5
278.575012207 -5 -5
279.437988281 -5 -5
280.212005615 -5 -5
280.888000488 -5 -5
281.609985352 -5 -5
282.290985107 -5 -5
283.031005859 -5 -5
283.688995361 -5 -5
284.355987549 -5 -5
284.979003906 -5 -5
285.740997314 -5 -5
286.355010986 -5 -5
286.984008789 -5 -5
287.628997803 -5 -5
288.49899292 -5 -5
289.354003906 -5 -5
290.239990234 -5 -5
291.12298584 -5 -5
291.813995361 -5 -5
292.471984863 -5 -5
293.315002441 -5 -5
293.925994873 -5 -5
294.528015137 -5 -5
295.160003662 -5 -5
296.019989014 -5 -5
296.756988525 -5 -5
297.582000732 -5 -5
298.268005371 -5 -5
299.165008545 -5 -5
299.808990479 -5 -5
300.410003662 -5 -5
301.276000977 -5 -5
302.170013428 -5 -5
302.946990967 -5 -5
303.714996338 -5 -5
304.518005371 -5 -5
305.25201416 -5 -5
305.872009277 -5 -5
306.520996094 -5 -5
307.397003174 -5 -5
308.164001465 -5 -5
308.854003906 -5 -5
309.722991943 -5 -5
310.477996826 -5 -5
311.213989258 -5 -5
311.890991211 -5 -5
312.739013672 -5 -5
313.381988525 -5 -5
314.175994873 -5 -5
314.980010986 -5 -5
315.684997559 -5 -5
316.505004883 -5 -5
317.154998779 -5 -5
317.907989502 -5 -5
318.710998535 -5 -5
319.463012695 -5 -5
320.075012207 -5 -5
320.919006348 -5 -5
321.743988037 -5 -5
322.621002197 -5 -5
323.227996826 -5 -5
324.083007812 -5 -5
324.70300293 -5 -5
325.388000488 -5 -5
326.108001709 -5 -5
327.002990723 -5 -5
327.82598877 -5 -5
328.572998047 -5 -5
329.216003418 -5 -5
330.052001953 -5 -5
330.765014648 -5 -5
331.485992432 -5 -5
332.285003662 -5 -5
332.95098877 -5 -5
333.62701416 -5 -5
334.388000488 -5 -5
335.234985352 -5 -5
335.838989258 -5 -5
336.635986328 -5 -5
337.343994141 -5 -5
337.95401001 -5 -5
338.697998047 -5 -5
339.351989746 -5 -5
340.041992188 -5 -5
340.835998535 -5 -5
341.695007324 -5 -5
342.319000244 -5 -5
343.12399292 -5 -5
343.759002686 -5 -5
344.602996826 -5 -5
345.217010498 -5 -5
345.872009277 -5 -5
346.730010986 -5 -5
347.384002686 -5 -5
348.265014648 -5 -5
348.893005371 -5 -5
349.50100708 -5 -5
350.204986572 -5 -5
350.908996582 -5 -5
351.697998047 -5 -5
352.588989258 -5 -5
353.302001953 -5 -5
353.959014893 -5 -5
354.783996582 -5 -5
355.536987305 -5 -5
356.433013916 -5 -5
357.289001465 -5 -5
358.019989014 -5 -5
358.839996338 -5 -5
359.694000244 -5 -5
360.542999268 -5 -5
361.227996826 -5 -5
361.958007812 -5 -5
362.591003418 -5 -5
363.240997314 -5 -5
363.903015137 -5 -5
364.511993408 -5 -5
365.12701416 -5 -5
365.890014648 -5 -5
366.635986328 -5 -5
367.291992188 -5 -5
368.096984863 -5 -5
368.752990723 -5 -5
369.37399292 -5 -5
370.045013428 -5 -5
370.895996094 -5 -5
371.634002686 -5 -5
372.485992432 -5 -5
373.32598877 -5 -5
374.087005615 -5 -5
374.799987793 -5 -5
375.667999268 -5 -5
376.303985596 -5 -5
377.183990479 -5 -5
378.071990967 -5 -5
378.760009766 -5 -5
379.621002197 -5 -5
380.462005615 -5 -5
381.338989258 -5 -5
382.093994141 -5 -5
382.808013916 -5 -5
383.596008301 -5 -5
384.432006836 -5 -5
385.312011719 -5 -5
386.093994141 -5 -5
386.897003174 -5 -5
387.561004639 -5 -5
388.417999268 -5 -5
389.114990234 -5 -5
390.009002686 -5 -5
390.619995117 -5 -5
391.367004395 -5 -5
392.130004883 -5 -5
392.742004395 -5 -5
393.407012939 -5 -5
394.255004883 -5 -5
394.95401001 -5 -5
395.635009766 -5 -5
396.433990479 -5 -5
397.273010254 -5 -5
398.101989746 -5 -5
398.885009766 -5 -5
399.690002441 -5 -5
400.425994873 -5 -5
401.052001953 -5 -5
401.768005371 -5 -5
402.559997559 -5 -5
403.350006104 -5 -5
404.151000977 -5 -5
404.946990967 -5 -5
405.62600708 -5 -5
406.415985107 -5 -5
407.239013672 -5 -5
407.946014404 -5 -5
408.815002441 -5 -5
409.608001709 -5 -5
410.399993896 -5 -5
411.118988037 -5 -5
412.00100708 -5 -5
412.718994141 -5 -5
413.457000732 -5 -5
414.152008057 -5 -5
414.945007324 -5 -5
415.595001221 -5 -5
416.238006592 -5 -5
417.049987793 -5 -5
417.772003174 -5 -5
418.559997559 -5 -5
419.166992188 -5 -5
419.930999756 -5 -5
420.763000488 -5 -5
421.428009033 -5 -5
422.058013916 -5 -5
422.865997314 -5 -5
423.542999268 -5 -5
424.337005615 -5 -5
425.080993652 -5 -5
425.79901123 -5 -5
426.509002686 -5 -5
427.401000977 -5 -5
428.17300415 -5 -5
428.841003418 -5 -5
429.475006104 -5 -5
430.083007812 -5 -5
430.975006104 -5 -5
431.631011963 -5 -5
432.399993896 -5 -5
433.138000488 -5 -5
433.773010254 -5 -5
434.552001953 -5 -5
435.182006836 -5 -5
435.962005615 -5 -5
436.631988525 -5 -5
437.386993408 -5 -5
438.066009521 -5 -5
438.761993408 -5 -5
439.459014893 -5 -5
440.29901123 -5 -5
440.975006104 -5 -5
441.742004395 -5 -5
442.458007812 -5 -5
443.194000244 -5 -5
443.938995361 -5 -5
444.790008545 -5 -5
445.509002686 -5 -5
446.148986816 -5 -5
446.984008789 -5 -5
447.881011963 -5 -5
448.502990723 -5 -5
449.259002686 -5 -5
449.946990967 -5 -5
450.739990234 -5 -5
451.592010498 -5 -5
452.230987549 -5 -5
452.914001465 -5 -5
453.640991211 -5 -5
454.243988037 -5 -5
455.028991699 -5 -5
455.821990967 -5 -5
456.644989014 -5 -5
457.403991699 -5 -5
458.29901123 -5 -5
458.973999023 -5 -5
459.589996338 -5 -5
460.334991455 -5 -5
460.968994141 -5 -5
461.736999512 -5 -5
462.566009521 -5 -5
463.401000977 -5 -5
464.007995605 -5 -5
464.816986084 -5 -5
465.660003662 -5 -5
466.393005371 -5 -5
467.240997314 -5 -5
467.980987549 -5 -5
468.763000488 -5 -5
469.42401123 -5 -5
470.285003662 -5 -5
471.013000488 -5 -5
471.75201416 -5 -5
472.390991211 -5 -5
473.187988281 -5 -5
473.981994629 -5 -5
474.859985352 -5 -5
475.583007812 -5 -5
476.278991699 -5 -5
477.015991211 -5 -5
477.722991943 -5 -5
478.458007812 -5 -5
479.355010986 -5 -5
479.977996826 -5 -5
480.591003418 -5 -5
481.467987061 -5 -5
482.110992432 -5 -5
482.915985107 -5 -5
483.667999268 -5 -5
484.428985596 -5 -5
485.105987549 -5 -5
485.756988525 -5 -5
486.434997559 -5 -5
487.273010254 -5 -5
487.95199585 -5 -5
488.735992432 -5 -5
489.384002686 -5 -5
490.032012939 -5 -5
490.688995361 -5 -5
491.334991455 -5 -5
492.145996094 -5 -5
492.984008789 -5 -5
493.605010986 -5 -5
494.472991943 -5 -5
495.07901001 -5 -5
495.967987061 -5 -5
496.768005371 -5 -5
497.393005371 -5 -5
498.023986816 -5 -5
498.70098877 -5 -5
499.545013428 -5 -5
500.411010742 -5 -5
501.240997314 -5 -5
502.049987793 -5 -5
502.712005615 -5 -5
503.54598999 -5 -5
504.209014893 -5 -5
505.052001953 -5 -5
505.742004395 -5 -5
506.519012451 -5 -5
507.289001465 -5 -5
508.158996582 -5 -5
508.911987305 -5 -5
509.559997559 -5 -5
510.368988037 -5 -5
511.169006348 -5 -5
511.888000488 -5 -5
512.655029297 -5 -5
513.456970215 -5 -5
514.268981934 -5 -5
515.041015625 -5 -5
515.861022949 -5 -5
516.685974121 -5 -5
517.348022461 -5 -5
517.95501709 -5 -5
518.770019531 -5 -5
519.482971191 -5 -5
520.309020996 -5 -5
521.00402832 -5 -5
521.679016113 -5 -5
522.510009766 -5 -5
523.400024414 -5 -5
524.185974121 -5 -5
524.84197998 -5 -5
525.692016602 -5 -5
526.385986328 -5 -5
527.20098877 -5 -5
528.036010742 -5 -5
528.867980957 -5 -5
529.565979004 -5 -5
530.265991211 -5 -5
531.010009766 -5 -5
531.778015137 -5 -5
532.432983398 -5 -5
533.297973633 -5 -5
534.114013672 -5 -5
534.866027832 -5 -5
535.614013672 -5 -5
536.327026367 -5 -5
537.146972656 -5 -5
537.945007324 -5 -5
538.83001709 -5 -5
539.62298584 -5 -5
540.351989746 -5 -5
541.051025391 -5 -5
541.809997559 -5 -5
542.489013672 -5 -5
543.331970215 -5 -5
543.940002441 -5 -5
544.719970703 -5 -5
545.452026367 -5 -5
546.239990234 -5 -5
546.95300293 -5 -5
547.734008789 -5 -5
548.619018555 -5 -5
549.357971191 -5 -5
549.974975586 -5 -5
550.770996094 -5 -5
551.590026855 -5 -5
552.380981445 -5 -5
553.145996094 -5 -5
553.937988281 -5 -5
554.54699707 -5 -5
555.409973145 -5 -5
556.223022461 -5 -5
556.916015625 -5 -5
557.557006836 -5 -5
558.195007324 -5 -5
558.903991699 -5 -5
559.526977539 -5 -5
560.284973145 -5 -5
560.958984375 -5 -5
561.83001709 -5 -5
562.492980957 -5 -5
563.103027344 -5 -5
563.708984375 -5 -5
564.525024414 -5 -5
565.252990723 -5 -5
566.140014648 -5 -5
566.820983887 -5 -5
567.57598877 -5 -5
568.429992676 -5 -5
569.133972168 -5 -5
569.911010742 -5 -5
570.526977539 -5 -5
571.364013672 -5 -5
572.161010742 -5 -5
572.966003418 -5 -5
573.747009277 -5 -5
574.572998047 -5 -5
575.385986328 -5 -5
575.994995117 -5 -5
576.750976562 -5 -5
577.53302002 -5 -5
578.310974121 -5 -5
578.974975586 -5 -5
579.732971191 -5 -5
580.614990234 -5 -5
581.304016113 -5 -5
582.187988281 -5 -5
582.820983887 -5 -5
583.478027344 -5 -5
584.122009277 -5 -5
584.895019531 -5 -5
585.523986816 -5 -5
586.20098877 -5 -5
587.090026855 -5 -5
587.866027832 -5 -5
588.728027344 -5 -5
589.603027344 -5 -5
590.362976074 -5 -5
591.088012695 -5 -5
591.981018066 -5 -5
592.775024414 -5 -5
593.521972656 -5 -5
594.348022461 -5 -5
595.140991211 -5 -5
595.757995605 -5 -5
596.635009766 -5 -5
597.317016602 -5 -5
598.184020996 -5 -5
598.914978027 -5 -5
599.541992188 -5 -5
600.351989746 -5 -5
601.232971191 -5 -5
602.034973145 -5 -5
602.755981445 -5 -5
603.359985352 -5 -5
604.096008301 -5 -5
604.744018555 -5 -5
605.484008789 -5 -5
606.229980469 -5 -5
607.109008789 -5 -5
607.718017578 -5 -5
608.408996582 -5 -5
609.104003906 -5 -5
609.880004883 -5 -5
610.648986816 -5 -5
611.271972656 -5 -5
612.039001465 -5 -5
612.846008301 -5 -5
613.570983887 -5 -5
614.343017578 -5 -5
614.971008301 -5 -5
615.836975098 -5 -5
616.664978027 -5 -5
617.37902832 -5 -5
618.143005371 -5 -5
618.752990723 -5 -5
619.484008789 -5 -5
620.151977539 -5 -5
621.04901123 -5 -5
621.775024414 -5 -5
622.583984375 -5 -5
623.260986328 -5 -5
624.033996582 -5 -5
624.844970703 -5 -5
625.458984375 -5 -5
626.067016602 -5 -5
626.765991211 -5 -5
627.594970703 -5 -5
628.322998047 -5 -5
629.182006836 -5 -5
629.932983398 -5 -5
630.768981934 -5 -5
631.645996094 -5 -5
632.523010254 -5 -5
633.171020508 -5 -5
633.861999512 -5 -5
634.70501709 -5 -5
635.471984863 -5 -5
636.356994629 -5 -5
637.101989746 -5 -5
637.708007812 -5 -5
638.591003418 -5 -5
639.255981445 -5 -5
639.888000488 -5 -5
640.677978516 -5 -5
641.50402832 -5 -5
642.116027832 -5 -5
642.921020508 -5 -5
643.614990234 -5 -5
644.37097168 -5 -5
644.976989746 -5 -5
645.836975098 -5 -5
646.538024902 -5 -5
647.372009277 -5 -5
648.017028809 -5 -5
648.914001465 -5 -5
649.539001465 -5 -5
650.280029297 -5 -5
650.999023438 -5 -5
651.815002441 -5 -5
652.642028809 -5 -5
653.270996094 -5 -5
653.914978027 -5 -5
654.546020508 -5 -5
655.242004395 -5 -5
655.872009277 -5 -5
656.510986328 -5 -5
657.409973145 -5 -5
658.197998047 -5 -5
658.940979004 -5 -5
659.810974121 -5 -5
660.632995605 -5 -5
661.239990234 -5 -5
661.892028809 -5 -5
662.664001465 -5 -5
663.309997559 -5 -5
664.122009277 -5 -5
665.018005371 -5 -5
665.624023438 -5 -5
666.361022949 -5 -5
667.111999512 -5 -5
667.916992188 -5 -5
668.622009277 -5 -5
669.346008301 -5 -5
670.192016602 -5 -5
671.054992676 -5 -5
671.695983887 -5 -5
672.322998047 -5 -5
673.213989258 -5 -5
674.023010254 -5 -5
674.789978027 -5 -5
675.679992676 -5 -5
676.327026367 -5 -5
677.143005371 -5 -5
677.79699707 -5 -5
678.603027344 -5 -5
679.20501709 -5 -5
680.007995605 -5 -5
680.630981445 -5 -5
681.437988281 -5 -5
682.218994141 -5 -5
682.935974121 -5 -5
683.664978027 -5 -5
684.29498291 -5 -5
685.109985352 -5 -5
685.739013672 -5 -5
686.598022461 -5 -5
687.411010742 -5 -5
688.304992676 -5 -5
689.132019043 -5 -5
689.831970215 -5 -5
690.62902832 -5 -5
691.413024902 -5 -5
692.080993652 -5 -5
692.791992188 -5 -5
693.494995117 -5 -5
694.221008301 -5 -5
694.869018555 -5 -5
695.58001709 -5 -5
696.346984863 -5 -5
697.127990723 -5 -5
697.84197998 -5 -5
698.57598877 -5 -5
699.229980469 -5 -5
699.924987793 -5 -5
700.530029297 -5 -5
701.257019043 -5 -5
702.130981445 -5 -5
702.898986816 -5 -5
703.515991211 -5 -5
704.234985352 -5 -5
704.948974609 -5 -5
705.710021973 -5 -5
706.369995117 -5 -5
707.106018066 -5 -5
707.888977051 -5 -5
708.609985352 -5 -5
709.429016113 -5 -5
710.031005859 -5 -5
710.757019043 -5 -5
711.603027344 -5 -5
712.492004395 -5 -5
713.226013184 -5 -5
713.927978516 -5 -5
714.719970703 -5 -5
715.385009766 -5 -5
716.205993652 -5 -5
717.067993164 -5 -5
717.84197998 -5 -5
718.619018555 -5 -5
719.494018555 -5 -5
720.260009766 -5 -5
721.091003418 -5 -5
721.965026855 -5 -5
722.687011719 -5 -5
723.58001709 -5 -5
724.344970703 -5 -5
724.956970215 -5 -5
725.692016602 -5 -5
726.34197998 -5 -5
726.968994141 -5 -5
727.655029297 -5 -5
728.265014648 -5 -5
728.872009277 -5 -5
729.750976562 -5 -5
730.424987793 -5 -5
731.041015625 -5 -5
731.705993652 -5 -5
732.515991211 -5 -5
733.237976074 -5 -5
734.044006348 -5 -5
734.914978027 -5 -5
735.523986816 -5 -5
736.390991211 -5 -5
737.07800293 -5 -5
737.942016602 -5 -5
738.778991699 -5 -5
739.528991699 -5 -5
740.275024414 -5 -5
740.947998047 -5 -5
741.713989258 -5 -5
742.533996582 -5 -5
743.283996582 -5 -5
744.031982422 -5 -5
744.79498291 -5 -5
745.596984863 -5 -5
746.244995117 -5 -5
746.856994629 -5 -5
747.75 -5 -5
748.622009277 -5 -5
749.392028809 -5 -5
750.143005371 -5 -5
750.801025391 -5 -5
751.508972168 -5 -5
752.320983887 -5 -5
753.138977051 -5 -5
753.961975098 -5 -5
754.765014648 -5 -5
755.664001465 -5 -5
756.414001465 -5 -5
757.030029297 -5 -5
757.681030273 -5 -5
758.322998047 -5 -5
758.929016113 -5 -5
759.578979492 -5 -5
760.362976074 -5 -5
761.062011719 -5 -5
761.888000488 -5 -5
762.668029785 -5 -5
763.306030273 -5 -5
764.023986816 -5 -5
764.637023926 -5 -5
765.315979004 -5 -5
765.979980469 -5 -5
766.616027832 -5 -5
767.479003906 -5 -5
768.361999512 -5 -5
769.117980957 -5 -5
769.937011719 -5 -5
770.70098877 -5 -5
771.593017578 -5 -5
772.291992188 -5 -5
773.187988281 -5 -5
773.965026855 -5 -5
774.619018555 -5 -5
775.461975098 -5 -5
776.179016113 -5 -5
776.844970703 -5 -5
777.565979004 -5 -5
778.17401123 -5 -5
778.922973633 -5 -5
779.726989746 -5 -5
780.484985352 -5 -5
781.202026367 -5 -5
781.869995117 -5 -5
782.594970703 -5 -5
783.221008301 -5 -5
784.025024414 -5 -5
784.896972656 -5 -5
785.682006836 -5 -5
786.364990234 -5 -5
786.982971191 -5 -5
787.75402832 -5 -5
788.599975586 -5 -5
789.333007812 -5 -5
790.067016602 -5 -5
790.95501709 -5 -5
791.687988281 -5 -5
792.541015625 -5 -5
793.307983398 -5 -5
794.093994141 -5 -5
794.934020996 -5 -5
795.788024902 -5 -5
796.512023926 -5 -5
797.20300293 -5 -5
798.070983887 -5 -5
798.831970215 -5 -5
799.586975098 -5 -5
800.20501709 -5 -5
800.973022461 -5 -5
801.583984375 -5 -5
802.211975098 -5 -5
802.880981445 -5 -5
803.734985352 -5 -5
804.588012695 -5 -5
805.385986328 -5 -5
806.195983887 -5 -5
806.880004883 -5 -5
807.713989258 -5 -5
808.320007324 -5 -5
809.15802002 -5 -5
809.937988281 -5 -5
810.619995117 -5 -5
811.25402832 -5 -5
811.956970215 -5 -5
812.822998047 -5 -5
813.723022461 -5 -5
814.510009766 -5 -5
815.263977051 -5 -5
816.018981934 -5 -5
816.655029297 -5 -5
817.299987793 -5 -5
817.969970703 -5 -5
818.609985352 -5 -5
819.443969727 -5 -5
820.25201416 -5 -5
820.911010742 -5 -5
821.539001465 -5 -5
822.335998535 -5 -5
823.171020508 -5 -5
823.973022461 -5 -5
824.603027344 -5 -5
825.500976562 -5 -5
826.106018066 -5 -5
826.888977051 -5 -5
827.627990723 -5 -5
828.42199707 -5 -5
829.301025391 -5 -5
830.132995605 -5 -5
830.846008301 -5 -5
831.575012207 -5 -5
832.20300293 -5 -5
832.817993164 -5 -5
833.674987793 -5 -5
834.322998047 -5 -5
834.968994141 -5 -5
835.677978516 -5 -5
836.409973145 -5 -5
837.20501709 -5 -5
838.086975098 -5 -5
838.981994629 -5 -5
839.770996094 -5 -5
840.393981934 -5 -5
841.04699707 -5 -5
841.809020996 -5 -5
842.427001953 -5 -5
843.03302002 -5 -5
843.760009766 -5 -5
844.469970703 -5 -5
845.304992676 -5 -5
846.145996094 -5 -5
846.940979004 -5 -5
847.661987305 -5 -5
848.473999023 -5 -5
849.247009277 -5 -5
850.04498291 -5 -5
850.734008789 -5 -5
851.364013672 -5 -5
851.979980469 -5 -5
852.844970703 -5 -5
853.718017578 -5 -5
854.413024902 -5 -5
855.224975586 -5 -5
855.924987793 -5 -5
856.549987793 -5 -5
857.267028809 -5 -5
858.07598877 -5 -5
858.840026855 -5 -5
859.723999023 -5 -5
860.585998535 -5 -5
861.42401123 -5 -5
862.041992188 -5 -5
862.91998291 -5 -5
863.638977051 -5 -5
864.263977051 -5 -5
865.026000977 -5 -5
865.62902832 -5 -5
866.429992676 -5 -5
867.125976562 -5 -5
867.763000488 -5 -5
868.591003418 -5 -5
869.304016113 -5 -5
870.00402832 -5 -5
870.747009277 -5 -5
871.385009766 -5 -5
872.04699707 -5 -5
872.666015625 -5 -5
873.320007324 -5 -5
874.208007812 -5 -5
874.940002441 -5 -5
875.666992188 -5 -5
876.439025879 -5 -5
877.304016113 -5 -5
877.929016113 -5 -5
878.637023926 -5 -5
879.473999023 -5 -5
880.369018555 -5 -5
880.994995117 -5 -5
881.653991699 -5 -5
882.510009766 -5 -5
883.323974609 -5 -5
884.036987305 -5 -5
884.828979492 -5 -5
885.685974121 -5 -5
886.32800293 -5 -5
887.114990234 -5 -5
887.866027832 -5 -5
888.742004395 -5 -5
889.577026367 -5 -5
890.262023926 -5 -5
891.04901123 -5 -5
891.755981445 -5 -5
892.359985352 -5 -5
893.054992676 -5 -5
893.70098877 -5 -5
894.528991699 -5 -5
895.174987793 -5 -5
895.806030273 -5 -5
896.685974121 -5 -5
897.557983398 -5 -5
898.250976562 -5 -5
899.00402832 -5 -5
899.723999023 -5 -5
900.419006348 -5 -5
901.033996582 -5 -5
901.87701416 -5 -5
902.481018066 -5 -5
903.096984863 -5 -5
903.731018066 -5 -5
904.343017578 -5 -5
904.973999023 -5 -5
905.804992676 -5 -5
906.530029297 -5 -5
907.359008789 -5 -5
908.130981445 -5 -5
908.846984863 -5 -5
909.687988281 -5 -5
910.492004395 -5 -5
911.340026855 -5 -5
912.177001953 -5 -5
912.802001953 -5 -5
913.505981445 -5 -5
914.405029297 -5 -5
915.239990234 -5 -5
915.887023926 -5 -5
916.630981445 -5 -5
917.369018555 -5 -5
918.028991699 -5 -5
918.695007324 -5 -5
919.458984375 -5 -5
920.176025391 -5 -5
920.903991699 -5 -5
921.607971191 -5 -5
922.262023926 -5 -5
922.916992188 -5 -5
923.760009766 -5 -5
924.637023926 -5 -5
925.474975586 -5 -5
926.143981934 -5 -5
926.87097168 -5 -5
927.744018555 -5 -5
928.369995117 -5 -5
929.226013184 -5 -5
929.924987793 -5 -5
930.54901123 -5 -5
931.320007324 -5 -5
932.159973145 -5 -5
932.794006348 -5 -5
933.656982422 -5 -5
934.293029785 -5 -5
934.922973633 -5 -5
935.723999023 -5 -5
936.596008301 -5 -5
937.372009277 -5 -5
938.221984863 -5 -5
938.953979492 -5 -5
939.724975586 -5 -5
940.586975098 -5 -5
941.395019531 -5 -5
942.00402832 -5 -5
942.822021484 -5 -5
943.583984375 -5 -5
944.215026855 -5 -5
945.099975586 -5 -5
945.96697998 -5 -5
946.838012695 -5 -5
947.458007812 -5 -5
948.216003418 -5 -5
949.103027344 -5 -5
949.937988281 -5 -5
950.789001465 -5 -5
951.481994629 -5 -5
952.380981445 -5 -5
953.17199707 -5 -5
954.057983398 -5 -5
954.763977051 -5 -5
955.468017578 -5 -5
956.182983398 -5 -5
956.843017578 -5 -5
957.559020996 -5 -5
958.37701416 -5 -5
959.143005371 -5 -5
959.911010742 -5 -5
960.70501709 -5 -5
961.583007812 -5 -5
962.304016113 -5 -5
962.986999512 -5 -5
963.67199707 -5 -5
964.33001709 -5 -5
965.098022461 -5 -5
965.929016113 -5 -5
966.70098877 -5 -5
967.362976074 -5 -5
968.083984375 -5 -5
968.74597168 -5 -5
969.617980957 -5 -5
970.320983887 -5 -5
971.135009766 -5 -5
971.802001953 -5 -5
972.505004883 -5 -5
973.28302002 -5 -5
974.03302002 -5 -5
974.773986816 -5 -5
975.650024414 -5 -5
976.396972656 -5 -5
977.206970215 -5 -5
977.906982422 -5 -5
978.54699707 -5 -5
979.172973633 -5 -5
979.901977539 -5 -5
980.645019531 -5 -5
981.297973633 -5 -5
981.911010742 -5 -5
982.734985352 -5 -5
983.505981445 -5 -5
984.140014648 -5 -5
984.945983887 -5 -5
985.702026367 -5 -5
986.57800293 -5 -5
987.473022461 -5 -5
988.362976074 -5 -5
989.215026855 -5 -5
989.976989746 -5 -5
990.601013184 -5 -5
991.226013184 -5 -5
991.969970703 -5 -5
992.736999512 -5 -5
993.573974609 -5 -5
994.385009766 -5 -5
995.125 -5 -5
995.945007324 -5 -5
996.674987793 -5 -5
997.447021484 -5 -5
998.166992188 -5 -5
998.888977051 -5 -5
999.531982422 -5 -5
1000.30603027 -5 -5
1000.97399902 -5 -5
1001.85900879 -5 -5
1002.57800293 -5 -5
1003.25598145 -5 -5
1003.98101807 -5 -5
1004.73602295 -5 -5
1005.34802246 -5 -5
1006.23297119 -5 -5
1006.8369751 -5 -5
1007.6619873 -5 -5
1008.5 -5 -5
1009.40002441 -5 -5
1010.26898193 -5 -5
1011.08898926 -5 -5
1011.97802734 -5 -5
1012.74102783 -5 -5
1013.54602051 -5 -5
1014.30102539 -5 -5
1015.14001465 -5 -5
1015.93103027 -5 -5
1016.56298828 -5 -5
1017.23101807 -5 -5
1017.91497803 -5 -5
1018.76397705 -5 -5
1019.46398926 -5 -5
1020.32501221 -5 -5
1021.04101562 -5 -5
1021.7800293 -5 -5
1022.59399414 -5 -5
1023.38000488 -5 -5
1024.20495605 -5 -5
1024.91796875 -5 -5
1025.70495605 -5 -5
1026.48803711 -5 -5
1027.23205566 -5 -5
1027.84094238 -5 -5
1028.62194824 -5 -5
1029.22595215 -5 -5
1029.93200684 -5 -5
1030.66003418 -5 -5
1031.50402832 -5 -5
1032.22497559 -5 -5
1033.12402344 -5 -5
1033.91796875 -5 -5
1034.77294922 -5 -5
1035.45300293 -5 -5
1036.25805664 -5 -5
1036.93200684 -5 -5
1037.6529541 -5 -5
1038.50305176 -5 -5
1039.18603516 -5 -5
1039.85998535 -5 -5
1040.70397949 -5 -5
1041.38098145 -5 -5
1042.15405273 -5 -5
1043.04602051 -5 -5
1043.80700684 -5 -5
1044.59301758 -5 -5
1045.37402344 -5 -5
1046.11694336 -5 -5
1046.93200684 -5 -5
1047.5579834 -5 -5
1048.39196777 -5 -5
1049.28198242 -5 -5
1050.06005859 -5 -5
1050.68701172 -5 -5
1051.52600098 -5 -5
1052.1619873 -5 -5
1052.81201172 -5 -5
1053.52099609 -5 -5
1054.35900879 -5 -5
1055.23706055 -5 -5
1056.02905273 -5 -5
1056.67700195 -5 -5
1057.31494141 -5 -5
1057.99804688 -5 -5
1058.74499512 -5 -5
1059.36694336 -5 -5
1060.02099609 -5 -5
1060.7010498 -5 -5
1061.48095703 -5 -5
1062.22497559 -5 -5
1063.11303711 -5 -5
1063.97900391 -5 -5
1064.82104492 -5 -5
1065.62194824 -5 -5
1066.22497559 -5 -5
1066.98095703 -5 -5
1067.68701172 -5 -5
1068.4329834 -5 -5
1069.31103516 -5 -5
1070.06201172 -5 -5
1070.73596191 -5 -5
1071.44396973 -5 -5
1072.11096191 -5 -5
1072.93798828 -5 -5
1073.59094238 -5 -5
1074.32800293 -5 -5
1075.08496094 -5 -5
1075.81298828 -5 -5
1076.64099121 -5 -5
1077.47094727 -5 -5
1078.08996582 -5 -5
1078.77502441 -5 -5
1079.41101074 -5 -5
1080.2779541 -5 -5
1081.00805664 -5 -5
1081.78601074 -5 -5
1082.48596191 -5 -5
1083.20898438 -5 -5
1084.07104492 -5 -5
1084.70800781 -5 -5
1085.4050293 -5 -5
1086.23400879 -5 -5
1087.13195801 -5 -5
1087.98400879 -5 -5
1088.7800293 -5 -5
1089.59094238 -5 -5
1090.45996094 -5 -5
1091.06896973 -5 -5
1091.77697754 -5 -5
1092.52697754 -5 -5
1093.28405762 -5 -5
1094.00805664 -5 -5
1094.75500488 -5 -5
1095.47094727 -5 -5
1096.34899902 -5 -5
1096.9630127 -5 -5
1097.57800293 -5 -5
1098.38195801 -5 -5
1099.14404297 -5 -5
1100.00695801 -5 -5
1100.71704102 -5 -5
1101.50402832 -5 -5
1102.36303711 -5 -5
1103.21594238 -5 -5
1103.93200684 -5 -5
1104.79003906 -5 -5
1105.40100098 -5 -5
1106.23400879 -5 -5
1106.90405273 -5 -5
1107.55505371 -5 -5
1108.32897949 -5 -5
1109.03601074 -5 -5
1109.79296875 -5 -5
1110.40100098 -5 -5
1111.09094238 -5 -5
1111.90197754 -5 -5
1112.58105469 -5 -5
1113.27502441 -5 -5
1114.06494141 -5 -5
1114.81201172 -5 -5
1115.68603516 -5 -5
1116.44104004 -5 -5
1117.04797363 -5 -5
1117.82995605 -5 -5
1118.72802734 -5 -5
1119.49304199 -5 -5
1120.32104492 -5 -5
1121.18103027 -5 -5
1121.80895996 -5 -5
1122.55102539 -5 -5
1123.34399414 -5 -5
1124.10595703 -5 -5
1124.81896973 -5 -5
1125.4630127 -5 -5
1126.10205078 -5 -5
1126.96105957 -5 -5
1127.77404785 -5 -5
1128.41894531 -5 -5
1129.06799316 -5 -5
1129.7130127 -5 -5
1130.46496582 -5 -5
1131.08605957 -5 -5
1131.93395996 -5 -5
1132.68200684 -5 -5
1133.49597168 -5 -5
1134.28295898 -5 -5
1135.15197754 -5 -5
1135.93603516 -5 -5
1136.5670166 -5 -5
1137.44995117 -5 -5
1138.06799316 -5 -5
1138.91894531 -5 -5
1139.78894043 -5 -5
1140.61206055 -5 -5
1141.47900391 -5 -5
1142.32397461 -5 -5
1143.20898438 -5 -5
1143.81298828 -5 -5
1144.4239502 -5 -5
1145.0369873 -5 -5
1145.69604492 -5 -5
1146.41101074 -5 -5
1147.30395508 -5 -5
1148.19995117 -5 -5
1149.07897949 -5 -5
1149.75305176 -5 -5
1150.50305176 -5 -5
1151.14794922 -5 -5
1151.85302734 -5 -5
1152.53894043 -5 -5
1153.34399414 -5 -5
1153.97595215 -5 -5
1154.68005371 -5 -5
1155.30700684 -5 -5
1156.02001953 -5 -5
1156.69494629 -5 -5
1157.56896973 -5 -5
1158.20703125 -5 -5
1158.9510498 -5 -5
1159.77001953 -5 -5
1160.56005859 -5 -5
1161.31005859 -5 -5
1161.92602539 -5 -5
1162.74194336 -5 -5
1163.56201172 -5 -5
1164.3170166 -5 -5
1164.93994141 -5 -5
1165.58203125 -5 -5
1166.39501953 -5 -5
1167.06994629 -5 -5
1167.7220459 -5 -5
1168.48303223 -5 -5
1169.17504883 -5 -5
1169.81494141 -5 -5
1170.6340332 -5 -5
1171.50695801 -5 -5
1172.25805664 -5 -5
1173.05297852 -5 -5
1173.66894531 -5 -5
1174.55505371 -5 -5
1175.35998535 -5 -5
1176.01293945 -5 -5
1176.8659668 -5 -5
1177.55004883 -5 -5
1178.28894043 -5 -5
1178.93994141 -5 -5
1179.5489502 -5 -5
1180.44396973 -5 -5
1181.29199219 -5 -5
1182.13598633 -5 -5
1182.80603027 -5 -5
1183.69897461 -5 -5
1184.31494141 -5 -5
1185.10302734 -5 -5
1185.81604004 -5 -5
1186.57104492 -5 -5
1187.34899902 -5 -5
1188.05200195 -5 -5
1188.91796875 -5 -5
1189.62402344 -5 -5
1190.39599609 -5 -5
1191.26293945 -5 -5
1192.04394531 -5 -5
1192.65100098 -5 -5
1193.4699707 -5 -5
1194.13793945 -5 -5
1194.76794434 -5 -5
1195.65600586 -5 -5
1196.48095703 -5 -5
1197.16503906 -5 -5
1197.8470459 -5 -5
1198.47705078 -5 -5
1199.24499512 -5 -5
1199.92004395 -5 -5
1200.60803223 -5 -5
1201.49902344 -5 -5
1202.39599609 -5 -5
1203.03601074 -5 -5
1203.83203125 -5 -5
1204.54797363 -5 -5
1205.22705078 -5 -5
1205.93994141 -5 -5
1206.81005859 -5 -5
1207.41796875 -5 -5
1208.08996582 -5 -5
1208.74597168 -5 -5
1209.58605957 -5 -5
1210.36901855 -5 -5
1211.24499512 -5 -5
1211.89794922 -5 -5
1212.53405762 -5 -5
1213.26904297 -5 -5
1214.10803223 -5 -5
1214.93505859 -5 -5
1215.82104492 -5 -5
1216.63598633 -5 -5
1217.44897461 -5 -5
1218.28601074 -5 -5
1219.02404785 -5 -5
1219.89001465 -5 -5
1220.66296387 -5 -5
1221.5279541 -5 -5
1222.21594238 -5 -5
1222.93395996 -5 -5
1223.81799316 -5 -5
1224.67700195 -5 -5
1225.37597656 -5 -5
1226.2220459 -5 -5
1227.01196289 -5 -5
1227.87805176 -5 -5
1228.61999512 -5 -5
1229.35803223 -5 -5
1230.20898438 -5 -5
1231.07800293 -5 -5
1231.70996094 -5 -5
1232.47094727 -5 -5
1233.35900879 -5 -5
1233.96496582 -5 -5
1234.69494629 -5 -5
1235.56103516 -5 -5
1236.20800781 -5 -5
1237.09301758 -5 -5
1237.82995605 -5 -5
1238.56298828 -5 -5
1239.42504883 -5 -5
1240.08398438 -5 -5
1240.81494141 -5 -5
1241.5489502 -5 -5
1242.21105957 -5 -5
1243.01000977 -5 -5
1243.85998535 -5 -5
1244.7220459 -5 -5
1245.46704102 -5 -5
1246.3380127 -5 -5
1247.04504395 -5 -5
1247.72302246 -5 -5
1248.55102539 -5 -5
1249.4420166 -5 -5
1250.16894531 -5 -5
1250.98706055 -5 -5
1251.60498047 -5 -5
1252.46105957 -5 -5
1253.24804688 -5 -5
1254.06005859 -5 -5
1254.92297363 -5 -5
1255.53894043 -5 -5
1256.42102051 -5 -5
1257.20898438 -5 -5
1257.91503906 -5 -5
1258.80200195 -5 -5
1259.50402832 -5 -5
1260.26098633 -5 -5
1261.08203125 -5 -5
1261.79003906 -5 -5
1262.41601562 -5 -5
1263.14099121 -5 -5
1263.76293945 -5 -5
1264.55200195 -5 -5
1265.31494141 -5 -5
1266.21496582 -5 -5
1267.10400391 -5 -5
1267.92602539 -5 -5
1268.69799805 -5 -5
1269.34594727 -5 -5
1269.99401855 -5 -5
1270.77600098 -5 -5
1271.54296875 -5 -5
1272.32995605 -5 -5
1272.93603516 -5 -5
1273.54199219 -5 -5
1274.42895508 -5 -5
1275.03503418 -5 -5
1275.80505371 -5 -5
1276.60498047 -5 -5
1277.47998047 -5 -5
1278.25500488 -5 -5
1279.04003906 -5 -5
1279.82299805 -5 -5
1280.65002441 -5 -5
1281.43603516 -5 -5
1282.22094727 -5 -5
1282.83496094 -5 -5
1283.55102539 -5 -5
1284.44702148 -5 -5
1285.14904785 -5 -5
1286.01904297 -5 -5
1286.7989502 -5 -5
1287.64099121 -5 -5
1288.29602051 -5 -5
1289.01196289 -5 -5
1289.89404297 -5 -5
1290.69995117 -5 -5
1291.54699707 -5 -5
1292.31896973 -5 -5
1293.01293945 -5 -5
1293.88500977 -5 -5
1294.57897949 -5 -5
1295.31604004 -5 -5
1296.15795898 -5 -5
1296.77697754 -5 -5
1297.4329834 -5 -5
1298.06896973 -5 -5
1298.74401855 -5 -5
1299.61206055 -5 -5
1300.50097656 -5 -5
1301.13098145 -5 -5
1302.00402832 -5 -5
1302.66796875 -5 -5
1303.45898438 -5 -5
1304.09594727 -5 -5
1304.77600098 -5 -5
1305.38598633 -5 -5
1306.28100586 -5 -5
1306.90405273 -5 -5
1307.60498047 -5 -5
1308.2989502 -5 -5
1309.01196289 -5 -5
1309.6529541 -5 -5
1310.28503418 -5 -5
1311.17602539 -5 -5
1311.94702148 -5 -5
1312.76904297 -5 -5
1313.56005859 -5 -5
1314.21203613 -5 -5
1314.89001465 -5 -5
1315.55505371 -5 -5
1316.20397949 -5 -5
1316.89294434 -5 -5
1317.7199707 -5 -5
1318.54394531 -5 -5
1319.16394043 -5 -5
1319.82397461 -5 -5
1320.66394043 -5 -5
1321.39404297 -5 -5
1322.23803711 -5 -5
1322.85803223 -5 -5
1323.67602539 -5 -5
1324.35595703 -5 -5
1325.0090332 -5 -5
1325.70703125 -5 -5
1326.4630127 -5 -5
1327.3380127 -5 -5
1328.1920166 -5 -5
1329.03405762 -5 -5
1329.91503906 -5 -5
1330.60900879 -5 -5
1331.27697754 -5 -5
1332.06298828 -5 -5
1332.8840332 -5 -5
1333.55895996 -5 -5
1334.35205078 -5 -5
1335.24304199 -5 -5
1335.97094727 -5 -5
1336.64294434 -5 -5
1337.36303711 -5 -5
1338.13195801 -5 -5
1338.79504395 -5 -5
1339.4909668 -5 -5
1340.13903809 -5 -5
1341.00598145 -5 -5
1341.83203125 -5 -5
1342.57397461 -5 -5
1343.42504883 -5 -5
1344.125 -5 -5
1344.82800293 -5 -5
1345.68200684 -5 -5
1346.53894043 -5 -5
1347.34997559 -5 -5
1348.06896973 -5 -5
1348.68200684 -5 -5
1349.5369873 -5 -5
1350.28198242 -5 -5
1351.125 -5 -5
1351.81201172 -5 -5
1352.44494629 -5 -5
1353.28100586 -5 -5
1354.07800293 -5 -5
1354.83105469 -5 -5
1355.7130127 -5 -5
1356.57104492 -5 -5
1357.40100098 -5 -5
1358.24401855 -5 -5
1359.07800293 -5 -5
1359.8659668 -5 -5
1360.5579834 -5 -5
1361.23901367 -5 -5
1361.96801758 -5 -5
1362.78601074 -5 -5
1363.41796875 -5 -5
1364.15600586 -5 -5
1365.04199219 -5 -5
1365.71801758 -5 -5
1366.49304199 -5 -5
1367.22900391 -5 -5
1368.08703613 -5 -5
1368.78894043 -5 -5
1369.49597168 -5 -5
1370.35803223 -5 -5
1370.97094727 -5 -5
1371.75305176 -5 -5
1372.42504883 -5 -5
1373.25695801 -5 -5
1373.98205566 -5 -5
1374.73400879 -5 -5
1375.3840332 -5 -5
1375.98706055 -5 -5
1376.8079834 -5 -5
1377.54797363 -5 -5
1378.37194824 -5 -5
1379.01501465 -5 -5
1379.63793945 -5 -5
1380.49804688 -5 -5
1381.2590332 -5 -5
1382.10095215 -5 -5
1382.85900879 -5 -5
1383.70495605 -5 -5
1384.5760498 -5 -5
1385.43701172 -5 -5
1386.1159668 -5 -5
1386.97900391 -5 -5
1387.63903809 -5 -5
1388.46704102 -5 -5
1389.29699707 -5 -5
1390.13903809 -5 -5
1390.86206055 -5 -5
1391.67504883 -5 -5
1392.31005859 -5 -5
1393.1529541 -5 -5
1393.99401855 -5 -5
1394.83605957 -5 -5
1395.58605957 -5 -5
1396.37194824 -5 -5
1397.01098633 -5 -5
1397.67199707 -5 -5
1398.49804688 -5 -5
1399.16003418 -5 -5
1400.00402832 -5 -5
1400.60803223 -5 -5
1401.36901855 -5 -5
1402.26000977 -5 -5
1402.91601562 -5 -5
1403.7989502 -5 -5
1404.41601562 -5 -5
1405.19396973 -5 -5
1405.89001465 -5 -5
1406.77197266 -5 -5
1407.50805664 -5 -5
1408.1159668 -5 -5
1408.73706055 -5 -5
1409.57104492 -5 -5
1410.45202637 -5 -5
1411.17297363 -5 -5
1411.80603027 -5 -5
1412.61999512 -5 -5
1413.39404297 -5 -5
1414.27502441 -5 -5
1414.97595215 -5 -5
1415.60595703 -5 -5
1416.2220459 -5 -5
1416.95495605 -5 -5
1417.76403809 -5 -5
1418.4029541 -5 -5
1419.03100586 -5 -5
1419.7220459 -5 -5
1420.53503418 -5 -5
1421.33105469 -5 -5
1422.05603027 -5 -5
1422.75305176 -5 -5
1423.41699219 -5 -5
1424.13000488 -5 -5
1424.96203613 -5 -5
1425.64697266 -5 -5
1426.41296387 -5 -5
1427.19604492 -5 -5
1427.93505859 -5 -5
1428.72595215 -5 -5
1429.42700195 -5 -5
1430.07202148 -5 -5
1430.69604492 -5 -5
1431.33496094 -5 -5
1431.96105957 -5 -5
1432.79296875 -5 -5
1433.51696777 -5 -5
1434.39904785 -5 -5
1435.18701172 -5 -5
1435.875 -5 -5
1436.64904785 -5 -5
1437.35498047 -5 -5
1438.18701172 -5 -5
1438.84094238 -5 -5
1439.45300293 -5 -5
1440.2590332 -5 -5
1441.14794922 -5 -5
1441.80297852 -5 -5
1442.67504883 -5 -5
1443.53601074 -5 -5
1444.37194824 -5 -5
1445.11804199 -5 -5
1445.77502441 -5 -5
1446.59204102 -5 -5
1447.4909668 -5 -5
1448.25402832 -5 -5
1449.07495117 -5 -5
1449.90002441 -5 -5
1450.64196777 -5 -5
1451.49304199 -5 -5
1452.28894043 -5 -5
1452.89501953 -5 -5
1453.71801758 -5 -5
1454.43701172 -5 -5
1455.18994141 -5 -5
1455.92602539 -5 -5
1456.58398438 -5 -5
1457.24694824 -5 -5
1457.92004395 -5 -5
1458.73400879 -5 -5
1459.56298828 -5 -5
1460.24804688 -5 -5
1461.10900879 -5 -5
1461.92102051 -5 -5
1462.81994629 -5 -5
1463.52294922 -5 -5
1464.16101074 -5 -5
1464.94995117 -5 -5
1465.71801758 -5 -5
1466.33496094 -5 -5
1466.94396973 -5 -5
1467.64599609 -5 -5
1468.54003906 -5 -5
1469.36901855 -5 -5
1470.22705078 -5 -5
1471.08898926 -5 -5
1471.73400879 -5 -5
1472.57299805 -5 -5
1473.34204102 -5 -5
1474.17895508 -5 -5
1474.88098145 -5 -5
1475.64904785 -5 -5
1476.43005371 -5 -5
1477.08605957 -5 -5
1477.95397949 -5 -5
1478.7590332 -5 -5
1479.45202637 -5 -5
1480.0760498 -5 -5
1480.7869873 -5 -5
1481.64294434 -5 -5
1482.38305664 -5 -5
1483.01403809 -5 -5
1483.63696289 -5 -5
1484.50097656 -5 -5
1485.21704102 -5 -5
1485.9510498 -5 -5
1486.85095215 -5 -5
1487.50695801 -5 -5
1488.10803223 -5 -5
1488.75 -5 -5
1489.60400391 -5 -5
1490.42797852 -5 -5
1491.19104004 -5 -5
1492.08496094 -5 -5
1492.87402344 -5 -5
1493.53796387 -5 -5
1494.22094727 -5 -5
1494.97998047 -5 -5
1495.70898438 -5 -5
1496.59802246 -5 -5
1497.29101562 -5 -5
1498.16296387 -5 -5
1498.8449707 -5 -5
1499.57800293 -5 -5
1500.18395996 -5 -5
1500.86694336 -5 -5
1501.70800781 -5 -5
1502.41699219 -5 -5
1503.21203613 -5 -5
1503.9239502 -5 -5
1504.62805176 -5 -5
1505.50695801 -5 -5
1506.34594727 -5 -5
1507.09094238 -5 -5
1507.75402832 -5 -5
1508.51696777 -5 -5
1509.1550293 -5 -5
1510.03295898 -5 -5
1510.80895996 -5 -5
1511.4510498 -5 -5
1512.11804199 -5 -5
1512.79699707 -5 -5
1513.45605469 -5 -5
1514.22998047 -5 -5
1515.06994629 -5 -5
1515.95996094 -5 -5
1516.83898926 -5 -5
1517.5579834 -5 -5
1518.34301758 -5 -5
1519.1550293 -5 -5
1519.77502441 -5 -5
1520.49499512 -5 -5
1521.17504883 -5 -5
1522.04394531 -5 -5
1522.74304199 -5 -5
1523.53894043 -5 -5
1524.34301758 -5 -5
1525.13793945 -5 -5
1526.01403809 -5 -5
1526.8079834 -5 -5
1527.61096191 -5 -5
1528.4510498 -5 -5
1529.31604004 -5 -5
1530.05102539 -5 -5
1530.65905762 -5 -5
1531.3470459 -5 -5
1532.15795898 -5 -5
1532.78295898 -5 -5
1533.55603027 -5 -5
1534.38793945 -5 -5
1535.19494629 -5 -5
1535.89794922 -5 -5
1536.70605469 -5 -5
1537.56396484 -5 -5
1538.42602539 -5 -5
1539.28295898 -5 -5
1540.15405273 -5 -5
1540.8470459 -5 -5
1541.54797363 -5 -5
1542.19494629 -5 -5
1543.08105469 -5 -5
1543.93701172 -5 -5
1544.73901367 -5 -5
1545.40002441 -5 -5
1546.1619873 -5 -5
1546.87097168 -5 -5
1547.76403809 -5 -5
1548.6159668 -5 -5
1549.23205566 -5 -5
1550.02404785 -5 -5
1550.65600586 -5 -5
1551.375 -5 -5
1552.02404785 -5 -5
1552.91296387 -5 -5
1553.60498047 -5 -5
1554.43395996 -5 -5
1555.24304199 -5 -5
1555.95495605 -5 -5
1556.56896973 -5 -5
1557.46801758 -5 -5
1558.1920166 -5 -5
1558.93701172 -5 -5
1559.82995605 -5 -5
1560.6619873 -5 -5
1561.38098145 -5 -5
1562.12902832 -5 -5
1562.77197266 -5 -5
1563.59899902 -5 -5
1564.35205078 -5 -5
1564.95996094 -5 -5
1565.62902832 -5 -5
1566.32104492 -5 -5
1566.92602539 -5 -5
1567.62695312 -5 -5
1568.35998535 -5 -5
1569.16503906 -5 -5
1570.02294922 -5 -5
1570.75097656 -5 -5
1571.58605957 -5 -5
1572.30395508 -5 -5
1572.9420166 -5 -5
1573.71594238 -5 -5
1574.57897949 -5 -5
1575.22497559 -5 -5
1575.93798828 -5 -5
1576.8079834 -5 -5
1577.48498535 -5 -5
1578.19897461 -5 -5
1578.80004883 -5 -5
1579.56103516 -5 -5
1580.45703125 -5 -5
1581.08300781 -5 -5
1581.81799316 -5 -5
1582.51000977 -5 -5
1583.31005859 -5 -5
1584.0949707 -5 -5
1584.80603027 -5 -5
1585.57995605 -5 -5
1586.37304688 -5 -5
1587.125 -5 -5
1587.96203613 -5 -5
1588.73205566 -5 -5
1589.56799316 -5 -5
1590.33703613 -5 -5
1591.01599121 -5 -5
1591.65600586 -5 -5
1592.42797852 -5 -5
1593.05297852 -5 -5
1593.85302734 -5 -5
1594.67102051 -5 -5
1595.39196777 -5 -5
1596.27905273 -5 -5
1597.04101562 -5 -5
1597.66003418 -5 -5
1598.5279541 -5 -5
1599.25695801 -5 -5
1599.92504883 -5 -5
1600.71594238 -5 -5
1601.54003906 -5 -5
1602.14599609 -5 -5
1603.03601074 -5 -5
1603.76000977 -5 -5
1604.38500977 -5 -5
1605.06994629 -5 -5
1605.91796875 -5 -5
1606.6159668 -5 -5
1607.40905762 -5 -5
1608.2779541 -5 -5
1609.15698242 -5 -5
1609.98999023 -5 -5
1610.59204102 -5 -5
1611.42700195 -5 -5
1612.24304199 -5 -5
1612.98901367 -5 -5
1613.63500977 -5 -5
1614.45703125 -5 -5
1615.09899902 -5 -5
1615.93395996 -5 -5
1616.81396484 -5 -5
1617.57702637 -5 -5
1618.30505371 -5 -5
1619.09899902 -5 -5
1619.92895508 -5 -5
1620.5760498 -5 -5
1621.44799805 -5 -5
1622.18701172 -5 -5
1623.00305176 -5 -5
1623.67199707 -5 -5
1624.45996094 -5 -5
1625.35705566 -5 -5
1626.07800293 -5 -5
1626.9630127 -5 -5
1627.81896973 -5 -5
1628.56994629 -5 -5
1629.3260498 -5 -5
1630.14904785 -5 -5
1630.89001465 -5 -5
1631.74499512 -5 -5
1632.57299805 -5 -5
1633.2800293 -5 -5
1633.9239502 -5 -5
1634.70898438 -5 -5
1635.52502441 -5 -5
1636.23303223 -5 -5
1637.00805664 -5 -5
1637.71704102 -5 -5
1638.5670166 -5 -5
1639.22302246 -5 -5
1640.01599121 -5 -5
1640.79504395 -5 -5
1641.4029541 -5 -5
1642.10400391 -5 -5
1642.76293945 -5 -5
1643.60498047 -5 -5
1644.375 -5 -5
1645.16101074 -5 -5
1645.89404297 -5 -5
1646.70703125 -5 -5
1647.5489502 -5 -5
1648.39794922 -5 -5
1649.04602051 -5 -5
1649.82495117 -5 -5
1650.43005371 -5 -5
1651.18798828 -5 -5
1652.0369873 -5 -5
1652.79699707 -5 -5
1653.43994141 -5 -5
1654.10302734 -5 -5
1654.93701172 -5 -5
1655.83605957 -5 -5
1656.57495117 -5 -5
1657.34399414 -5 -5
1658.11999512 -5 -5
1658.84399414 -5 -5
1659.51904297 -5 -5
1660.13000488 -5 -5
1660.94604492 -5 -5
1661.83898926 -5 -5
1662.54003906 -5 -5
1663.28100586 -5 -5
1663.90905762 -5 -5
1664.53894043 -5 -5
1665.18005371 -5 -5
1665.875 -5 -5
1666.60998535 -5 -5
1667.44799805 -5 -5
1668.33105469 -5 -5
1668.99597168 -5 -5
1669.83605957 -5 -5
1670.51904297 -5 -5
1671.33703613 -5 -5
1672.18603516 -5 -5
1673.06799316 -5 -5
1673.73596191 -5 -5
1674.42504883 -5 -5
1675.02905273 -5 -5
1675.89599609 -5 -5
1676.50097656 -5 -5
1677.33898926 -5 -5
1678.1159668 -5 -5
1678.88793945 -5 -5
1679.65795898 -5 -5
1680.43603516 -5 -5
1681.13195801 -5 -5
1681.81201172 -5 -5
1682.52905273 -5 -5
1683.25195312 -5 -5
1684.08300781 -5 -5
1684.8470459 -5 -5
1685.66503906 -5 -5
1686.29199219 -5 -5
1686.98901367 -5 -5
1687.64599609 -5 -5
1688.47302246 -5 -5
1689.30700684 -5 -5
1690.10205078 -5 -5
1690.74804688 -5 -5
1691.39294434 -5 -5
1692.1340332 -5 -5
1692.90405273 -5 -5
1693.5579834 -5 -5
1694.30395508 -5 -5
1695.10803223 -5 -5
1695.83105469 -5 -5
1696.65405273 -5 -5
1697.35400391 -5 -5
1698.22900391 -5 -5
1699.02502441 -5 -5
1699.62805176 -5 -5
1700.25695801 -5 -5
1701.10803223 -5 -5
1701.94897461 -5 -5
1702.63598633 -5 -5
1703.28100586 -5 -5
1704.0300293 -5 -5
1704.70495605 -5 -5
1705.5760498 -5 -5
1706.19897461 -5 -5
1707.08996582 -5 -5
1707.72094727 -5 -5
1708.56298828 -5 -5
1709.25598145 -5 -5
1710.0279541 -5 -5
1710.87597656 -5 -5
1711.56298828 -5 -5
1712.4329834 -5 -5
1713.14697266 -5 -5
1713.98498535 -5 -5
1714.60705566 -5 -5
1715.38903809 -5 -5
1716.09301758 -5 -5
1716.93005371 -5 -5
1717.73303223 -5 -5
1718.63098145 -5 -5
1719.30102539 -5 -5
1720.16503906 -5 -5
1720.88696289 -5 -5
1721.73803711 -5 -5
1722.56799316 -5 -5
1723.45996094 -5 -5
1724.22802734 -5 -5
1725.01098633 -5 -5
1725.9050293 -5 -5
1726.77001953 -5 -5
1727.49804688 -5 -5
1728.24597168 -5 -5
1728.9510498 -5 -5
1729.76403809 -5 -5
1730.47900391 -5 -5
1731.36499023 -5 -5
1732.12695312 -5 -5
1732.97094727 -5 -5
1733.5970459 -5 -5
1734.38903809 -5 -5
1735.20495605 -5 -5
1736.05895996 -5 -5
1736.94494629 -5 -5
1737.83398438 -5 -5
1738.49304199 -5 -5
1739.30102539 -5 -5
1740.01196289 -5 -5
1740.78405762 -5 -5
1741.64794922 -5 -5
1742.39697266 -5 -5
1743.26501465 -5 -5
1744.03601074 -5 -5
1744.72998047 -5 -5
1745.46899414 -5 -5
1746.20495605 -5 -5
1746.86096191 -5 -5
1747.60900879 -5 -5
1748.31604004 -5 -5
1749.2130127 -5 -5
1749.94299316 -5 -5
1750.64196777 -5 -5
1751.3380127 -5 -5
1752.01293945 -5 -5
1752.64294434 -5 -5
1753.4699707 -5 -5
1754.33605957 -5 -5
1755.08105469 -5 -5
1755.78405762 -5 -5
1756.58703613 -5 -5
1757.43200684 -5 -5
1758.20202637 -5 -5
1758.8079834 -5 -5
1759.58203125 -5 -5
1760.40002441 -5 -5
1761.2199707 -5 -5
1762.09094238 -5 -5
1762.84399414 -5 -5
1763.52502441 -5 -5
1764.24304199 -5 -5
1765.10302734 -5 -5
1765.75402832 -5 -5
1766.36999512 -5 -5
1767.20495605 -5 -5
1767.84204102 -5 -5
1768.57702637 -5 -5
1769.27001953 -5 -5
1770.16503906 -5 -5
1770.95898438 -5 -5
1771.63793945 -5 -5
1772.48999023 -5 -5
1773.30505371 -5 -5
1773.91796875 -5 -5
1774.72705078 -5 -5
1775.52099609 -5 -5
1776.3380127 -5 -5
1776.96801758 -5 -5
1777.73999023 -5 -5
1778.40002441 -5 -5
1779.25598145 -5 -5
1780.01904297 -5 -5
1780.69494629 -5 -5
1781.39501953 -5 -5
1782.00695801 -5 -5
1782.77697754 -5 -5
1783.43896484 -5 -5
1784.10705566 -5 -5
1784.77099609 -5 -5
1785.64904785 -5 -5
1786.26293945 -5 -5
1786.90405273 -5 -5
1787.73706055 -5 -5
1788.54699707 -5 -5
1789.17797852 -5 -5
1789.80102539 -5 -5
1790.62695312 -5 -5
1791.51000977 -5 -5
1792.18896484 -5 -5
1793.0300293 -5 -5
1793.86804199 -5 -5
1794.72497559 -5 -5
1795.56604004 -5 -5
1796.22705078 -5 -5
1796.91894531 -5 -5
1797.62695312 -5 -5
1798.27197266 -5 -5
1798.95898438 -5 -5
1799.77404785 -5 -5
1800.47802734 -5 -5
1801.07897949 -5 -5
1801.94995117 -5 -5
1802.625 -5 -5
1803.29504395 -5 -5
1803.91796875 -5 -5
1804.60205078 -5 -5
1805.25 -5 -5
1806.11694336 -5 -5
1806.95703125 -5 -5
1807.76794434 -5 -5
1808.45703125 -5 -5
1809.18994141 -5 -5
1809.98999023 -5 -5
1810.7590332 -5 -5
1811.58203125 -5 -5
1812.45800781 -5 -5
1813.2199707 -5 -5
1813.87597656 -5 -5
1814.48303223 -5 -5
1815.15795898 -5 -5
1815.82397461 -5 -5
1816.44702148 -5 -5
1817.2779541 -5 -5
1818.06396484 -5 -5
1818.85900879 -5 -5
1819.53295898 -5 -5
1820.40197754 -5 -5
1821.25097656 -5 -5
1822.09594727 -5 -5
1822.89794922 -5 -5
1823.63500977 -5 -5
1824.47399902 -5 -5
1825.35400391 -5 -5
1826.24597168 -5 -5
1826.8470459 -5 -5
1827.47497559 -5 -5
1828.30505371 -5 -5
1829.18994141 -5 -5
1830.07800293 -5 -5
1830.97705078 -5 -5
1831.6159668 -5 -5
1832.38598633 -5 -5
1833.21398926 -5 -5
1833.89001465 -5 -5
1834.57495117 -5 -5
1835.38598633 -5 -5
1836.18994141 -5 -5
1836.93505859 -5 -5
1837.77099609 -5 -5
1838.67102051 -5 -5
1839.33703613 -5 -5
1840.21398926 -5 -5
1840.99804688 -5 -5
1841.83703613 -5 -5
1842.5949707 -5 -5
1843.47998047 -5 -5
1844.29199219 -5 -5
1845.01098633 -5 -5
1845.86206055 -5 -5
1846.68200684 -5 -5
1847.5670166 -5 -5
1848.32897949 -5 -5
1848.98901367 -5 -5
1849.61901855 -5 -5
1850.37402344 -5 -5
1851.04602051 -5 -5
1851.87194824 -5 -5
1852.68896484 -5 -5
1853.54602051 -5 -5
1854.41503906 -5 -5
1855.19604492 -5 -5
1855.9420166 -5 -5
1856.59094238 -5 -5
1857.47399902 -5 -5
1858.07897949 -5 -5
1858.68505859 -5 -5
1859.30297852 -5 -5
1859.91894531 -5 -5
1860.8079834 -5 -5
1861.4699707 -5 -5
1862.16101074 -5 -5
1862.87902832 -5 -5
1863.55004883 -5 -5
1864.31604004 -5 -5
1865.16003418 -5 -5
1865.81994629 -5 -5
1866.50500488 -5 -5
1867.21899414 -5 -5
1868.11303711 -5 -5
1868.85803223 -5 -5
1869.64404297 -5 -5
1870.47900391 -5 -5
1871.14599609 -5 -5
1871.91894531 -5 -5
1872.57995605 -5 -5
1873.32397461 -5 -5
1873.92895508 -5 -5
1874.75402832 -5 -5
1875.48095703 -5 -5
1876.31005859 -5 -5
1876.96203613 -5 -5
1877.59594727 -5 -5
1878.31494141 -5 -5
1879.20202637 -5 -5
1880.09301758 -5 -5
1880.88500977 -5 -5
1881.53894043 -5 -5
1882.43005371 -5 -5
1883.27697754 -5 -5
1883.93200684 -5 -5
1884.54101562 -5 -5
1885.36206055 -5 -5
1886.16394043 -5 -5
1887.06298828 -5 -5
1887.76196289 -5 -5
1888.5670166 -5 -5
1889.39599609 -5 -5
1890.10803223 -5 -5
1891.00805664 -5 -5
1891.75598145 -5 -5
1892.5489502 -5 -5
1893.39501953 -5 -5
1894.01098633 -5 -5
1894.89501953 -5 -5
1895.58300781 -5 -5
1896.25305176 -5 -5
1897.12805176 -5 -5
1897.97399902 -5 -5
1898.83898926 -5 -5
1899.55895996 -5 -5
1900.29199219 -5 -5
1900.97998047 -5 -5
1901.71704102 -5 -5
1902.44104004 -5 -5
1903.05505371 -5 -5
1903.86206055 -5 -5
1904.72497559 -5 -5
1905.41796875 -5 -5
1906.12194824 -5 -5
1906.97094727 -5 -5
1907.7989502 -5 -5
1908.60998535 -5 -5
1909.41796875 -5 -5
1910.25805664 -5 -5
1911.09899902 -5 -5
1911.98205566 -5 -5
1912.72595215 -5 -5
1913.43005371 -5 -5
1914.24304199 -5 -5
1915.07995605 -5 -5
1915.90698242 -5 -5
1916.73095703 -5 -5
1917.41503906 -5 -5
1918.17199707 -5 -5
1918.96899414 -5 -5
1919.72900391 -5 -5
1920.5090332 -5 -5
1921.35705566 -5 -5
1922.08105469 -5 -5
1922.69702148 -5 -5
1923.32702637 -5 -5
1924.17199707 -5 -5
1924.84301758 -5 -5
1925.5880127 -5 -5
1926.25305176 -5 -5
1926.88903809 -5 -5
1927.54003906 -5 -5
1928.3079834 -5 -5
1929.16601562 -5 -5
1930.04003906 -5 -5
1930.68005371 -5 -5
1931.29699707 -5 -5
1931.99804688 -5 -5
1932.74194336 -5 -5
1933.5579834 -5 -5
1934.36096191 -5 -5
1935.08105469 -5 -5
1935.94299316 -5 -5
1936.83898926 -5 -5
1937.68200684 -5 -5
1938.3449707 -5 -5
1938.9699707 -5 -5
1939.68798828 -5 -5
1940.43395996 -5 -5
1941.16003418 -5 -5
1941.7779541 -5 -5
1942.48095703 -5 -5
1943.23205566 -5 -5
1943.96203613 -5 -5
1944.82800293 -5 -5
1945.45898438 -5 -5
1946.28295898 -5 -5
1947.11303711 -5 -5
1947.85302734 -5 -5
1948.73596191 -5 -5
1949.47399902 -5 -5
1950.33300781 -5 -5
1951.21496582 -5 -5
1951.82995605 -5 -5
1952.49597168 -5 -5
1953.15698242 -5 -5
1953.87304688 -5 -5
1954.61303711 -5 -5
1955.29602051 -5 -5
1956.04003906 -5 -5
1956.67102051 -5 -5
1957.46496582 -5 -5
1958.34594727 -5 -5
1959.14599609 -5 -5
1959.80297852 -5 -5
1960.49804688 -5 -5
1961.28100586 -5 -5
1961.98999023 -5 -5
1962.61499023 -5 -5
1963.33398438 -5 -5
1964.01501465 -5 -5
1964.71105957 -5 -5
1965.33203125 -5 -5
1966.02697754 -5 -5
1966.64697266 -5 -5
1967.31396484 -5 -5
1968.14099121 -5 -5
1968.94299316 -5 -5
1969.83496094 -5 -5
1970.71704102 -5 -5
1971.33300781 -5 -5
1972.05200195 -5 -5
1972.79504395 -5 -5
1973.41503906 -5 -5
1974.05895996 -5 -5
1974.85498047 -5 -5
1975.61096191 -5 -5
1976.32800293 -5 -5
1977.10498047 -5 -5
1977.89501953 -5 -5
1978.79199219 -5 -5
1979.39599609 -5 -5
1980.18200684 -5 -5
1981.04003906 -5 -5
1981.77099609 -5 -5
1982.45397949 -5 -5
1983.21801758 -5 -5
1983.88500977 -5 -5
1984.72705078 -5 -5
1985.42297363 -5 -5
1986.05603027 -5 -5
1986.66296387 -5 -5
1987.38598633 -5 -5
1988.2800293 -5 -5
1989.01098633 -5 -5
1989.68701172 -5 -5
1990.43994141 -5 -5
1991.07104492 -5 -5
1991.79797363 -5 -5
1992.48205566 -5 -5
1993.20800781 -5 -5
1994.02001953 -5 -5
1994.65905762 -5 -5
1995.36206055 -5 -5
1996.0489502 -5 -5
1996.76293945 -5 -5
1997.65600586 -5 -5
1998.52001953 -5 -5
1999.1739502 -5 -5
1999.85095215 -5 -5
2000.59899902 -5 -5
2001.36401367 -5 -5
2002.12304688 -5 -5
2002.82397461 -5 -5
2003.57104492 -5 -5
2004.44104004 -5 -5
2005.20202637 -5 -5
2005.97595215 -5 -5
2006.76000977 -5 -5
2007.38598633 -5 -5
2008.13793945 -5 -5
2008.73803711 -5 -5
2009.48205566 -5 -5
2010.28796387 -5 -5
2011.1159668 -5 -5
2011.84204102 -5 -5
2012.61499023 -5 -5
2013.42895508 -5 -5
2014.10705566 -5 -5
2014.92297363 -5 -5
2015.70996094 -5 -5
2016.60998535 -5 -5
2017.43701172 -5 -5
2018.19995117 -5 -5
2019.09301758 -5 -5
2019.97595215 -5 -5
2020.81604004 -5 -5
2021.44799805 -5 -5
2022.13500977 -5 -5
2022.75598145 -5 -5
2023.56799316 -5 -5
2024.28198242 -5 -5
2025.06799316 -5 -5
2025.76696777 -5 -5
2026.44396973 -5 -5
2027.15197754 -5 -5
2027.99499512 -5 -5
2028.61096191 -5 -5
2029.39404297 -5 -5
2030.01293945 -5 -5
2030.6340332 -5 -5
2031.38696289 -5 -5
2032.17797852 -5 -5
2032.81396484 -5 -5
2033.50805664 -5 -5
2034.28894043 -5 -5
2035.12097168 -5 -5
2035.7800293 -5 -5
2036.39001465 -5 -5
2037.22998047 -5 -5
2037.89904785 -5 -5
2038.58496094 -5 -5
2039.23999023 -5 -5
2039.99902344 -5 -5
2040.66894531 -5 -5
2041.53405762 -5 -5
2042.35498047 -5 -5
2043.0970459 -5 -5
2043.98205566 -5 -5
2044.70703125 -5 -5
2045.44799805 -5 -5
2046.28100586 -5 -5
2047.05297852 -5 -5
2047.87902832 -5 -5
2048.69702148 -5 -5
2049.31103516 -5 -5
2049.92089844 -5 -5
2050.72094727 -5 -5
2051.55688477 -5 -5
2052.20507812 -5 -5
2053.03100586 -5 -5
2053.65209961 -5 -5
2054.50805664 -5 -5
2055.16503906 -5 -5
2056.04711914 -5 -5
2056.76708984 -5 -5
2057.53295898 -5 -5
2058.33007812 -5 -5
2059.17211914 -5 -5
2059.83203125 -5 -5
2060.51391602 -5 -5
2061.13598633 -5 -5
2061.85498047 -5 -5
2062.71801758 -5 -5
2063.50292969 -5 -5
2064.13989258 -5 -5
2064.90307617 -5 -5
2065.79296875 -5 -5
2066.62402344 -5 -5
2067.31811523 -5 -5
2068.17602539 -5 -5
2068.98999023 -5 -5
2069.76611328 -5 -5
2070.59204102 -5 -5
2071.38500977 -5 -5
2072.18188477 -5 -5
2073.00708008 -5 -5
2073.8449707 -5 -5
2074.71411133 -5 -5
2075.60498047 -5 -5
2076.34008789 -5 -5
2077.14697266 -5 -5
2077.98291016 -5 -5
2078.80810547 -5 -5
2079.60791016 -5 -5
2080.20898438 -5 -5
2080.88696289 -5 -5
2081.51098633 -5 -5
2082.18701172 -5 -5
2082.9519043 -5 -5
2083.74707031 -5 -5
2084.54199219 -5 -5
2085.36499023 -5 -5
2086.18310547 -5 -5
2086.96801758 -5 -5
2087.5690918 -5 -5
2088.45898438 -5 -5
2089.2980957 -5 -5
2090.17993164 -5 -5
2091.05395508 -5 -5
2091.74511719 -5 -5
2092.39990234 -5 -5
2093.06689453 -5 -5
2093.74511719 -5 -5
2094.58789062 -5 -5
2095.26000977 -5 -5
2096.11303711 -5 -5
2096.95996094 -5 -5
2097.85791016 -5 -5
2098.74707031 -5 -5
2099.36108398 -5 -5
2100.19311523 -5 -5
2100.98193359 -5 -5
2101.60107422 -5 -5
2102.34790039 -5 -5
2103.03491211 -5 -5
2103.85107422 -5 -5
2104.56298828 -5 -5
2105.17895508 -5 -5
2105.97607422 -5 -5
2106.60693359 -5 -5
2107.25708008 -5 -5
2107.95703125 -5 -5
2108.67407227 -5 -5
2109.3359375 -5 -5
2110.23291016 -5 -5
2111.04711914 -5 -5
2111.76708984 -5 -5
2112.63696289 -5 -5
2113.46606445 -5 -5
2114.24389648 -5 -5
2114.8659668 -5 -5
2115.55493164 -5 -5
2116.3359375 -5 -5
2117.22094727 -5 -5
2117.83300781 -5 -5
2118.44897461 -5 -5
2119.1809082 -5 -5
2119.80297852 -5 -5
2120.65405273 -5 -5
2121.41992188 -5 -5
2122.25805664 -5 -5
2122.86499023 -5 -5
2123.55810547 -5 -5
2124.20898438 -5 -5
2124.87402344 -5 -5
2125.49511719 -5 -5
2126.20092773 -5 -5
2127.02709961 -5 -5
2127.88500977 -5 -5
2128.53100586 -5 -5
2129.39599609 -5 -5
2130.06298828 -5 -5
2130.73388672 -5 -5
2131.38891602 -5 -5
2132.11010742 -5 -5
2132.79492188 -5 -5
2133.63696289 -5 -5
2134.48291016 -5 -5
2135.11108398 -5 -5
2135.72705078 -5 -5
2136.37011719 -5 -5
2137.03100586 -5 -5
2137.81494141 -5 -5
2138.58398438 -5 -5
2139.37402344 -5 -5
2139.98999023 -5 -5
2140.85107422 -5 -5
2141.71801758 -5 -5
2142.41088867 -5 -5
2143.13110352 -5 -5
2143.96411133 -5 -5
2144.57299805 -5 -5
2145.21899414 -5 -5
2145.87304688 -5 -5
2146.69189453 -5 -5
2147.41308594 -5 -5
2148.14404297 -5 -5
2149.02197266 -5 -5
2149.86206055 -5 -5
2150.54003906 -5 -5
2151.14404297 -5 -5
2151.98095703 -5 -5
2152.87890625 -5 -5
2153.53295898 -5 -5
2154.18994141 -5 -5
2154.82299805 -5 -5
2155.59912109 -5 -5
2156.28100586 -5 -5
2157.09912109 -5 -5
2157.97802734 -5 -5
2158.7890625 -5 -5
2159.58007812 -5 -5
2160.45092773 -5 -5
2161.3059082 -5 -5
2162.00708008 -5 -5
2162.65405273 -5 -5
2163.5090332 -5 -5
2164.34790039 -5 -5
2165.18505859 -5 -5
2165.99804688 -5 -5
2166.76293945 -5 -5
2167.50292969 -5 -5
2168.13793945 -5 -5
2168.87207031 -5 -5
2169.64599609 -5 -5
2170.35791016 -5 -5
2171.11010742 -5 -5
2171.96899414 -5 -5
2172.69506836 -5 -5
2173.47900391 -5 -5
2174.27905273 -5 -5
2175.17797852 -5 -5
2175.92407227 -5 -5
2176.77905273 -5 -5
2177.4440918 -5 -5
2178.12890625 -5 -5
2178.8190918 -5 -5
2179.46411133 -5 -5
2180.30004883 -5 -5
2180.96704102 -5 -5
2181.59912109 -5 -5
2182.42407227 -5 -5
2183.32202148 -5 -5
2184.0 -5 -5
2184.6159668 -5 -5
2185.25097656 -5 -5
2186.09008789 -5 -5
2186.98510742 -5 -5
2187.75488281 -5 -5
2188.37695312 -5 -5
2189.17211914 -5 -5
2189.80810547 -5 -5
2190.66503906 -5 -5
2191.31494141 -5 -5
2192.17993164 -5 -5
2192.91503906 -5 -5
2193.68896484 -5 -5
2194.56591797 -5 -5
2195.20996094 -5 -5
2195.88891602 -5 -5
2196.66894531 -5 -5
2197.29296875 -5 -5
2197.99804688 -5 -5
2198.82202148 -5 -5
2199.53710938 -5 -5
2200.2590332 -5 -5
2201.01196289 -5 -5
2201.64501953 -5 -5
2202.27001953 -5 -5
2202.95507812 -5 -5
2203.57202148 -5 -5
2204.24389648 -5 -5
2204.98901367 -5 -5
2205.82006836 -5 -5
2206.62695312 -5 -5
2207.23803711 -5 -5
2207.86499023 -5 -5
2208.59912109 -5 -5
2209.38208008 -5 -5
2210.19091797 -5 -5
2210.88696289 -5 -5
2211.50610352 -5 -5
2212.10888672 -5 -5
2212.89306641 -5 -5
2213.62988281 -5 -5
2214.39892578 -5 -5
2215.01293945 -5 -5
2215.83496094 -5 -5
2216.48291016 -5 -5
2217.32788086 -5 -5
2217.95996094 -5 -5
2218.77392578 -5 -5
2219.58789062 -5 -5
2220.23510742 -5 -5
2220.86010742 -5 -5
2221.55200195 -5 -5
2222.40795898 -5 -5
2223.14794922 -5 -5
2223.91308594 -5 -5
2224.60009766 -5 -5
2225.47192383 -5 -5
2226.21191406 -5 -5
2226.86889648 -5 -5
2227.48095703 -5 -5
2228.1640625 -5 -5
2228.93994141 -5 -5
2229.69702148 -5 -5
2230.57788086 -5 -5
2231.38696289 -5 -5
2232.2109375 -5 -5
2232.8269043 -5 -5
2233.66796875 -5 -5
2234.44702148 -5 -5
2235.08398438 -5 -5
2235.75292969 -5 -5
2236.49291992 -5 -5
2237.34594727 -5 -5
2237.96899414 -5 -5
2238.61889648 -5 -5
2239.44702148 -5 -5
2240.23291016 -5 -5
2240.88305664 -5 -5
2241.77392578 -5 -5
2242.42797852 -5 -5
2243.21606445 -5 -5
2243.9050293 -5 -5
2244.69897461 -5 -5
2245.52294922 -5 -5
2246.40893555 -5 -5
2247.01196289 -5 -5
2247.90698242 -5 -5
2248.66796875 -5 -5
2249.53491211 -5 -5
2250.41308594 -5 -5
2251.16210938 -5 -5
2251.99707031 -5 -5
2252.80200195 -5 -5
2253.55200195 -5 -5
2254.31298828 -5 -5
2255.02197266 -5 -5
2255.83007812 -5 -5
2256.50610352 -5 -5
2257.37695312 -5 -5
2257.99291992 -5 -5
2258.83203125 -5 -5
2259.70605469 -5 -5
2260.56396484 -5 -5
2261.43408203 -5 -5
2262.27197266 -5 -5
2263.14111328 -5 -5
2263.83300781 -5 -5
2264.62792969 -5 -5
2265.4050293 -5 -5
2266.27587891 -5 -5
2267.14208984 -5 -5
2267.81005859 -5 -5
2268.53295898 -5 -5
2269.29907227 -5 -5
2270.0 -5 -5
2270.87011719 -5 -5
2271.69311523 -5 -5
2272.36401367 -5 -5
2273.23901367 -5 -5
2274.11791992 -5 -5
2274.72802734 -5 -5
2275.54711914 -5 -5
2276.39501953 -5 -5
2277.03198242 -5 -5
2277.8840332 -5 -5
2278.57910156 -5 -5
2279.37597656 -5 -5
2279.98193359 -5 -5
2280.64990234 -5 -5
2281.44311523 -5 -5
2282.19799805 -5 -5
2282.81591797 -5 -5
2283.56005859 -5 -5
2284.39990234 -5 -5
2285.07397461 -5 -5
2285.8190918 -5 -5
2286.60595703 -5 -5
2287.39990234 -5 -5
2288.05004883 -5 -5
2288.77197266 -5 -5
2289.47094727 -5 -5
2290.29492188 -5 -5
2290.96801758 -5 -5
2291.85595703 -5 -5
2292.64892578 -5 -5
2293.49291992 -5 -5
2294.13989258 -5 -5
2294.77905273 -5 -5
2295.57495117 -5 -5
2296.20288086 -5 -5
2296.99804688 -5 -5
2297.73095703 -5 -5
2298.51098633 -5 -5
2299.27709961 -5 -5
2300.12792969 -5 -5
2300.88500977 -5 -5
2301.56005859 -5 -5
2302.29711914 -5 -5
2303.0390625 -5 -5
2303.93408203 -5 -5
2304.59790039 -5 -5
2305.31689453 -5 -5
2305.9699707 -5 -5
2306.62402344 -5 -5
2307.47509766 -5 -5
2308.22607422 -5 -5
2308.94799805 -5 -5
2309.78710938 -5 -5
2310.59912109 -5 -5
2311.2980957 -5 -5
2312.0480957 -5 -5
2312.75292969 -5 -5
2313.42797852 -5 -5
2314.14404297 -5 -5
2314.92797852 -5 -5
2315.60888672 -5 -5
2316.21191406 -5 -5
2316.90087891 -5 -5
2317.59204102 -5 -5
2318.28710938 -5 -5
2318.90600586 -5 -5
2319.51708984 -5 -5
2320.32495117 -5 -5
2321.14697266 -5 -5
2321.97412109 -5 -5
2322.79907227 -5 -5
2323.5559082 -5 -5
2324.40209961 -5 -5
2325.13598633 -5 -5
2325.81591797 -5 -5
2326.51098633 -5 -5
2327.12988281 -5 -5
2327.74389648 -5 -5
2328.46289062 -5 -5
2329.26293945 -5 -5
2330.05297852 -5 -5
2330.77587891 -5 -5
2331.66894531 -5 -5
2332.30908203 -5 -5
2333.01000977 -5 -5
2333.67504883 -5 -5
2334.41796875 -5 -5
2335.23999023 -5 -5
2336.0769043 -5 -5
2336.89501953 -5 -5
2337.78491211 -5 -5
2338.65698242 -5 -5
2339.34106445 -5 -5
2339.97094727 -5 -5
2340.65307617 -5 -5
2341.51391602 -5 -5
2342.14794922 -5 -5
2342.79907227 -5 -5
2343.41503906 -5 -5
2344.30810547 -5 -5
2344.96411133 -5 -5
2345.69799805 -5 -5
2346.49291992 -5 -5
2347.39111328 -5 -5
2348.00390625 -5 -5
2348.87304688 -5 -5
2349.65087891 -5 -5
2350.41699219 -5 -5
2351.1340332 -5 -5
2351.89306641 -5 -5
2352.73291016 -5 -5
2353.36791992 -5 -5
2354.23291016 -5 -5
2354.85595703 -5 -5
2355.62207031 -5 -5
2356.33789062 -5 -5
2357.13793945 -5 -5
2357.78393555 -5 -5
2358.56005859 -5 -5
2359.43701172 -5 -5
2360.33105469 -5 -5
2360.96704102 -5 -5
2361.79492188 -5 -5
2362.64404297 -5 -5
2363.27099609 -5 -5
2364.01708984 -5 -5
2364.63598633 -5 -5
2365.47412109 -5 -5
2366.20898438 -5 -5
2366.83789062 -5 -5
2367.71606445 -5 -5
2368.42993164 -5 -5
2369.0769043 -5 -5
2369.8359375 -5 -5
2370.46191406 -5 -5
2371.2109375 -5 -5
2371.94995117 -5 -5
2372.60498047 -5 -5
2373.39306641 -5 -5
2374.03710938 -5 -5
2374.71606445 -5 -5
2375.34399414 -5 -5
2375.98803711 -5 -5
2376.61499023 -5 -5
2377.29394531 -5 -5
2377.97900391 -5 -5
2378.68188477 -5 -5
2379.54907227 -5 -5
2380.40209961 -5 -5
2381.17895508 -5 -5
2382.01708984 -5 -5
2382.86401367 -5 -5
2383.55493164 -5 -5
2384.17895508 -5 -5
2384.82006836 -5 -5
2385.58691406 -5 -5
2386.40307617 -5 -5
2387.02001953 -5 -5
2387.69897461 -5 -5
2388.3269043 -5 -5
2389.01000977 -5 -5
2389.67700195 -5 -5
2390.5 -5 -5
2391.23388672 -5 -5
2391.99511719 -5 -5
2392.64697266 -5 -5
2393.31201172 -5 -5
2394.11791992 -5 -5
2394.99707031 -5 -5
2395.71899414 -5 -5
2396.61303711 -5 -5
2397.34912109 -5 -5
2398.02099609 -5 -5
2398.68603516 -5 -5
2399.50097656 -5 -5
