0.500999987125 1 2
1.16100001335 1 1
1.85500001907 1 0
2.61899995804 1 -1
3.36999988556 1 -2
4.01900005341 1 -3
4.64900016785 1 -4
5.40100002289 1 -5
6.29500007629 0 -5
6.94099998474 -1 -5
7.60500001907 -2 -5
8.45699977875 -3 -5
9.09799957275 -2 -5
9.83699989319 -1 -5
10.6529998779 -1 -4
11.4189996719 -1 -3
12.1000003815 -1 -2
12.8809995651 -1 -1
13.5830001831 -1 -2
14.3509998322 -1 -3
15.1940002441 -1 -4
16.0520000458 -1 -3
16.6660003662 -1 -2
17.4249992371 -1 -1
18.2730007172 0 -1
19.1660003662 -1 -1
19.9570007324 -2 -1
20.8129997253 -3 -1
21.5499992371 -3 -2
22.3120002747 -3 -1
23.0160007477 -3 0
23.7980003357 -2 0
24.5079994202 -1 0
25.408000946 -1 -1
26.0629997253 -2 -1
26.7339992523 -1 -1
27.341999054 -2 -1
28.1410007477 -3 -1
28.861000061 -3 -2
29.7439994812 -3 -1
30.5690002441 -4 -1
31.2919998169 -3 -1
32.0810012817 -2 -1
32.8390007019 -2 -2
33.6150016785 -2 -1
34.311000824 -2 -2
35.0810012817 -2 -1
35.9249992371 -2 -2
36.5480003357 -1 -2
37.408000946 0 -2
38.2130012512 1 -2
39.0060005188 2 -2
39.7589988708 1 -2
40.6230010986 0 -2
41.3689994812 0 -1
42.2109985352 -1 -1
43.0200004578 -1 -2
43.9119987488 -1 -1
44.7779998779 -1 -2
45.4420013428 -1 -1
46.2270011902 -1 -2
47.0439987183 -1 -1
47.9010009766 -1 -2
48.5379981995 -1 -1
49.1980018616 -1 -2
49.9560012817 -1 -1
50.6380004883 -1 -2
51.2789993286 -1 -1
51.9739990234 -2 -1
52.7540016174 -2 -2
53.6199989319 -2 -1
54.3079986572 -1 -1
55.0880012512 -2 -1
55.8009986877 -1 -1
56.5989990234 -2 -1
57.3790016174 -1 -1
58.0229988098 -2 -1
58.6619987488 -2 0
59.3909988403 -1 0
60.2610015869 -1 -1
60.8930015564 -2 -1
61.641998291 -2 0
62.422000885 -2 1
63.0839996338 -2 0
63.7659988403 -2 1
64.4260025024 -2 0
65.2850036621 -2 1
65.9140014648 -2 0
66.6070022583 -2 1
67.2689971924 -2 0
67.9649963379 -2 1
68.6139984131 -2 0
69.4599990845 -2 1
70.1380004883 -3 1
70.7910003662 -2 1
71.3939971924 -1 1
72.1989974976 -2 1
72.986000061 -1 1
73.6259994507 -1 0
74.4430007935 -2 0
75.0749969482 -2 1
75.908996582 -1 1
76.7900009155 -1 0
77.4929962158 -2 0
78.2910003662 -1 0
79.1050033569 0 0
79.7509994507 0 -1
80.4479980469 -1 -1
81.0999984741 -2 -1
81.8000030518 -2 0
82.6969985962 -1 0
83.5080032349 -1 -1
84.3249969482 -2 -1
85.1149978638 -2 0
85.8050003052 -2 1
86.4349975586 -2 0
87.0749969482 -2 1
87.7119979858 -2 2
88.3450012207 -2 3
89.1139984131 -2 4
89.7969970703 -3 4
90.4479980469 -4 4
91.3300018311 -3 4
92.1529998779 -2 4
92.841003418 -2 3
93.7119979858 -2 2
94.6070022583 -3 2
95.4430007935 -4 2
96.1129989624 -4 3
96.8539962769 -4 4
97.6399993896 -4 5
98.4960021973 -4 4
99.0999984741 -4 3
99.8730010986 -4 2
100.527000427 -5 2
101.184997559 -5 2
101.948997498 -4 2
102.660003662 -3 2
103.489997864 -3 1
104.175003052 -3 2
105.01499939 -3 1
105.901000977 -3 2
106.517997742 -3 3
107.291000366 -2 3
107.949996948 -1 3
108.557998657 -2 3
109.253997803 -3 3
109.880996704 -2 3
110.505996704 -1 3
111.238998413 0 3
112.050003052 1 3
112.682998657 1 2
113.369003296 2 2
114.174003601 2 1
114.956001282 2 0
115.593002319 2 -1
116.388000488 1 -1
117.193000793 0 -1
117.907997131 -1 -1
118.549003601 -1 0
119.23500061 -1 1
120.043998718 -1 2
120.943000793 -1 3
121.656997681 0 3
122.480003357 0 2
123.178001404 0 1
123.808998108 0 0
124.615997314 0 -1
125.399002075 -1 -1
126.071998596 -2 -1
126.711997986 -2 0
127.480003357 -2 1
128.149993896 -2 2
128.914001465 -2 3
129.587005615 -1 3
130.279006958 -1 2
130.880004883 -1 1
131.563995361 -1 0
132.384994507 -1 -1
133.158996582 -1 -2
133.884002686 -2 -2
134.770996094 -1 -2
135.48500061 0 -2
136.363006592 0 -3
137.106994629 0 -2
137.917007446 1 -2
138.610992432 2 -2
139.488006592 2 -1
140.182998657 2 0
141.080001831 2 -1
141.902999878 3 -1
142.505004883 3 0
143.332992554 3 -1
144.154998779 4 -1
144.837005615 3 -1
145.445007324 2 -1
146.218002319 2 -2
147.110992432 1 -2
147.996002197 1 -1
148.615005493 1 -2
149.350006104 1 -1
149.979995728 1 -2
150.651992798 1 -1
151.309005737 1 -2
151.994003296 1 -1
152.718994141 1 -2
153.595001221 1 -1
154.296005249 1 -2
155.020004272 1 -1
155.714004517 1 0
156.503005981 1 -1
157.29800415 1 0
157.998001099 1 -1
158.664993286 1 0
159.307998657 1 -1
159.988998413 1 -2
160.619003296 1 -1
161.322998047 2 -1
162.138000488 1 -1
162.964996338 2 -1
163.621994019 1 -1
164.490997314 2 -1
165.307998657 1 -1
166.195007324 2 -1
167.01499939 1 -1
167.75100708 2 -1
168.585006714 1 -1
169.339996338 1 0
169.968994141 1 -1
170.856994629 1 0
171.697998047 1 -1
172.552001953 1 -2
173.352005005 1 -1
174.179992676 1 -2
174.809005737 1 -1
175.660003662 0 -1
176.307006836 1 -1
176.925994873 0 -1
177.638000488 1 -1
178.31199646 0 -1
179.003005981 1 -1
179.641998291 1 -2
180.481002808 1 -1
181.160003662 1 -2
181.99899292 1 -1
182.776992798 1 0
183.531997681 1 -1
184.276992798 2 -1
184.98399353 2 0
185.656005859 2 -1
186.524002075 2 0
187.143997192 2 -1
187.908996582 2 0
188.73500061 2 -1
189.514007568 3 -1
190.341003418 2 -1
191.057998657 3 -1
191.949005127 3 0
192.554000854 4 0
193.43800354 5 0
194.089004517 5 -1
194.796005249 5 0
195.690002441 5 -1
196.29699707 4 -1
197.158996582 3 -1
197.912994385 2 -1
198.697998047 1 -1
199.518005371 2 -1
200.268005371 1 -1
201.130004883 2 -1
201.804000854 1 -1
202.539993286 0 -1
203.207992554 1 -1
204.039001465 0 -1
204.850997925 1 -1
205.692993164 1 -2
206.481994629 1 -1
207.222000122 1 -2
207.824996948 1 -1
208.513000488 1 -2
209.289001465 1 -1
209.89100647 1 0
210.606994629 1 -1
211.261001587 1 0
211.929992676 1 -1
212.82699585 1 0
213.667007446 1 -1
214.332992554 1 0
215.003997803 1 -1
215.848007202 1 0
216.667007446 1 -1
217.395004272 1 0
218.044998169 1 -1
218.725006104 1 -2
219.516998291 1 -1
220.25 0 -1
221.136993408 1 -1
221.973007202 0 -1
222.807006836 1 -1
223.669006348 0 -1
224.477005005 1 -1
225.10899353 2 -1
225.776000977 1 -1
226.432998657 2 -1
227.253997803 1 -1
228.024993896 2 -1
228.841003418 1 -1
229.68699646 2 -1
230.54800415 1 -1
231.391998291 1 0
232.259002686 1 -1
232.960006714 1 -2
233.742004395 1 -1
234.375 1 -2
235.113998413 1 -1
235.899993896 1 0
236.511001587 1 -1
237.177993774 1 0
238.0 1 -1
238.692001343 1 0
239.449996948 1 -1
240.12399292 1 0
240.800994873 1 -1
241.677993774 0 -1
242.412002563 1 -1
243.152999878 0 -1
243.945999146 1 -1
244.688995361 1 -2
245.466003418 1 -1
246.089004517 0 -1
246.699005127 1 -1
247.434005737 0 -1
248.147003174 1 -1
248.76600647 1 -2
249.651992798 1 -1
250.470993042 1 0
251.360992432 1 -1
252.152999878 1 0
252.917999268 1 -1
253.817001343 1 0
254.529006958 1 -1
255.410995483 2 -1
256.058013916 1 -1
256.941009521 2 -1
257.652008057 1 -1
258.514007568 2 -1
259.309997559 1 -1
260.109985352 2 -1
260.829986572 1 -1
261.600006104 1 0
262.455993652 1 -1
263.196014404 0 -1
264.085998535 1 -1
264.955993652 1 -2
265.589996338 1 -1
266.317993164 0 -1
266.938995361 1 -1
267.631011963 0 -1
268.437988281 1 -1
269.312011719 1 -2
270.20401001 1 -1
270.838012695 1 0
271.713989258 1 -1
272.476013184 1 0
273.152008057 1 -1
273.92199707 1 0
274.588989258 1 -1
275.444000244 1 0
276.17401123 1 -1
276.95199585 1 0
277.842987061 1 -1
278.57901001 1 0
279.378997803 1 -1
280.130004883 1 0
280.967010498 1 -1
281.617004395 1 -2
282.470001221 1 -1
283.307006836 0 -1
284.058990479 1 -1
284.712005615 0 -1
285.402008057 1 -1
286.069000244 0 -1
286.937988281 1 -1
287.609008789 0 -1
288.407012939 1 -1
289.195007324 0 -1
290.041992188 1 -1
290.730987549 1 -2
291.571990967 1 -1
292.415985107 1 -2
293.217987061 1 -1
293.860992432 1 0
294.721984863 1 -1
295.411987305 1 0
296.015991211 1 -1
296.630004883 1 0
297.268005371 1 -1
298.063995361 1 0
298.786987305 1 -1
299.552001953 2 -1
300.191009521 2 0
300.95199585 2 -1
301.785003662 2 0
302.445007324 2 -1
303.058990479 2 0
303.891998291 2 -1
304.567993164 2 0
305.186004639 1 0
305.82800293 1 -1
306.45199585 2 -1
307.242004395 2 0
308.036987305 1 0
308.765991211 1 -1
309.455993652 2 -1
310.213012695 2 0
310.835998535 1 0
311.527008057 1 -1
312.307006836 2 -1
312.910003662 2 0
313.778015137 1 0
314.473999023 1 -1
315.113006592 1 0
315.802001953 1 -1
316.561004639 1 0
317.412994385 1 -1
318.119995117 1 0
318.727996826 1 -1
319.593994141 1 0
320.24798584 1 -1
321.005004883 1 0
321.648010254 1 -1
322.257995605 1 0
323.105010986 1 -1
323.79699707 1 0
324.398010254 1 -1
325.276000977 1 0
326.157012939 1 -1
326.808990479 2 -1
327.472991943 2 0
328.141998291 1 0
329.010986328 1 -1
329.75 2 -1
330.640991211 2 0
331.399993896 1 0
332.183990479 1 -1
333.053985596 2 -1
333.678009033 2 0
334.420013428 1 0
335.213012695 1 -1
336.019012451 2 -1
336.838012695 2 0
337.57901001 2 -1
338.385986328 2 0
339.027008057 2 -1
339.914001465 2 0
340.545013428 1 0
341.37399292 1 -1
342.057006836 1 0
342.730987549 1 -1
343.459014893 1 0
344.220001221 1 -1
345.04800415 1 0
345.721008301 1 -1
346.593994141 1 0
347.386993408 1 -1
348.276000977 1 0
348.990997314 1 -1
349.882995605 1 0
350.631011963 1 -1
351.231994629 1 0
352.00100708 1 -1
352.778991699 0 -1
353.657012939 1 -1
354.32699585 0 -1
355.019012451 0 -2
355.852996826 0 -1
356.591003418 0 -2
357.324005127 0 -1
358.121002197 0 -2
358.805999756 0 -1
359.450012207 0 -2
360.069000244 0 -1
360.691009521 0 -2
361.37399292 0 -1
362.006988525 0 -2
362.705993652 0 -1
363.558013916 0 -2
364.287994385 0 -1
365.066009521 0 -2
365.807006836 0 -1
366.455993652 -1 -1
367.108001709 -1 -2
367.717010498 0 -2
368.54800415 0 -1
369.419006348 -1 -1
370.221008301 -1 -2
371.091003418 0 -2
371.839996338 -1 -2
372.458007812 -1 -1
373.236999512 -2 -1
373.968994141 -1 -1
374.718994141 -2 -1
375.510986328 -1 -1
376.239013672 -2 -1
376.863006592 -2 0
377.62298584 -2 -1
378.240997314 -1 -1
379.04800415 -2 -1
379.734985352 -1 -1
380.410003662 -2 -1
381.130004883 -1 -1
381.82699585 0 -1
382.720001221 -1 -1
383.335998535 0 -1
384.227996826 -1 -1
385.113006592 0 -1
385.973999023 -1 -1
386.871002197 -1 0
387.563995361 -1 -1
388.407989502 -1 0
389.118988037 -1 -1
389.781005859 -1 0
390.493988037 -1 -1
391.309997559 -1 0
391.985992432 -1 -1
392.734985352 -1 0
393.367004395 -1 -1
394.096008301 -1 0
394.740997314 -1 -1
395.596008301 -1 0
396.359985352 -1 -1
397.101989746 0 -1
397.760009766 -1 -1
398.382995605 0 -1
399.20199585 -1 -1
399.992004395 0 -1
400.709014893 -1 -1
401.584991455 0 -1
402.274993896 -1 -1
403.156005859 0 -1
403.843994141 -1 -1
404.555999756 0 -1
405.174987793 -1 -1
405.842010498 -1 0
406.493988037 -1 -1
407.17098999 -1 -2
407.868988037 -1 -1
408.511993408 -1 -2
409.290008545 -1 -1
410.054992676 -1 0
410.809997559 -1 -1
411.605987549 -1 0
412.346984863 -1 -1
413.031005859 -1 0
413.854003906 -1 -1
414.727996826 -1 0
415.583007812 -1 -1
416.291992188 -1 0
416.992004395 -1 -1
417.846008301 -1 0
418.604003906 -1 -1
419.242004395 -2 -1
420.12399292 -2 0
420.855987549 -1 0
421.515991211 -1 -1
422.372009277 -2 -1
423.216003418 -1 -1
423.904998779 -2 -1
424.644989014 -1 -1
425.292999268 -2 -1
425.898986816 -1 -1
426.772003174 -2 -1
427.657989502 -1 -1
428.457000732 0 -1
429.303009033 -1 -1
430.054992676 0 -1
430.683990479 -1 -1
431.557006836 0 -1
432.24798584 -1 -1
432.963012695 0 -1
433.774993896 0 0
434.450012207 0 -1
435.128997803 0 0
435.772003174 0 -1
436.410003662 1 -1
437.289001465 0 -1
438.121002197 1 -1
438.816009521 0 -1
439.433013916 1 -1
440.178985596 0 -1
440.917999268 1 -1
441.638000488 0 -1
442.32699585 0 -2
442.95401001 0 -1
443.670013428 0 -2
444.42098999 0 -1
445.186004639 0 -2
445.910003662 0 -1
446.675994873 0 -2
447.407989502 0 -1
448.039001465 0 -2
448.717987061 0 -1
449.515991211 0 -2
450.196014404 0 -1
451.006011963 0 -2
451.640014648 0 -1
452.333007812 1 -1
453.218994141 1 -2
453.859008789 1 -1
454.605010986 1 0
455.489013672 1 -1
456.152008057 1 0
456.803009033 1 -1
457.411010742 1 0
458.049987793 1 -1
458.696990967 2 -1
459.351989746 2 0
459.959991455 1 0
460.645996094 1 -1
461.511993408 2 -1
462.256011963 2 0
462.895996094 2 1
463.787994385 2 0
464.634002686 2 1
465.444000244 3 1
466.312011719 3 2
467.148986816 3 3
467.774993896 2 3
468.619995117 1 3
469.468994141 2 3
470.229003906 3 3
470.851989746 3 4
471.509002686 2 4
472.347991943 1 4
473.216003418 1 3
474.037994385 0 3
474.886993408 -1 3
475.618011475 0 3
476.503997803 0 2
477.157012939 0 1
477.946990967 0 0
478.717010498 0 -1
479.320007324 1 -1
480.088012695 1 0
480.822998047 1 -1
481.618011475 1 0
482.468994141 1 -1
483.192993164 1 0
483.821990967 1 -1
484.562011719 1 0
485.255004883 1 -1
486.12600708 1 0
486.769989014 1 -1
487.493011475 1 0
488.20199585 1 -1
489.04699707 1 0
489.648010254 1 -1
490.266998291 1 0
491.096984863 1 -1
491.855987549 1 0
492.507995605 1 -1
493.384002686 1 0
494.213012695 1 -1
494.955993652 1 0
495.803009033 1 -1
496.532012939 2 -1
497.324005127 2 0
497.988006592 2 1
498.791992188 2 2
499.654998779 1 2
500.406005859 1 1
501.152008057 1 0
501.789001465 1 -1
502.669006348 2 -1
503.278991699 2 0
503.989990234 2 1
504.817993164 1 1
505.455993652 1 0
506.316986084 1 -1
507.178985596 0 -1
507.842010498 1 -1
508.707000732 0 -1
509.375 1 -1
510.028991699 0 -1
510.868011475 1 -1
511.537994385 0 -1
512.388977051 1 -1
513.007995605 0 -1
513.859008789 1 -1
514.681030273 0 -1
515.543029785 1 -1
516.398986816 0 -1
517.218017578 1 -1
518.051025391 0 -1
518.776000977 1 -1
519.591003418 0 -1
520.403015137 1 -1
521.219970703 0 -1
521.92199707 0 -2
522.531982422 0 -1
523.140014648 0 -2
523.835021973 0 -1
524.687988281 0 -2
525.57800293 0 -1
526.395019531 0 0
527.281005859 0 -1
528.090026855 0 0
528.833007812 0 -1
529.588012695 0 0
530.283996582 0 -1
530.984008789 0 0
531.708007812 0 -1
532.380004883 0 0
533.140014648 0 -1
533.789978027 0 0
534.53302002 0 -1
535.258972168 0 -2
536.015014648 0 -1
536.684997559 0 -2
537.405029297 0 -1
538.231018066 0 -2
538.880004883 0 -1
539.497009277 0 -2
540.315979004 0 -1
540.961975098 1 -1
541.718994141 0 -1
542.565002441 1 -1
543.297973633 0 -1
544.130004883 1 -1
544.783996582 0 -1
545.530029297 1 -1
546.297973633 0 -1
547.125976562 1 -1
547.901000977 0 -1
548.518981934 1 -1
549.367980957 2 -1
550.229980469 2 0
550.880981445 2 1
551.599975586 2 2
552.416992188 1 2
553.043029785 1 1
553.901977539 1 0
554.526977539 1 -1
555.34197998 2 -1
555.960021973 2 0
556.708984375 2 1
557.510009766 2 2
558.174987793 1 2
558.786987305 1 1
559.583984375 1 0
560.24597168 1 -1
560.937988281 2 -1
561.554016113 2 0
562.273986816 2 1
562.984008789 2 2
563.815002441 1 2
564.565979004 0 2
565.267028809 1 2
566.077026367 0 2
566.95300293 1 2
567.578979492 0 2
568.346008301 0 1
569.062011719 0 0
569.960021973 0 -1
570.799987793 1 -1
571.411987305 2 -1
572.232971191 2 0
572.835998535 2 1
573.513977051 1 1
574.166992188 1 0
574.791015625 1 -1
575.49597168 2 -1
576.323974609 2 0
577.012023926 2 1
577.640991211 2 2
578.374023438 1 2
579.182983398 0 2
579.807006836 -1 2
580.580993652 0 2
581.301025391 -1 2
582.12902832 0 2
582.784973145 -1 2
583.580993652 0 2
584.369995117 1 2
585.231018066 2 2
585.934020996 2 3
586.810974121 1 3
587.710998535 1 2
588.416015625 1 1
589.229003906 1 0
590.03302002 1 -1
590.723022461 1 -2
591.606018066 1 -1
592.323974609 1 0
592.984985352 1 -1
593.716003418 1 0
594.395019531 1 -1
595.116027832 1 0
595.867980957 1 -1
596.468994141 1 0
597.077026367 1 -1
597.892028809 1 0
598.593994141 1 -1
599.37701416 1 0
600.267028809 1 -1
601.0 1 0
601.62298584 1 -1
602.411010742 1 0
603.184997559 1 -1
603.937988281 1 0
604.596008301 1 -1
605.434997559 1 0
606.051025391 1 -1
606.883972168 1 0
607.604003906 1 -1
608.367980957 1 0
609.104980469 1 -1
609.982971191 1 0
610.62097168 1 -1
611.40802002 1 0
612.039978027 1 -1
612.931030273 0 -1
613.534973145 0 -2
614.184997559 0 -1
614.872009277 0 -2
615.716003418 0 -1
616.380981445 0 0
617.041015625 0 -1
617.900024414 0 0
618.750976562 0 -1
619.611999512 0 -2
620.502990723 0 -1
621.164001465 -1 -1
621.778015137 -1 0
622.601013184 0 0
623.396972656 1 0
624.226989746 1 -1
624.849975586 0 -1
625.54699707 -1 -1
626.249023438 -1 0
626.869995117 0 0
627.718994141 1 0
628.515991211 1 -1
629.237976074 0 -1
629.929016113 -1 -1
630.655029297 -1 0
631.29498291 0 0
632.130004883 1 0
632.969970703 1 -1
633.758972168 0 -1
634.393981934 -1 -1
634.997009277 -1 0
635.796020508 0 0
636.408996582 1 0
637.184020996 1 -1
637.87701416 0 -1
638.578979492 -1 -1
639.356018066 -1 0
640.062988281 0 0
640.776000977 0 -1
641.554016113 -1 -1
642.236022949 -1 0
642.906982422 -1 -1
643.530029297 -2 -1
644.255004883 -2 0
645.020019531 -2 1
645.75 -2 2
646.541992188 -2 3
647.314025879 -2 2
648.150024414 -2 1
649.010986328 -2 0
649.791015625 -3 0
650.45300293 -3 1
651.083007812 -3 0
651.869018555 -3 -1
652.502990723 -3 0
653.280029297 -3 -1
654.143981934 -3 0
654.914978027 -4 0
655.543029785 -4 1
656.265991211 -4 2
656.929016113 -3 2
657.67401123 -3 3
658.564025879 -3 4
659.223999023 -3 3
659.968017578 -3 2
660.612976074 -3 1
661.440002441 -2 1
662.177001953 -2 0
662.901977539 -2 1
663.791992188 -1 1
664.583984375 -1 0
665.375 -1 -1
666.271972656 -1 0
666.947021484 -1 -1
667.572998047 -1 0
668.422973633 -1 -1
669.202026367 -1 0
670.085998535 -1 -1
670.728027344 -1 0
671.366027832 -1 -1
672.008972168 -1 0
672.854980469 -1 -1
673.609985352 -1 0
674.42401123 -1 -1
675.263977051 -1 0
675.903015137 0 0
676.698974609 0 -1
677.518981934 -1 -1
678.241027832 -1 0
679.111999512 0 0
680.000976562 0 -1
680.721008301 -1 -1
681.523986816 -1 0
682.195007324 0 0
682.859985352 0 -1
683.557983398 -1 -1
684.369995117 -1 0
685.219970703 -1 -1
685.836975098 -1 0
686.525024414 -1 -1
687.268005371 -1 0
688.119018555 -1 -1
688.817993164 -1 0
689.575012207 -1 -1
690.309020996 -1 0
691.00402832 -1 -1
691.666015625 -1 0
692.372009277 -1 -1
693.166992188 -1 0
693.861022949 -1 -1
694.679992676 -1 0
695.5 -1 -1
696.119018555 -1 0
697.018005371 -1 -1
697.833007812 -1 0
698.513000488 -1 -1
699.265014648 -1 0
700.103027344 -1 -1
700.940002441 -1 0
701.716003418 -1 -1
702.520996094 -1 0
703.262023926 0 0
704.039978027 0 -1
704.885009766 -1 -1
705.645996094 -1 0
706.25 0 0
706.901000977 0 -1
707.62298584 -1 -1
708.390991211 -1 0
709.250976562 0 0
710.096984863 0 -1
710.75 -1 -1
711.41998291 -1 0
712.163024902 -1 -1
712.984985352 -1 0
713.75201416 -1 -1
714.458007812 -1 0
715.190002441 -2 0
715.846008301 -2 1
716.463012695 -1 1
717.250976562 -1 0
717.96697998 -2 0
718.833984375 -2 1
719.651977539 -2 2
720.396972656 -1 2
721.234985352 0 2
722.130004883 0 1
723.028991699 0 0
723.877990723 0 -1
724.523986816 -1 -1
725.348022461 -1 0
726.117004395 -2 0
726.728027344 -2 1
727.534973145 -1 1
728.16998291 0 1
728.830993652 0 0
729.512023926 0 -1
730.271972656 -1 -1
731.145019531 -1 0
731.799987793 -2 0
732.409973145 -1 0
733.184020996 -2 0
733.929992676 -1 0
734.749023438 0 0
735.491027832 -1 0
736.283996582 -2 0
737.094970703 -1 0
737.835998535 0 0
738.440002441 -1 0
739.114990234 0 0
739.911987305 -1 0
740.78302002 -2 0
741.538024902 -2 1
742.268981934 -1 1
742.906005859 0 1
743.568969727 0 0
744.236022949 0 -1
744.92199707 -1 -1
745.573974609 -1 0
746.249023438 -2 0
747.018981934 -2 1
747.729003906 -1 1
748.603027344 0 1
749.335998535 0 0
750.20098877 0 -1
750.874023438 -1 -1
751.494018555 -1 0
752.219970703 -1 1
752.846008301 0 1
753.541992188 0 0
754.276000977 0 -1
755.057983398 -1 -1
755.750976562 -1 0
756.546020508 -1 1
757.257995605 0 1
758.091003418 0 0
758.874023438 0 -1
759.505981445 -1 -1
760.223022461 -1 0
760.924987793 -1 1
761.791015625 0 1
762.489990234 -1 1
763.309020996 0 1
764.111022949 -1 1
764.778991699 0 1
765.674987793 -1 1
766.374023438 0 1
766.979980469 -1 1
767.62298584 0 1
768.411010742 -1 1
769.124023438 -1 2
769.903991699 0 2
770.544006348 -1 2
771.166992188 0 2
771.997009277 -1 2
772.718017578 0 2
773.450012207 1 2
774.200012207 0 2
774.827026367 1 2
775.642028809 2 2
776.505981445 1 2
777.306030273 2 2
777.973999023 1 2
778.862976074 0 2
779.469970703 0 3
780.24798584 0 4
781.12902832 0 3
781.864990234 0 2
782.536010742 0 3
783.340026855 0 2
784.057006836 0 1
784.887023926 0 0
785.616027832 0 -1
786.443969727 -1 -1
787.296020508 -1 0
787.945983887 -1 1
788.760009766 -1 2
789.625976562 0 2
790.356994629 0 1
791.24597168 0 0
792.00402832 0 -1
792.794006348 -1 -1
793.487976074 -1 0
794.117980957 -2 0
794.789001465 -2 1
795.564025879 -1 1
796.184997559 0 1
796.87701416 0 0
797.679992676 0 -1
798.340026855 -1 -1
799.218994141 -1 0
799.836975098 -2 0
800.585021973 -1 0
801.432983398 0 0
802.296020508 -1 0
802.958984375 -2 0
803.791992188 -1 0
804.543029785 0 0
805.242980957 -1 0
806.023986816 0 0
806.895996094 -1 0
807.643981934 -2 0
808.543029785 -1 0
809.223999023 -1 -1
809.875976562 -1 0
810.75402832 -1 -1
811.606018066 -1 0
812.403015137 -1 -1
813.098999023 -1 0
813.901977539 -1 -1
814.581970215 -1 0
815.273010254 -1 -1
816.09197998 -1 0
816.895019531 -1 -1
817.49597168 -1 0
818.335021973 -1 -1
819.174987793 -1 0
819.843994141 -1 -1
820.534973145 -1 0
821.210021973 -1 -1
821.965026855 -1 0
822.682983398 -1 -1
823.473999023 -1 0
824.281982422 -1 -1
824.937011719 -1 0
825.687988281 -1 -1
826.348999023 -1 0
827.122009277 -1 -1
827.992004395 -1 0
828.607971191 -1 -1
829.257995605 -1 0
829.982971191 -1 -1
830.643005371 -1 0
831.398010254 -1 -1
832.237976074 -1 0
833.127990723 -1 1
833.744018555 -1 0
834.518981934 -1 1
835.221984863 -1 0
835.992980957 -1 1
836.711975098 -1 0
837.354003906 -1 1
838.156005859 -2 1
838.893981934 -1 1
839.515991211 -2 1
840.351989746 -1 1
841.151000977 0 1
841.895996094 -1 1
842.536010742 0 1
843.153991699 -1 1
843.862976074 0 1
844.567993164 -1 1
845.255981445 0 1
846.036987305 -1 1
846.650024414 0 1
847.541015625 -1 1
848.249023438 0 1
849.012023926 -1 1
849.747009277 0 1
850.476989746 -1 1
851.221984863 0 1
852.041992188 -1 1
852.807983398 0 1
853.499023438 -1 1
854.103027344 0 1
854.804992676 -1 1
855.549987793 0 1
856.293029785 -1 1
857.187011719 -1 2
857.82800293 0 2
858.525024414 -1 2
859.257995605 0 2
859.908996582 0 1
860.562011719 -1 1
861.435974121 -1 2
862.041015625 0 2
862.932983398 0 1
863.543029785 0 0
864.403015137 0 -1
865.218994141 0 -2
865.924987793 0 -1
866.736999512 0 -2
867.482971191 0 -1
868.317016602 1 -1
869.054016113 0 -1
869.736999512 1 -1
870.478027344 0 -1
871.202026367 1 -1
871.978027344 1 0
872.848022461 1 -1
873.684997559 1 0
874.398010254 1 -1
875.184997559 1 0
875.885986328 1 -1
876.601013184 1 0
877.208984375 1 -1
877.840026855 1 0
878.494995117 1 -1
879.362976074 1 0
879.994018555 1 -1
880.797973633 1 0
881.468017578 1 -1
882.354980469 2 -1
882.992980957 2 0
883.844970703 2 1
884.70098877 3 1
885.382995605 2 1
886.262023926 3 1
886.965026855 2 1
887.604003906 1 1
888.491027832 0 1
889.114013672 -1 1
889.732971191 0 1
890.5 -1 1
891.236022949 0 1
891.854003906 -1 1
892.611022949 0 1
893.344970703 -1 1
894.159973145 0 1
894.775024414 -1 1
895.612976074 -1 2
896.468994141 0 2
897.094970703 0 1
897.87298584 -1 1
898.760009766 0 1
899.575012207 -1 1
900.432983398 0 1
901.062011719 -1 1
901.931030273 0 1
902.588989258 -1 1
903.293029785 -1 2
903.960021973 0 2
904.789001465 0 1
905.551025391 -1 1
906.364990234 0 1
907.028991699 -1 1
907.913024902 0 1
908.74597168 -1 1
909.62701416 0 1
910.231994629 -1 1
910.901977539 0 1
911.596008301 -1 1
912.403991699 -1 2
913.202026367 0 2
913.882019043 0 1
914.523010254 0 0
915.12902832 0 -1
915.911010742 1 -1
916.596984863 2 -1
917.400024414 2 0
918.080993652 1 0
918.973022461 1 -1
919.807006836 1 0
920.54699707 1 -1
921.413024902 1 0
922.148986816 1 -1
922.874023438 1 0
923.706970215 1 -1
924.392028809 1 0
925.111022949 1 -1
925.869018555 1 0
926.75201416 1 -1
927.414001465 1 0
928.307983398 1 -1
928.926025391 1 0
929.767028809 1 -1
930.58001709 1 0
931.403015137 1 -1
932.29498291 1 0
933.088012695 1 -1
933.726013184 1 0
934.526000977 1 -1
935.341003418 1 0
936.078979492 1 -1
936.729980469 1 0
937.585998535 1 -1
938.349975586 1 0
939.182006836 1 -1
939.961975098 1 0
940.713989258 0 0
941.393005371 -1 0
942.064025879 -1 1
942.895019531 0 1
943.541992188 -1 1
944.42401123 0 1
945.114013672 -1 1
945.916015625 0 1
946.62902832 -1 1
947.307006836 -2 1
948.117980957 -1 1
948.741027832 0 1
949.361999512 -1 1
950.0 0 1
950.66998291 -1 1
951.473999023 0 1
952.12701416 -1 1
952.788024902 0 1
953.439025879 0 0
954.127990723 -1 0
954.776000977 -1 1
955.442993164 0 1
956.077026367 0 0
956.817016602 -1 0
957.669006348 -1 1
958.281005859 0 1
959.013977051 0 0
959.903015137 -1 0
960.604980469 -1 1
961.353027344 -2 1
962.096984863 -1 1
962.760009766 0 1
963.53302002 -1 1
964.252990723 0 1
965.010986328 -1 1
965.831970215 0 1
966.596984863 -1 1
967.270996094 0 1
967.981018066 -1 1
968.693969727 0 1
969.570007324 -1 1
970.265991211 -1 2
971.005981445 0 2
971.62902832 0 1
972.424987793 0 0
973.145996094 -1 0
973.770996094 -1 1
974.638000488 0 1
975.375 0 0
976.109008789 -1 0
976.926025391 -1 1
977.79699707 -1 2
978.541992188 0 2
979.414001465 0 1
980.273986816 -1 1
981.059997559 0 1
981.74597168 -1 1
982.348999023 0 1
983.179992676 -1 1
983.945007324 0 1
984.650024414 -1 1
985.359008789 0 1
985.994995117 -1 1
986.794006348 0 1
987.583984375 -1 1
988.192993164 0 1
989.025024414 -1 1
989.786987305 0 1
990.5 -1 1
991.250976562 0 1
991.958007812 -1 1
992.588989258 -1 2
993.229980469 0 2
993.989013672 0 1
994.760009766 -1 1
995.37701416 0 1
996.112976074 -1 1
996.835021973 0 1
997.447998047 -1 1
998.106018066 -1 2
998.916992188 0 2
999.742004395 0 1
1000.4329834 -1 1
1001.07598877 0 1
1001.91101074 -1 1
1002.66998291 0 1
1003.5579834 -1 1
1004.20202637 0 1
1004.80700684 0 0
1005.59698486 -1 0
1006.32598877 -1 1
1007.2119751 0 1
1007.86798096 0 0
1008.4710083 -1 0
1009.30999756 -1 1
1010.20898438 -2 1
1010.82501221 -1 1
1011.44799805 0 1
1012.33001709 -1 1
1013.11401367 0 1
1013.92700195 0 0
1014.76898193 -1 0
1015.39599609 -1 1
1016.04302979 0 1
1016.69702148 -1 1
1017.50598145 0 1
1018.11401367 -1 1
1018.86901855 0 1
1019.52801514 -1 1
1020.30297852 0 1
1021.10998535 -1 1
1021.92999268 0 1
1022.74499512 -1 1
1023.37799072 -2 1
1024.14599609 -1 1
1024.78796387 0 1
1025.64404297 0 0
1026.38500977 -1 0
1027.10595703 -1 1
1027.9029541 0 1
1028.51403809 0 0
1029.11694336 -1 0
1029.72705078 -1 1
1030.52404785 0 1
1031.41394043 0 0
1032.03295898 -1 0
1032.78503418 -1 1
1033.43395996 0 1
1034.19604492 0 0
1034.94702148 -1 0
1035.8260498 -1 1
1036.70397949 0 1
1037.39501953 -1 1
1038.08398438 0 1
1038.75097656 -1 1
1039.43603516 0 1
1040.08203125 -1 1
1040.83300781 0 1
1041.62097168 -1 1
1042.43505859 -1 2
1043.30505371 0 2
1043.93395996 1 2
1044.65600586 2 2
1045.33496094 1 2
1045.97497559 1 3
1046.61694336 1 2
1047.29003906 1 3
1047.93200684 1 2
1048.58300781 1 3
1049.44604492 1 2
1050.34594727 1 1
1050.99304199 1 0
1051.68994141 1 -1
1052.4329834 1 0
1053.07897949 1 -1
1053.90600586 1 0
1054.69604492 0 0
1055.39697266 0 -1
1056.00805664 1 -1
1056.9029541 1 0
1057.55895996 0 0
1058.16503906 0 -1
1059.06494141 1 -1
1059.87805176 1 0
1060.67602539 0 0
1061.31799316 0 -1
1061.98706055 1 -1
1062.63793945 1 0
1063.30200195 0 0
1064.13696289 0 -1
1064.85705566 1 -1
1065.73803711 1 0
1066.33898926 1 -1
1067.04003906 1 0
1067.76696777 1 -1
1068.42700195 1 0
1069.19799805 1 -1
1070.06396484 1 0
1070.90002441 1 -1
1071.60498047 1 0
1072.23095703 1 -1
1073.05297852 1 0
1073.78295898 1 -1
1074.59094238 1 0
1075.20703125 1 -1
1076.10595703 1 0
1076.99902344 1 -1
1077.71105957 1 0
1078.37902832 1 -1
1079.13500977 1 0
1079.76904297 1 -1
1080.46105957 1 0
1081.2869873 1 -1
1081.90100098 1 0
1082.6340332 1 -1
1083.35900879 1 0
1084.06103516 1 -1
1084.88793945 1 0
1085.66601562 1 -1
1086.32397461 1 0
1087.20202637 1 -1
1087.81396484 1 0
1088.52905273 1 -1
1089.14599609 1 0
1089.97595215 1 -1
1090.80395508 1 0
1091.4239502 1 -1
1092.31005859 1 0
1092.92700195 0 0
1093.80603027 0 -1
1094.43200684 1 -1
1095.03894043 1 0
1095.7199707 0 0
1096.4050293 -1 0
1097.18798828 -1 1
1097.85803223 0 1
1098.48303223 0 0
1099.32397461 0 -1
1099.96704102 1 -1
1100.66003418 1 0
1101.37402344 0 0
1101.99694824 -1 0
1102.83898926 -1 1
1103.58105469 0 1
1104.24304199 0 0
1105.11096191 0 -1
1105.86999512 1 -1
1106.75500488 1 0
1107.51904297 2 0
1108.21594238 2 1
1108.89904785 1 1
1109.62805176 2 1
1110.48706055 1 1
1111.15002441 0 1
1111.9329834 0 0
1112.61804199 -1 0
1113.48400879 -1 1
1114.35400391 0 1
1115.04797363 -1 1
1115.7869873 0 1
1116.59802246 -1 1
1117.40698242 -2 1
1118.17895508 -1 1
1119.02600098 0 1
1119.75195312 -1 1
1120.52099609 0 1
1121.19104004 -1 1
1122.02294922 0 1
1122.82202148 -1 1
1123.50805664 0 1
1124.37194824 -1 1
1125.26000977 0 1
1125.88500977 -1 1
1126.61804199 0 1
1127.27197266 -1 1
1128.17199707 0 1
1128.92700195 -1 1
1129.60095215 -1 0
1130.40405273 -2 0
1131.04003906 -1 0
1131.92504883 -2 0
1132.67004395 -1 0
1133.40100098 -1 -1
1134.27001953 -1 0
1135.00805664 -1 -1
1135.81005859 -1 0
1136.51196289 -1 -1
1137.17895508 -1 0
1137.89697266 -1 -1
1138.70300293 -1 0
1139.46203613 -1 -1
1140.0760498 -1 0
1140.85595703 -1 -1
1141.46899414 -1 0
1142.22302246 -1 -1
1142.94396973 -1 0
1143.59802246 -1 -1
1144.29394531 -1 0
1145.0880127 -1 -1
1145.90698242 -1 0
1146.63696289 -1 -1
1147.27905273 -1 0
1147.98596191 -1 -1
1148.72094727 -1 0
1149.52697754 -1 -1
1150.25805664 -1 0
1150.91101074 -2 0
1151.6619873 -1 0
1152.4699707 -2 0
1153.32397461 -1 0
1154.19104004 -2 0
1154.90698242 -1 0
1155.72900391 0 0
1156.43701172 -1 0
1157.1529541 0 0
1157.77197266 -1 0
1158.40698242 0 0
1159.16796875 -1 0
1159.93798828 0 0
1160.57897949 -1 0
1161.41503906 0 0
1162.31298828 0 -1
1163.07202148 1 -1
1163.80004883 1 0
1164.69799805 2 0
1165.32299805 2 1
1166.09094238 1 1
1166.76794434 2 1
1167.48095703 1 1
1168.11206055 2 1
1168.9909668 1 1
1169.75598145 2 1
1170.54797363 1 1
1171.37304688 2 1
1172.07104492 1 1
1172.69104004 0 1
1173.34301758 1 1
1174.22094727 0 1
1175.05700684 1 1
1175.92700195 0 1
1176.55004883 0 2
1177.28503418 1 2
1178.01196289 1 1
1178.85205078 1 2
1179.7409668 1 1
1180.57104492 1 2
1181.41003418 1 1
1182.18603516 1 0
1182.94799805 1 -1
1183.58605957 1 0
1184.41296387 1 -1
1185.1619873 1 0
1185.88098145 1 -1
1186.60803223 1 0
1187.45703125 1 -1
1188.07995605 1 0
1188.89001465 1 -1
1189.57202148 1 0
1190.34399414 2 0
1191.18505859 2 1
1191.9119873 2 2
1192.69897461 2 1
1193.3659668 1 1
1194.15002441 1 0
1194.93505859 1 -1
1195.78796387 1 0
1196.67700195 1 -1
1197.5489502 2 -1
1198.34399414 2 0
1199.1739502 2 1
1199.90405273 1 1
1200.76000977 1 0
1201.62194824 1 -1
1202.23498535 2 -1
1203.0579834 2 0
1203.73095703 2 1
1204.35998535 1 1
1205.17297363 1 0
1205.82397461 1 -1
1206.52404785 1 0
1207.23596191 1 -1
1208.06994629 1 0
1208.92102051 1 -1
1209.74694824 1 0
1210.36303711 0 0
1211.07495117 -1 0
1211.72802734 -1 1
1212.55603027 0 1
1213.38598633 0 0
1214.20605469 0 -1
1215.00097656 1 -1
1215.82800293 1 0
1216.44396973 0 0
1217.1529541 -1 0
1217.8470459 -1 1
1218.54504395 0 1
1219.2989502 0 0
1220.00695801 0 -1
1220.61096191 1 -1
1221.44494629 1 0
1222.08203125 0 0
1222.97094727 -1 0
1223.76098633 -1 1
1224.49401855 -1 0
1225.37805176 -1 1
1226.06201172 -1 0
1226.86401367 -1 1
1227.73303223 -1 0
1228.5880127 -1 1
1229.22302246 -1 0
1229.98706055 -1 1
1230.76904297 -1 0
1231.37304688 -1 1
1232.22595215 -1 0
1232.95996094 -1 1
1233.66894531 -1 2
1234.55004883 0 2
1235.24304199 0 1
1235.93896484 0 2
1236.64697266 0 1
1237.3659668 0 2
1238.21594238 0 1
1238.95300293 0 2
1239.7590332 0 1
1240.42895508 -1 1
1241.16101074 0 1
1241.90600586 -1 1
1242.66394043 0 1
1243.34204102 -1 1
1244.12805176 0 1
1244.76696777 -1 1
1245.47802734 0 1
1246.22497559 -1 1
1246.85302734 0 1
1247.71801758 -1 1
1248.35205078 0 1
1249.21398926 -1 1
1249.87402344 -2 1
1250.72900391 -1 1
1251.61206055 0 1
1252.29101562 1 1
1253.13793945 0 1
1253.87805176 1 1
1254.67797852 0 1
1255.50097656 1 1
1256.38598633 2 1
1257.11303711 1 1
1257.73901367 2 1
1258.55895996 1 1
1259.26196289 2 1
1259.87597656 1 1
1260.75695801 2 1
1261.38598633 1 1
1261.99304199 2 1
1262.82397461 1 1
1263.6920166 0 1
1264.40905762 0 2
1265.22399902 0 1
1266.00097656 0 0
1266.62597656 0 1
1267.47302246 0 0
1268.28295898 0 1
1269.03894043 0 0
1269.83203125 0 1
1270.67602539 0 0
1271.57202148 0 1
1272.41894531 0 2
1273.2779541 0 1
1273.94104004 0 2
1274.59399414 1 2
1275.31201172 1 1
1276.08203125 0 1
1276.98095703 0 2
1277.82299805 1 2
1278.47998047 1 1
1279.22302246 0 1
1279.84301758 0 2
1280.60205078 0 1
1281.3659668 0 2
1282.11901855 0 1
1282.7199707 0 2
1283.61999512 0 1
1284.35400391 0 2
1284.96398926 0 1
1285.59594727 0 2
1286.46496582 0 1
1287.15002441 0 0
1287.89599609 0 1
1288.74597168 0 0
1289.39294434 0 1
1290.11303711 0 0
1290.9510498 0 1
1291.74597168 0 0
1292.36901855 0 1
1293.20703125 0 0
1293.95703125 0 1
1294.80297852 1 1
1295.59594727 1 0
1296.38195801 0 0
1297.18603516 -1 0
1297.79797363 -1 1
1298.4329834 0 1
1299.28503418 1 1
1299.92700195 0 1
1300.8079834 1 1
1301.60998535 0 1
1302.25305176 1 1
1303.06298828 0 1
1303.7590332 1 1
1304.53295898 1 2
1305.29602051 1 1
1306.14501953 2 1
1306.99401855 1 1
1307.68200684 1 2
1308.41296387 1 1
1309.08898926 1 0
1309.70800781 1 -1
1310.4699707 1 0
1311.27099609 1 -1
1312.09094238 1 0
1312.83105469 1 -1
1313.56298828 1 0
1314.21801758 1 -1
1314.96801758 1 0
1315.69494629 1 -1
1316.4510498 1 0
1317.07800293 1 -1
1317.88500977 1 0
1318.68395996 1 -1
1319.40405273 1 0
1320.19494629 1 -1
1320.86499023 1 0
1321.69799805 1 -1
1322.57495117 1 0
1323.27099609 1 -1
1324.08703613 1 0
1324.98400879 1 -1
1325.7010498 1 0
1326.49304199 2 0
1327.37805176 2 1
1328.13305664 1 1
1328.93701172 2 1
1329.63098145 1 1
1330.49597168 2 1
1331.30505371 1 1
1331.90698242 1 0
1332.66894531 2 0
1333.29003906 2 1
1334.1619873 1 1
1334.79199219 0 1
1335.65600586 1 1
1336.44995117 0 1
1337.26599121 1 1
1338.11206055 0 1
1338.87402344 1 1
1339.61499023 0 1
1340.2220459 1 1
1340.89196777 0 1
1341.62597656 1 1
1342.51501465 0 1
1343.39599609 1 1
1344.10803223 0 1
1344.80102539 1 1
1345.64404297 1 2
1346.30004883 1 1
1346.95898438 1 2
1347.85705566 1 1
1348.68103027 1 0
1349.33105469 1 -1
1350.01293945 1 0
1350.86694336 1 -1
1351.55603027 1 0
1352.29394531 1 -1
1352.9699707 1 0
1353.69799805 1 -1
1354.42895508 1 0
1355.2130127 1 -1
1355.88500977 1 0
1356.75598145 2 0
1357.61901855 2 1
1358.23596191 2 0
1359.02001953 2 1
1359.83105469 2 0
1360.68395996 2 1
1361.51293945 2 0
1362.18505859 2 1
1362.93603516 2 0
1363.54003906 2 1
1364.3659668 1 1
1365.04003906 2 1
1365.76403809 1 1
1366.50805664 2 1
1367.38500977 1 1
1368.01794434 2 1
1368.71398926 1 1
1369.46398926 2 1
1370.27001953 1 1
1370.92602539 0 1
1371.74401855 1 1
1372.35302734 0 1
1373.22302246 1 1
1373.89294434 0 1
1374.78894043 1 1
1375.39294434 0 1
1376.01904297 1 1
1376.64904785 0 1
1377.51403809 1 1
1378.32702637 0 1
1379.08105469 1 1
1379.74694824 0 1
1380.52197266 1 1
1381.21899414 2 1
1382.06396484 1 1
1382.69299316 1 2
1383.4630127 1 1
1384.25305176 1 0
1385.1340332 2 0
1385.93994141 2 1
1386.79699707 1 1
1387.50695801 1 0
1388.35803223 1 -1
1388.97595215 1 0
1389.85205078 2 0
1390.59301758 2 1
1391.22595215 1 1
1391.98205566 1 0
1392.875 2 0
1393.66796875 2 1
1394.53503418 1 1
1395.43395996 1 0
1396.04199219 0 0
1396.93200684 -1 0
1397.71801758 -1 1
1398.38793945 0 1
1399.23095703 1 1
1400.00598145 1 0
1400.62695312 0 0
1401.26904297 -1 0
1401.89294434 -1 1
1402.54199219 0 1
1403.40405273 1 1
1404.10498047 1 0
1404.72094727 0 0
1405.57800293 1 0
1406.1920166 0 0
1407.0489502 1 0
1407.82897949 0 0
1408.5369873 1 0
1409.27502441 2 0
1410.11499023 2 1
1410.93701172 1 1
1411.78198242 1 2
1412.41699219 1 1
1413.17602539 1 0
1413.89794922 2 0
1414.5369873 2 1
1415.41894531 1 1
1416.03405762 1 0
1416.89599609 2 0
1417.64904785 2 1
1418.36499023 1 1
1418.97595215 1 0
1419.64196777 2 0
1420.54003906 2 1
1421.30895996 1 1
1421.92602539 1 0
1422.61499023 2 0
1423.49804688 2 1
1424.30297852 1 1
1425.03894043 0 1
1425.66101074 1 1
1426.41894531 0 1
1427.20495605 1 1
1427.93896484 0 1
1428.83898926 1 1
1429.60498047 0 1
1430.22802734 1 1
1430.85302734 0 1
1431.73205566 1 1
1432.63000488 0 1
1433.34094238 1 1
1434.1619873 0 1
1434.90100098 1 1
1435.52404785 1 2
1436.14196777 1 1
1436.74694824 1 0
1437.39697266 2 0
1438.23498535 2 1
1439.08605957 1 1
1439.71801758 1 0
1440.55200195 2 0
1441.22302246 2 1
1442.05700684 1 1
1442.87805176 1 0
1443.7409668 2 0
1444.43994141 1 0
1445.2989502 2 0
1445.97998047 1 0
1446.76696777 1 -1
1447.6619873 1 0
1448.5279541 1 -1
1449.28601074 1 0
1449.90698242 1 -1
1450.53405762 1 0
1451.20300293 1 -1
1451.93005371 1 0
1452.62902832 1 -1
1453.2800293 1 0
1454.14099121 1 -1
1454.94494629 1 0
1455.61804199 1 -1
1456.51403809 1 0
1457.32897949 1 -1
1458.01501465 1 0
1458.80297852 1 -1
1459.67602539 1 0
1460.56604004 1 -1
1461.39697266 1 0
1462.29602051 1 -1
1462.99499512 1 0
1463.72900391 1 -1
1464.54504395 1 0
1465.38793945 1 -1
1465.99804688 1 0
1466.89599609 1 1
1467.64294434 1 0
1468.39501953 1 1
1469.27502441 1 2
1470.13305664 1 1
1470.87194824 1 0
1471.58605957 1 1
1472.2800293 1 0
1473.08605957 1 1
1473.92102051 1 0
1474.56799316 1 1
1475.23303223 1 0
1475.875 1 1
1476.75805664 2 1
1477.49194336 1 1
1478.23095703 0 1
1478.96105957 1 1
1479.66003418 0 1
1480.44104004 1 1
1481.14904785 0 1
1481.75305176 1 1
1482.41894531 2 1
1483.14501953 1 1
1483.74902344 0 1
1484.48596191 1 1
1485.25805664 0 1
1485.86804199 1 1
1486.71105957 0 1
1487.35705566 1 1
1488.10205078 0 1
1488.94104004 1 1
1489.71899414 2 1
1490.5579834 1 1
1491.41394043 1 2
1492.15600586 1 1
1492.97302246 1 2
1493.77197266 1 1
1494.5949707 1 0
1495.19995117 1 1
1495.87402344 1 0
1496.69799805 1 1
1497.40100098 1 0
1498.09399414 1 1
1498.73901367 1 0
1499.45300293 1 1
1500.21899414 1 0
1501.05297852 1 1
1501.87805176 1 0
1502.62805176 1 1
1503.47900391 1 0
1504.2220459 1 1
1504.83703613 1 0
1505.71899414 1 1
1506.58996582 1 0
1507.26196289 1 1
1507.90100098 1 2
1508.55700684 1 1
1509.34899902 1 0
1510.21899414 1 1
1510.93896484 2 1
1511.79101562 1 1
1512.60400391 0 1
1513.4909668 1 1
1514.33398438 0 1
1515.11401367 1 1
1515.72094727 0 1
1516.37597656 1 1
1516.9909668 2 1
1517.88793945 1 1
1518.62597656 0 1
1519.39904785 1 1
1520.01501465 0 1
1520.68200684 1 1
1521.29394531 0 1
1522.08398438 1 1
1522.69299316 0 1
1523.4239502 1 1
1524.30700684 0 1
1525.0760498 1 1
1525.89294434 2 1
1526.61804199 1 1
1527.42895508 2 1
1528.04797363 1 1
1528.79797363 2 1
1529.47802734 1 1
1530.12805176 0 1
1530.88098145 1 1
1531.61303711 0 1
1532.46704102 1 1
1533.29101562 1 2
1533.90600586 1 1
1534.66601562 1 2
1535.53503418 1 1
1536.39501953 1 0
1537.23303223 1 1
1538.04003906 1 0
1538.78796387 1 1
1539.54199219 1 0
1540.29797363 1 1
1541.02294922 1 0
1541.69299316 1 1
1542.35095215 1 0
1543.14294434 1 1
1543.88500977 1 0
1544.75 1 1
1545.56005859 1 0
1546.41296387 1 1
1547.0670166 1 0
1547.79003906 1 1
1548.54504395 1 0
1549.40002441 1 1
1550.15405273 1 0
1550.85595703 1 1
1551.74194336 1 0
1552.59594727 1 1
1553.34899902 1 0
1553.9720459 1 1
1554.69396973 1 0
1555.52600098 1 1
1556.17895508 1 2
1556.88903809 1 1
1557.67797852 1 0
1558.40002441 1 1
1559.09094238 1 0
1559.83300781 1 1
1560.50500488 0 1
1561.17504883 1 1
1561.94604492 0 1
1562.70800781 1 1
1563.3470459 0 1
1564.10205078 1 1
1564.83496094 0 1
1565.66699219 1 1
1566.56604004 0 1
1567.32897949 1 1
1568.06494141 0 1
1568.80102539 1 1
1569.58996582 0 1
1570.19799805 1 1
1570.98803711 1 2
1571.70397949 1 1
1572.35803223 1 2
1573.19604492 1 1
1574.0970459 1 0
1574.88500977 1 1
1575.55004883 1 0
1576.26904297 1 1
1576.9699707 1 0
1577.62805176 2 0
1578.51196289 1 0
1579.11901855 2 0
1579.86999512 1 0
1580.59399414 2 0
1581.38305664 1 0
1582.04602051 2 0
1582.68701172 1 0
1583.58496094 2 0
1584.44396973 1 0
1585.05395508 0 0
1585.81005859 1 0
1586.50305176 0 0
1587.14904785 1 0
1587.83605957 0 0
1588.46496582 1 0
1589.23205566 0 0
1590.09204102 1 0
1590.94604492 0 0
1591.59399414 1 0
1592.25695801 2 0
1592.98205566 1 0
1593.76696777 2 0
1594.64501953 1 0
1595.26501465 2 0
1595.97998047 1 0
1596.62902832 2 0
1597.34594727 1 0
1598.09802246 2 0
1598.71398926 1 0
1599.43994141 1 1
1600.04504395 1 0
1600.91296387 1 1
1601.70800781 1 0
1602.40100098 1 1
1603.19396973 1 0
1603.82397461 1 1
1604.5949707 1 0
1605.2409668 1 1
1606.04602051 1 0
1606.92102051 1 1
1607.72705078 1 0
1608.45495605 1 1
1609.0760498 1 0
1609.87902832 1 1
1610.72595215 1 0
1611.39294434 1 1
1612.03796387 1 0
1612.91101074 1 1
1613.66003418 1 0
1614.26794434 1 1
1614.93200684 1 0
1615.78601074 1 1
1616.6619873 1 2
1617.45898438 1 1
1618.0949707 1 0
1618.89404297 1 1
1619.62402344 1 2
1620.26403809 1 1
1620.8659668 1 0
1621.46704102 1 1
1622.22900391 1 0
1622.85400391 1 1
1623.75 1 0
1624.59899902 1 1
1625.4329834 2 1
1626.19604492 1 1
1626.87194824 2 1
1627.76403809 1 1
1628.64001465 0 1
1629.4630127 1 1
1630.35900879 0 1
1631.18005371 1 1
1632.07995605 0 1
1632.68701172 1 1
1633.32104492 0 1
1634.17700195 1 1
1634.7800293 0 1
1635.49804688 1 1
1636.36999512 0 1
1637.15795898 1 1
1637.83300781 0 1
1638.57397461 1 1
1639.23901367 0 1
1640.01196289 1 1
1640.7779541 0 1
1641.45898438 1 1
1642.08703613 0 1
1642.69494629 1 1
1643.30297852 0 1
1643.99194336 1 1
1644.70300293 2 1
1645.33105469 1 1
1645.95800781 2 1
1646.72094727 1 1
1647.5949707 1 2
1648.27099609 1 1
1648.90197754 1 2
1649.68701172 1 1
1650.30200195 1 0
1650.97399902 1 1
1651.62304688 1 0
1652.49804688 1 1
1653.36499023 1 0
1654.04199219 1 1
1654.67504883 1 0
1655.56494141 1 1
1656.2010498 1 0
1657.00598145 1 1
1657.66394043 1 0
1658.33898926 1 1
1658.98901367 1 0
1659.67004395 1 1
1660.38793945 1 0
1661.18200684 1 1
1661.92297363 1 0
1662.66503906 1 1
1663.50305176 1 0
1664.22900391 1 1
1664.84802246 1 0
1665.45605469 1 1
1666.07299805 1 0
1666.95397949 1 1
1667.70605469 1 0
1668.34204102 1 1
1669.10498047 1 0
1669.93896484 1 1
1670.77600098 1 0
1671.5090332 1 1
1672.18994141 1 0
1673.00500488 1 1
1673.81103516 1 0
1674.48498535 1 1
1675.22302246 1 2
1676.0970459 1 1
1676.90100098 1 0
1677.52404785 1 1
1678.2010498 0 1
1678.89794922 1 1
1679.66796875 0 1
1680.32202148 1 1
1681.11694336 0 1
1681.8840332 1 1
1682.62097168 0 1
1683.44897461 1 1
1684.22705078 0 1
1685.01000977 1 1
1685.61206055 2 1
1686.23706055 1 1
1687.12097168 0 1
1687.99194336 1 1
1688.70300293 2 1
1689.36096191 1 1
1690.15698242 0 1
1690.92504883 1 1
1691.67797852 0 1
1692.41894531 1 1
1693.16503906 0 1
1693.95495605 1 1
1694.64099121 0 1
1695.36303711 1 1
1696.08105469 0 1
1696.95703125 1 1
1697.82104492 0 1
1698.48205566 1 1
1699.23803711 0 1
1699.95397949 1 1
1700.55895996 1 2
1701.27001953 1 1
1702.10803223 1 2
1702.92700195 1 1
1703.71398926 1 0
1704.41003418 1 1
1705.28601074 1 0
1706.05297852 1 1
1706.80004883 1 0
1707.45397949 1 1
1708.24804688 1 0
1709.05297852 1 1
1709.90002441 1 0
1710.58105469 1 1
1711.23095703 1 0
1712.00500488 1 1
1712.76098633 1 0
1713.54003906 1 1
1714.28894043 1 0
1715.08996582 1 1
1715.7989502 1 0
1716.53894043 1 1
1717.38903809 1 0
1718.02197266 1 1
1718.72302246 1 0
1719.57202148 1 1
1720.45397949 1 0
1721.06604004 1 1
1721.90002441 2 1
1722.54797363 1 1
1723.37597656 2 1
1724.21105957 1 1
1724.83203125 2 1
1725.69799805 1 1
1726.47900391 0 1
1727.17199707 1 1
1727.80004883 0 1
1728.42297363 1 1
1729.17297363 0 1
1729.89794922 1 1
1730.76293945 0 1
1731.62097168 1 1
1732.35900879 0 1
1733.08496094 1 1
1733.7989502 0 1
1734.49902344 1 1
1735.3170166 0 1
1736.18005371 1 1
1736.91796875 0 1
1737.81005859 1 1
1738.51293945 0 1
1739.34899902 1 1
1740.24597168 0 1
1741.01293945 1 1
1741.81005859 1 2
1742.69494629 1 1
1743.59204102 1 2
1744.27099609 1 1
1745.11901855 1 0
1745.92700195 1 1
1746.70800781 1 0
1747.38000488 1 1
1748.18505859 1 0
1749.06896973 1 1
1749.94995117 1 0
1750.61206055 1 1
1751.44494629 1 0
1752.28503418 1 1
1753.06494141 1 0
1753.88000488 1 1
1754.72302246 1 0
1755.59301758 1 1
1756.23400879 1 0
1757.04199219 1 1
1757.72900391 1 0
1758.58105469 1 1
1759.29101562 1 0
1759.99194336 1 1
1760.75097656 1 0
1761.51098633 1 1
1762.14001465 1 0
1762.7779541 1 1
1763.63098145 1 0
1764.44799805 1 1
1765.21899414 1 0
1766.03295898 1 1
1766.7130127 1 0
1767.44104004 1 1
1768.1920166 1 0
1768.96704102 1 1
1769.79797363 2 1
1770.59301758 1 1
1771.34594727 2 1
1771.97998047 1 1
1772.73999023 0 1
1773.34094238 1 1
1774.02905273 0 1
1774.70605469 1 1
1775.4630127 0 1
1776.35400391 1 1
1776.96203613 0 1
1777.66394043 1 1
1778.37902832 0 1
1779.0670166 1 1
1779.92199707 0 1
1780.73303223 1 1
1781.4029541 0 1
1782.26403809 1 1
1783.07104492 0 1
1783.89099121 0 2
1784.75305176 0 1
1785.52697754 0 2
1786.15905762 0 1
1786.9239502 0 2
1787.69494629 0 1
1788.32800293 0 2
1788.9630127 0 1
1789.5949707 0 0
1790.35705566 0 1
1791.07495117 0 0
1791.88000488 0 1
1792.68103027 0 0
1793.55895996 0 1
1794.28405762 0 0
1795.09802246 0 1
1795.91394043 0 0
1796.56396484 0 1
1797.30297852 0 0
1797.99804688 0 1
1798.61804199 0 0
1799.32702637 0 1
1800.00402832 0 0
1800.66796875 0 1
1801.46704102 0 0
1802.16601562 0 1
1802.94799805 0 2
1803.60498047 0 1
1804.46801758 0 2
1805.35400391 0 1
1805.97094727 0 2
1806.79101562 0 1
1807.45300293 0 2
1808.19299316 0 1
1808.97399902 0 2
1809.85803223 0 1
1810.55004883 0 2
1811.25195312 0 1
1811.90405273 0 2
1812.58703613 0 1
1813.19104004 1 1
1813.93994141 0 1
1814.72094727 1 1
1815.46594238 0 1
1816.18005371 1 1
1816.99499512 0 1
1817.62097168 1 1
1818.48706055 0 1
1819.16503906 1 1
1819.83105469 0 1
1820.61096191 1 1
1821.45605469 0 1
1822.28796387 1 1
1823.05004883 2 1
1823.85205078 1 1
1824.71496582 2 1
1825.33398438 1 1
1825.94702148 2 1
1826.83898926 1 1
1827.62097168 0 1
1828.28796387 1 1
1829.08898926 0 1
1829.85095215 1 1
1830.70397949 0 1
1831.53503418 0 0
1832.34899902 0 1
1833.01403809 0 0
1833.65698242 0 1
1834.31005859 0 0
1835.13305664 0 1
1835.95703125 0 0
1836.67297363 0 1
1837.56799316 1 1
1838.20800781 0 1
1838.88598633 1 1
1839.7409668 0 1
1840.55395508 1 1
1841.44299316 0 1
1842.1619873 0 2
1842.98803711 0 1
1843.70996094 0 2
1844.45397949 0 1
1845.07104492 0 2
1845.87097168 0 1
1846.73706055 0 0
1847.54394531 0 1
1848.43005371 0 0
1849.27502441 0 1
1850.13696289 0 0
1850.7800293 0 1
1851.48803711 0 0
1852.33300781 0 1
1852.9630127 0 2
1853.68200684 0 1
1854.35998535 0 2
1854.9909668 0 1
1855.63000488 0 2
1856.29003906 0 1
1857.13598633 0 0
1857.98303223 0 1
1858.59204102 1 1
1859.47399902 0 1
1860.24304199 1 1
1861.08703613 0 1
1861.76501465 1 1
1862.51403809 0 1
1863.35998535 1 1
1864.20495605 0 1
1864.88500977 1 1
1865.5579834 0 1
1866.18505859 1 1
1867.08300781 0 1
1867.92199707 1 1
1868.6829834 0 1
1869.50305176 1 1
1870.23706055 0 1
1871.0760498 1 1
1871.90698242 0 1
1872.79296875 1 1
1873.49597168 1 2
1874.36999512 1 1
1875.17602539 1 0
1875.92199707 1 1
1876.52294922 1 0
1877.35803223 1 1
1878.08300781 1 0
1878.80505371 1 1
1879.5 1 0
1880.18505859 1 1
1880.93005371 1 0
1881.70605469 1 1
1882.45703125 1 0
1883.19299316 1 1
1884.01000977 1 0
1884.83996582 1 1
1885.58703613 1 0
1886.32104492 1 1
1886.92797852 1 0
1887.54394531 1 1
1888.39697266 1 0
1889.28503418 1 1
1890.03198242 1 0
1890.78198242 1 1
1891.48706055 1 0
1892.31103516 1 1
1893.11096191 1 0
1893.97802734 1 1
1894.68603516 1 0
1895.44299316 1 1
1896.11096191 1 0
1896.80200195 2 0
1897.69299316 1 0
1898.37805176 2 0
1899.16503906 1 0
1900.06298828 2 0
1900.75500488 1 0
1901.44494629 2 0
1902.05603027 1 0
1902.70300293 2 0
1903.38195801 1 0
1904.09204102 2 0
1904.72399902 1 0
1905.53295898 2 0
1906.16503906 1 0
1906.96398926 0 0
1907.80700684 -1 0
1908.61499023 -1 1
1909.43896484 -1 0
1910.15905762 -2 0
1910.78894043 -1 0
1911.49194336 -2 0
1912.21704102 -1 0
1913.09802246 -2 0
1913.95703125 -1 0
1914.67004395 -1 -1
1915.27502441 -1 0
1915.94702148 -1 -1
1916.84204102 -1 0
1917.59594727 -1 -1
1918.31005859 -1 0
1919.13305664 -1 -1
1919.86096191 -1 0
1920.55102539 -1 -1
1921.25695801 -1 0
1921.97900391 -1 -1
1922.72802734 -1 0
1923.59594727 -1 -1
1924.35400391 -1 0
1925.09594727 -1 -1
1925.86096191 -1 0
1926.64404297 -1 -1
1927.30297852 -1 0
1928.13195801 -1 -1
1928.98596191 -1 0
1929.84301758 -2 0
1930.52099609 -1 0
1931.30200195 -2 0
1932.01501465 -1 0
1932.88305664 0 0
1933.59094238 -1 0
1934.31994629 0 0
1935.19396973 -1 0
1935.86694336 0 0
1936.73803711 -1 0
1937.57495117 0 0
1938.4329834 -1 0
1939.32702637 0 0
1940.00195312 -1 0
1940.64599609 0 0
1941.49304199 0 -1
1942.37695312 1 -1
1943.17700195 0 -1
1943.78503418 1 -1
1944.48095703 0 -1
1945.09899902 -1 -1
1945.84301758 -1 0
1946.53894043 -1 -1
1947.2590332 -1 0
1947.93103027 -1 -1
1948.56201172 -1 0
1949.24499512 -1 -1
1949.99194336 -1 0
1950.59802246 -1 1
1951.38000488 0 1
1952.11499023 0 0
1952.79296875 0 1
1953.39697266 1 1
1954.24401855 1 0
1954.9510498 0 0
1955.81604004 -1 0
1956.53601074 -1 1
1957.40002441 -1 0
1958.20495605 -1 1
1958.96105957 -1 0
1959.64904785 -1 1
1960.43505859 -1 0
1961.0369873 -1 1
1961.83703613 -1 0
1962.56201172 -1 1
1963.23999023 -1 0
1964.05200195 -1 1
1964.76904297 -1 0
1965.59301758 -1 1
1966.26000977 -1 0
1966.9699707 -2 0
1967.68103027 -1 0
1968.55895996 -2 0
1969.18994141 -1 0
1969.85205078 -2 0
1970.50598145 -1 0
1971.125 -2 0
1971.82299805 -1 0
1972.53503418 -1 1
1973.16503906 0 1
1973.83898926 0 2
1974.50097656 0 1
1975.28295898 0 2
1976.01098633 0 1
1976.7199707 1 1
1977.51904297 1 0
1978.3470459 0 0
1978.97302246 -1 0
1979.6529541 -1 1
1980.30895996 0 1
1981.15795898 1 1
1981.8079834 1 0
1982.42504883 0 0
1983.08605957 -1 0
1983.87902832 -1 -1
1984.71105957 -1 0
1985.38000488 -1 -1
1986.07995605 -1 0
1986.75598145 -1 -1
1987.55004883 -1 0
1988.39294434 -1 -1
1989.23095703 -1 0
1990.10705566 -1 -1
1990.92504883 -1 0
1991.55505371 -1 -1
1992.28405762 -1 0
1992.94299316 -1 -1
1993.81103516 -1 0
1994.57495117 -1 -1
1995.42297363 0 -1
1996.31201172 0 -2
1996.93798828 0 -1
1997.67895508 0 -2
1998.33703613 0 -1
1999.07897949 0 -2
1999.96899414 0 -1
2000.74694824 0 -2
2001.55603027 0 -1
2002.24694824 0 0
2002.95996094 0 -1
2003.65905762 0 0
2004.35095215 0 -1
2005.23999023 0 0
2006.10595703 0 -1
2006.8380127 0 0
2007.49499512 0 -1
2008.18603516 0 0
2009.03796387 -1 0
2009.70495605 -1 -1
2010.3659668 -1 0
2011.02600098 -1 -1
2011.76196289 -1 0
2012.58398438 -1 1
2013.19299316 0 1
2013.80505371 1 1
2014.59594727 1 0
2015.36206055 0 0
2015.98205566 0 1
2016.69897461 1 1
2017.44799805 1 0
2018.18603516 0 0
2018.86499023 0 1
2019.71801758 1 1
2020.49401855 1 0
2021.13793945 0 0
2021.96105957 0 1
2022.69104004 1 1
2023.38903809 1 0
2024.10205078 1 1
2024.75195312 1 0
2025.42602539 1 1
2026.11401367 1 0
2026.78601074 1 1
2027.52697754 1 0
2028.35900879 1 1
2029.05395508 1 0
2029.72998047 1 1
2030.58996582 1 0
2031.28100586 1 1
2032.12097168 1 2
2032.89099121 1 1
2033.69299316 1 0
2034.36694336 1 1
2035.25402832 1 0
2035.9909668 1 1
2036.85998535 1 0
2037.60998535 1 1
2038.25097656 1 0
2038.90795898 1 1
2039.56896973 1 0
2040.22094727 1 1
2041.06994629 1 0
2041.92199707 1 1
2042.61694336 1 0
2043.43395996 1 1
2044.15905762 1 0
2044.82995605 1 1
2045.65905762 1 0
2046.37304688 1 1
2047.05700684 1 0
2047.68701172 1 1
2048.33789062 1 0
2048.9440918 1 1
2049.64599609 2 1
2050.46606445 1 1
2051.19604492 2 1
2052.0859375 1 1
2052.91992188 2 1
2053.81689453 1 1
2054.52709961 0 1
2055.17089844 1 1
2055.83691406 0 1
2056.47290039 1 1
2057.22509766 0 1
2058.09008789 1 1
2058.76293945 0 1
2059.38500977 1 1
2060.08398438 0 1
2060.69604492 1 1
2061.58398438 0 1
2062.24609375 1 1
2062.86108398 0 1
2063.67993164 1 1
2064.51489258 0 1
2065.39111328 1 1
2066.26391602 0 1
2067.10498047 0 2
2067.87109375 0 1
2068.66601562 0 2
2069.53491211 0 1
2070.23291016 0 2
2071.04003906 0 1
2071.9050293 0 0
2072.63891602 0 1
2073.49511719 0 0
2074.10205078 0 1
2074.74804688 0 0
2075.35791016 0 1
2076.23193359 0 0
2077.01708984 0 1
2077.89111328 0 0
2078.49389648 0 1
2079.15209961 1 1
2080.02587891 0 1
2080.63305664 1 1
2081.39599609 0 1
2082.02490234 1 1
2082.69189453 0 1
2083.29711914 1 1
2083.93798828 0 1
2084.56591797 1 1
2085.37988281 0 1
2086.21704102 1 1
2086.97509766 0 1
2087.83105469 1 1
2088.66699219 0 1
2089.35888672 1 1
2090.15795898 1 2
2090.93994141 1 1
2091.7980957 1 0
2092.68798828 1 1
2093.51806641 1 0
2094.18896484 1 1
2094.9519043 1 0
2095.79101562 1 1
2096.51708984 1 0
2097.31201172 1 1
2097.95996094 1 0
2098.62988281 1 1
2099.23291016 1 0
2100.0090332 1 1
2100.83691406 1 0
2101.54003906 1 1
2102.40893555 1 0
2103.19702148 1 1
2104.03710938 1 0
2104.7980957 1 1
2105.41796875 1 0
2106.12792969 1 1
2106.95800781 1 0
2107.6730957 1 1
2108.32006836 1 0
2109.16601562 1 1
2109.85888672 1 0
2110.75097656 1 1
2111.41210938 1 0
2112.3059082 1 1
2113.05102539 1 0
2113.77709961 1 1
2114.56298828 1 0
2115.17089844 1 1
2115.7980957 1 0
2116.51708984 1 1
2117.26489258 1 0
2117.90991211 1 1
2118.57006836 1 0
2119.28198242 1 1
2120.02001953 1 0
2120.65893555 2 0
2121.3840332 1 0
2122.01708984 2 0
2122.63598633 1 0
2123.44604492 2 0
2124.21606445 1 0
2124.88110352 2 0
2125.70996094 1 0
2126.50195312 2 0
2127.10693359 1 0
2127.74389648 0 0
2128.47998047 1 0
2129.34106445 0 0
2129.97290039 1 0
2130.74389648 0 0
2131.5480957 1 0
2132.25390625 0 0
2133.04003906 1 0
2133.88598633 0 0
2134.63305664 1 0
2135.37402344 0 0
2136.18896484 1 0
2136.84106445 0 0
2137.50708008 1 0
2138.30493164 0 0
2138.93603516 1 0
2139.83398438 2 0
2140.55908203 1 0
2141.31396484 2 0
2142.18994141 1 0
2142.89306641 1 -1
2143.62011719 0 -1
2144.28393555 -1 -1
2144.91796875 -1 0
2145.70092773 -1 -1
2146.35107422 -1 0
2146.99707031 -1 1
2147.86499023 0 1
2148.73388672 1 1
2149.35205078 1 0
2150.21704102 1 -1
2150.90087891 0 -1
2151.73803711 -1 -1
2152.34594727 -1 0
2153.24194336 -1 1
2153.98291016 0 1
2154.625 1 1
2155.25195312 1 0
2155.94311523 1 -1
2156.66992188 0 -1
2157.51000977 -1 -1
2158.13110352 -1 0
2158.7800293 -1 1
2159.58789062 0 1
2160.45507812 1 1
2161.21191406 1 0
2161.92895508 1 -1
2162.64111328 0 -1
2163.27392578 -1 -1
2163.91088867 -1 0
2164.75488281 -1 1
2165.54394531 0 1
2166.33105469 1 1
2167.06494141 1 0
2167.86010742 1 -1
2168.54101562 0 -1
2169.37109375 -1 -1
2170.01196289 0 -1
2170.81298828 -1 -1
2171.54296875 0 -1
2172.20898438 1 -1
2172.90209961 0 -1
2173.55200195 1 -1
2174.2980957 0 -1
2175.09790039 1 -1
2175.75610352 0 -1
2176.6550293 1 -1
2177.54907227 0 -1
2178.42895508 1 -1
2179.2590332 0 -1
2180.01806641 -1 -1
2180.78295898 0 -1
2181.51708984 -1 -1
2182.29492188 0 -1
2182.93994141 -1 -1
2183.68408203 0 -1
2184.43505859 -1 -1
2185.23388672 0 -1
2185.88989258 -1 -1
2186.69799805 0 -1
2187.33203125 -1 -1
2188.13891602 0 -1
2188.85302734 -1 -1
2189.73095703 0 -1
2190.50292969 -1 -1
2191.39111328 0 -1
2192.26489258 0 -2
2193.1340332 0 -1
2193.91210938 0 -2
2194.64404297 0 -1
2195.46191406 0 0
2196.14892578 0 -1
2196.99389648 0 0
2197.80395508 0 -1
2198.52294922 0 0
2199.29907227 0 -1
2200.15405273 0 0
2200.99902344 0 -1
2201.625 0 0
2202.46191406 0 -1
2203.19311523 0 0
2203.87402344 0 -1
2204.51806641 0 -2
2205.21801758 0 -1
2205.89794922 0 -2
2206.67993164 0 -1
2207.5300293 0 0
2208.33300781 0 -1
2209.22290039 -1 -1
2209.99804688 -1 0
2210.6550293 -1 1
2211.31201172 0 1
2212.01806641 1 1
2212.67089844 1 0
2213.43408203 1 -1
2214.14306641 1 0
2214.8840332 1 -1
2215.77905273 1 0
2216.47290039 1 -1
2217.23901367 1 0
2217.87207031 1 -1
2218.5480957 1 0
2219.36303711 1 -1
2220.20410156 1 0
2220.99804688 2 0
2221.87402344 1 0
2222.70800781 2 0
2223.51489258 1 0
2224.26293945 1 1
2225.11694336 1 0
2225.8840332 1 1
2226.625 1 0
2227.35009766 1 1
2228.16308594 1 0
2228.99511719 1 1
2229.67407227 1 2
2230.53295898 1 1
2231.35888672 1 0
2232.02001953 1 1
2232.73608398 1 0
2233.62207031 1 1
2234.52099609 1 0
2235.13110352 1 1
2235.89404297 1 0
2236.60498047 1 1
2237.3190918 1 0
2238.20507812 1 1
2239.09106445 1 0
2239.77197266 1 1
2240.56811523 1 0
2241.2890625 1 1
2241.93188477 1 2
2242.71899414 1 1
2243.55810547 1 0
2244.26611328 1 1
2245.0559082 1 0
2245.90209961 1 1
2246.58105469 1 0
2247.2590332 1 1
2247.98388672 1 0
2248.625 1 1
2249.28198242 1 0
2249.97412109 1 1
2250.77490234 1 0
2251.60498047 1 1
2252.33789062 1 0
2252.95092773 1 1
2253.82397461 1 0
2254.53491211 1 1
2255.19702148 1 0
2255.91210938 2 0
2256.6340332 1 0
2257.46801758 2 0
2258.25195312 1 0
2258.97290039 0 0
2259.71508789 1 0
2260.41992188 0 0
2261.27587891 1 0
2261.93310547 0 0
2262.81494141 1 0
2263.59204102 0 0
2264.19311523 1 0
2264.97412109 2 0
2265.86010742 1 0
2266.53198242 0 0
2267.39404297 1 0
2268.10791016 0 0
2268.73510742 1 0
2269.53100586 0 0
2270.42089844 1 0
2271.08911133 1 -1
2271.84594727 0 -1
2272.53491211 1 -1
2273.38696289 0 -1
2274.15405273 1 -1
2275.04907227 0 -1
2275.84008789 1 -1
2276.72412109 0 -1
2277.43896484 1 -1
2278.07104492 0 -1
2278.69189453 1 -1
2279.39990234 0 -1
2280.12402344 1 -1
2280.93505859 0 -1
2281.70898438 1 -1
2282.48999023 0 -1
2283.35302734 1 -1
2284.09912109 0 -1
2284.95288086 -1 -1
2285.59106445 -1 0
2286.37695312 -1 1
2287.2199707 0 1
2288.10595703 1 1
2289.00610352 1 0
2289.62988281 1 -1
2290.52001953 0 -1
2291.31591797 -1 -1
2292.12304688 -1 0
2292.84301758 -1 1
2293.65600586 0 1
2294.54394531 1 1
2295.38793945 0 1
2296.12402344 1 1
2296.94897461 0 1
2297.63891602 1 1
2298.31298828 0 1
2299.16601562 1 1
2299.7980957 0 1
2300.63696289 1 1
2301.53393555 0 1
2302.4309082 1 1
2303.14111328 0 1
2303.83398438 0 2
2304.66210938 0 1
2305.35205078 0 2
2305.97900391 0 1
2306.80297852 -1 1
2307.49902344 0 1
2308.39208984 -1 1
2309.24389648 0 1
2310.06396484 -1 1
2310.73193359 -1 0
2311.47802734 -2 0
2312.24902344 -1 0
2312.93603516 -2 0
2313.78393555 -1 0
2314.64990234 0 0
2315.37011719 -1 0
2316.01611328 0 0
2316.89599609 -1 0
2317.53491211 0 0
2318.16088867 -1 0
2318.94897461 0 0
2319.84106445 -1 0
2320.53198242 0 0
2321.41503906 -1 0
2322.12695312 0 0
2323.01293945 -1 0
2323.67895508 0 0
2324.34912109 -1 0
2325.02807617 -1 -1
2325.64306641 0 -1
2326.27807617 -1 -1
2327.04589844 -1 0
2327.84106445 -1 1
2328.5300293 -1 0
2329.2199707 -1 -1
2329.88208008 -1 0
2330.66210938 -1 -1
2331.34106445 -1 0
2332.09106445 -1 1
2332.92993164 -1 0
2333.65893555 -1 -1
2334.38793945 -1 0
2335.07397461 -1 1
2335.74902344 -1 0
2336.54907227 -1 -1
2337.27099609 -1 0
2337.97607422 -1 1
2338.72509766 -1 0
2339.59912109 -1 -1
2340.21899414 -1 0
2341.04711914 -1 1
2341.92993164 -1 0
2342.65087891 -1 -1
2343.27807617 -1 0
2343.92407227 -1 1
2344.64404297 -1 0
2345.5390625 -1 -1
2346.27807617 -1 0
2347.10498047 -1 1
2347.90698242 -1 0
2348.55493164 -1 1
2349.43994141 -1 0
2350.20898438 -2 0
2351.05688477 -1 0
2351.73510742 -2 0
2352.5300293 -1 0
2353.26806641 -2 0
2354.07910156 -1 0
2354.7800293 -1 1
2355.47509766 -1 0
2356.10400391 -1 -1
2356.73388672 -1 0
2357.43701172 -1 -1
2358.11206055 -1 0
2358.81396484 -1 1
2359.61694336 -1 0
2360.30395508 -1 -1
2360.96289062 -1 0
2361.77001953 -1 1
2362.54711914 -1 0
2363.30102539 -1 -1
2364.16992188 -1 0
2364.96191406 -1 1
2365.70507812 -1 0
2366.59399414 -1 1
2367.38500977 -1 0
2368.02001953 -1 -1
2368.76806641 -1 0
2369.49389648 -1 -1
2370.20507812 -1 0
2370.88208008 -1 1
2371.71411133 -1 0
2372.56494141 -1 -1
2373.40087891 -1 0
2374.13696289 -1 1
2374.96411133 -1 0
2375.73510742 -1 -1
2376.625 -1 0
2377.34912109 -1 1
2378.16210938 -1 0
2378.81811523 -1 1
2379.47607422 -1 0
2380.09912109 -1 -1
2380.9140625 -1 0
2381.6940918 -1 1
2382.50488281 -1 0
2383.30810547 -1 -1
2384.05688477 -1 0
2384.88110352 -1 -1
2385.54492188 -1 0
2386.42211914 -1 1
2387.13793945 -1 0
2387.94897461 -2 0
2388.66796875 -1 0
2389.32495117 -2 0
2390.2019043 -1 0
2390.86401367 0 0
2391.6159668 -1 0
2392.5090332 0 0
2393.26806641 -1 0
2394.05810547 0 0
2394.87890625 -1 0
2395.54907227 0 0
2396.16210938 -1 0
2396.83203125 0 0
2397.45092773 -1 0
2398.11791992 0 0
2398.96411133 -1 0
2399.61206055 0 0
