0.500999987125 0 -3
1.27600002289 0 -3
1.98800003529 -1 -3
2.72300004959 -2 -3
3.5680000782 -1 -3
4.38899993896 -2 -3
5.23000001907 -3 -3
r
5.94500017166 -2 -2
6.82800006866 -3 -2
7.44600009918 -3 -2
8.08399963379 -3 -2
8.77799987793 -3 -2
9.54599952698 -3 -2
10.1829996109 -3 -2
10.9530000687 -3 -2
11.8149995804 -3 -2
12.6339998245 -3 -2
13.248000145 -3 -2
14.0200004578 -3 -2
14.9029998779 -3 -3
r
15.7840003967 2 -2
16.3920001984 1 -2
17.0450000763 1 -3
17.718000412 1 -3
18.533000946 0 -3
19.4099998474 -1 -3
20.2339992523 -1 -3
21.1040000916 -1 -3
21.9799995422 -1 -3
22.8010005951 -1 -3
23.4370002747 -1 -3
24.2220001221 -1 -3
25.0979995728 -1 -3
25.8600006104 -2 -3
26.6989994049 -2 -3
27.4430007935 -2 -3
28.2399997711 -2 -3
29.0389995575 -3 -3
r
29.857000351 -2 2
30.7250003815 -2 1
31.4950008392 -2 0
32.3460006714 -2 -1
33.1800003052 -3 -1
34.0110015869 -3 -2
34.8569984436 -3 -3
r
35.6409988403 2 2
36.3950004578 2 1
37.2659988403 3 1
37.9109992981 3 1
38.7130012512 2 1
39.4280014038 1 1
40.1479988098 1 0
41.0239982605 0 0
41.7620010376 -1 0
42.5909996033 -1 -1
43.2379989624 -1 -2
44.0270004272 -1 -3
44.6710014343 -1 -3
45.4199981689 -1 -3
46.2060012817 -2 -3
46.8730010986 -2 -3
47.5509986877 -2 -3
48.4020004272 -2 -3
49.1500015259 -2 -3
49.7649993896 -3 -3
r
50.6619987488 -2 -2
51.4630012512 -3 -2
52.2529983521 -3 -3
r
52.90599823 2 -2
53.7799987793 1 -2
54.658000946 0 -2
55.2929992676 -1 -2
55.9210014343 -1 -3
56.7900009155 -1 -3
57.6699981689 -2 -3
58.361000061 -3 -3
r
59.1279983521 -2 2
59.9990005493 -2 1
60.6839981079 -2 0
61.5340003967 -2 -1
62.2579994202 -2 -2
63.111000061 -3 -2
63.8510017395 -3 -3
r
64.6429977417 2 2
65.4710006714 1 2
66.3079986572 1 1
66.9349975586 1 2
67.6699981689 1 1
68.5070037842 2 1
69.3259963989 2 2
69.9469985962 2 3
70.7610015869 2 3
71.6269989014 3 3
r
72.3479995728 -2 -2
73.1090011597 -2 -3
73.90599823 -3 -3
r
74.6240005493 2 -2
75.5120010376 1 -2
76.2699966431 0 -2
77.1299972534 -1 -2
77.8980026245 -2 -2
78.7929992676 -3 -2
79.6340026855 -3 -3
r
80.5 -2 2
81.31199646 -2 1
82.1309967041 -2 0
82.7880020142 -2 -1
83.5100021362 -2 -2
84.31199646 -3 -2
85.1190032959 -3 -3
r
85.9980010986 2 2
86.8740005493 3 2
87.75 3 2
88.4039993286 3 2
89.141998291 3 2
89.7900009155 3 2
90.5230026245 3 2
91.1790008545 3 2
92.0329971313 3 2
92.7170028687 3 2
93.5729980469 3 2
94.375 3 2
95.2630004883 3 1
96.0059967041 3 2
96.7600021362 3 3
r
97.4469985962 -2 -2
98.3450012207 -2 -3
99.1340026855 -3 -3
r
99.9390029907 2 -2
100.792999268 1 -2
101.569999695 0 -2
102.380996704 -1 -2
103.266998291 -2 -2
104.124000549 -3 -2
104.82900238 -3 -3
r
105.665000916 -2 2
106.279998779 -2 1
106.943000793 -2 0
107.762001038 -2 -1
108.402000427 -2 -2
109.124000549 -2 -3
109.835998535 -3 -3
r
110.67199707 2 2
111.275001526 2 3
111.972000122 2 3
112.695999146 3 3
r
113.388000488 -2 -2
114.26499939 -3 -2
115.09400177 -3 -3
r
115.987998962 2 -2
116.591003418 1 -2
117.391998291 0 -2
118.022003174 -1 -2
118.768997192 -1 -3
119.522003174 -2 -3
120.292999268 -3 -3
r
120.906997681 -2 2
121.763999939 -2 1
122.544998169 -2 0
123.305999756 -2 -1
123.972999573 -2 -2
124.779998779 -3 -2
125.476997375 -3 -3
r
126.337997437 2 2
127.069999695 3 2
127.720001221 3 2
128.580001831 3 2
129.236999512 3 2
130.095993042 3 2
130.901992798 3 2
131.557006836 3 2
132.309997559 3 2
133.100997925 3 2
133.723007202 3 3
r
134.466995239 -2 -2
135.17300415 -2 -3
135.917007446 -3 -3
r
136.602996826 2 -2
137.333999634 1 -2
138.121002197 0 -2
138.99899292 -1 -2
139.744995117 -2 -2
140.401000977 -3 -2
141.044998169 -3 -3
r
141.858001709 -2 2
142.744003296 -2 1
143.464996338 -2 0
144.080993652 -2 -1
144.891998291 -2 -2
145.636001587 -3 -2
146.248001099 -3 -3
r
147.009002686 2 2
147.753005981 3 2
148.570007324 3 3
r
149.23500061 -2 -2
149.878005981 -2 -3
150.574996948 -3 -3
r
151.375 2 -2
152.244995117 1 -2
152.996002197 0 -2
153.863006592 -1 -2
154.563995361 -2 -2
155.380996704 -3 -2
156.044998169 -3 -3
r
156.781997681 -2 2
157.651992798 -2 1
158.309005737 -2 0
159.121994019 -2 -1
159.923995972 -2 -2
160.738998413 -2 -3
161.389007568 -3 -3
r
162.033996582 2 2
162.764007568 3 2
163.380996704 3 3
r
164.029006958 -2 -2
164.820999146 -3 -2
165.507003784 -3 -3
r
166.123001099 2 -2
166.843002319 2 -1
167.656005859 2 0
168.302001953 2 1
169.158996582 2 2
169.796005249 3 2
170.56300354 3 3
r
171.440994263 -2 2
172.085006714 -2 1
172.934997559 -2 0
173.673995972 -2 -1
174.449005127 -2 -2
175.320007324 -2 -3
176.052001953 -3 -3
r
176.865997314 2 2
177.479003906 3 2
178.309005737 3 3
r
179.039001465 -2 -2
179.791000366 -3 -2
180.684005737 -3 -3
r
181.412002563 2 -2
182.063995361 2 -1
182.863006592 2 0
183.488998413 2 1
184.149002075 2 2
184.863006592 2 3
185.565002441 2 3
186.225006104 3 3
r
186.951004028 -2 2
187.774002075 -1 2
188.56199646 0 2
189.352996826 1 2
190.020004272 2 2
190.710998535 3 2
191.483001709 3 3
r
192.367996216 2 2
193.009994507 2 3
193.904006958 2 3
194.576004028 3 3
r
195.214996338 -2 -2
195.867996216 -2 -3
196.501998901 -3 -3
r
197.195007324 2 -2
197.994003296 2 -1
198.643997192 2 0
199.358001709 2 1
199.99899292 2 2
200.835006714 3 2
201.694000244 3 3
r
202.565002441 -2 2
203.287002563 -1 2
203.998001099 0 2
204.738998413 1 2
205.492996216 2 2
206.156005859 2 3
206.908004761 3 3
r
207.654006958 2 2
208.38999939 3 2
209.281005859 3 3
r
210.158996582 -2 -2
210.82800293 -3 -2
211.679000854 -3 -3
r
212.43699646 2 -2
213.277999878 2 -1
214.12399292 2 0
214.785995483 2 1
215.610992432 2 2
216.281005859 2 3
216.975997925 3 3
r
217.699005127 -2 2
218.343994141 -1 2
218.970001221 0 2
219.664993286 1 2
220.533996582 2 2
221.225997925 3 2
221.955001831 3 3
r
222.759994507 2 2
223.425003052 2 3
224.160003662 3 3
r
225.001998901 -2 -2
225.865997314 -2 -3
226.496994019 -3 -3
r
227.130996704 2 -2
227.794998169 2 -1
228.42199707 2 0
229.063995361 2 1
229.845001221 2 2
230.533004761 3 2
231.276000977 3 3
r
231.996002197 -2 2
232.88999939 -1 2
233.707992554 0 2
234.574996948 1 2
235.404998779 2 2
236.108001709 2 3
236.811004639 3 3
r
237.662994385 2 2
238.554992676 3 2
239.292999268 3 3
r
240.085998535 -2 -2
240.934005737 -3 -2
241.694000244 -3 -3
r
242.365997314 2 -2
243.214996338 2 -1
244.087997437 2 0
244.910003662 2 1
245.539001465 2 2
246.272994995 3 2
246.889007568 3 3
r
247.785995483 -2 2
248.677001953 -1 2
249.548995972 0 2
250.38999939 1 2
251.128005981 2 2
251.936004639 3 2
252.541000366 3 3
r
253.393005371 2 2
254.020996094 2 3
254.744995117 3 3
r
255.526000977 -2 -2
256.244995117 -2 -3
256.941986084 -3 -3
r
257.837005615 2 -2
258.731994629 2 -1
259.519012451 2 0
260.371002197 2 1
261.143005371 2 2
261.997009277 3 2
262.865997314 3 3
r
263.75201416 -2 2
264.45401001 -1 2
265.208007812 0 2
265.945007324 1 2
266.75 2 2
267.514007568 2 3
268.188995361 3 3
r
269.062988281 2 2
269.946990967 3 2
270.678985596 3 3
r
271.417999268 -2 -2
272.303009033 -3 -2
273.049987793 -3 -3
r
273.695007324 2 -2
274.345001221 2 -1
275.222991943 2 0
275.898986816 2 1
276.79699707 2 2
277.411010742 3 2
278.092010498 3 3
r
278.699005127 -2 2
279.565002441 -1 2
280.416992188 0 2
281.075012207 1 2
281.690002441 2 2
282.584991455 3 2
283.332000732 3 3
r
284.167999268 2 2
284.825012207 2 3
285.523986816 3 3
r
286.341003418 -2 -2
287.074005127 -2 -3
287.968994141 -3 -3
r
288.868011475 2 -2
289.562011719 2 -1
290.300994873 2 0
291.061004639 2 1
291.707000732 2 2
292.367004395 3 2
293.24798584 3 3
r
294.106994629 -2 2
294.884002686 -1 2
295.531005859 0 2
296.148010254 1 2
296.960998535 2 2
297.67199707 3 2
298.372009277 3 3
r
299.191986084 2 2
299.846008301 3 2
300.696014404 3 3
r
301.411987305 -2 -2
302.217987061 -3 -2
303.110992432 -3 -3
r
303.863006592 2 -2
304.579986572 2 -1
305.243988037 2 0
305.867004395 2 1
306.584014893 2 2
307.428985596 3 2
308.161010742 3 3
r
309.015991211 -2 2
309.845001221 -1 2
310.515014648 0 2
311.188995361 1 2
311.971008301 2 2
312.812988281 3 2
313.506988525 3 3
r
314.394989014 2 2
315.141998291 3 2
315.864990234 3 3
r
316.714996338 -2 -2
317.473999023 -2 -3
318.20098877 -3 -3
r
319.071990967 2 -2
319.713012695 2 -1
320.390014648 2 0
321.153991699 2 1
322.040008545 2 2
322.787994385 3 2
323.674987793 3 3
r
324.350006104 -2 2
325.074005127 -1 2
325.746002197 0 2
326.394012451 1 2
327.109985352 2 2
327.962005615 3 2
328.733001709 3 3
r
329.360992432 2 2
330.179992676 3 2
330.848999023 3 3
r
331.726013184 -2 -2
332.372009277 -3 -2
332.989013672 -3 -3
r
333.794006348 2 -2
334.622009277 2 -1
335.256011963 2 0
336.023010254 2 1
336.915008545 2 2
337.678009033 3 2
338.437988281 3 3
r
339.139007568 -2 2
339.850006104 -1 2
340.506011963 0 2
341.321990967 1 2
342.204986572 2 2
343.019989014 3 2
343.677001953 3 3
r
344.303009033 2 2
345.12298584 3 2
345.852996826 3 3
r
346.739990234 -2 -2
347.628997803 -2 -3
348.485992432 -3 -3
r
349.088012695 2 -2
349.837005615 2 -1
350.669006348 2 0
351.37399292 2 1
352.157012939 2 2
353.013000488 3 2
353.897003174 3 3
r
354.67098999 -2 2
355.467010498 -1 2
356.07901001 0 2
356.709014893 1 2
357.566009521 2 2
358.308990479 3 2
359.007995605 3 3
r
359.864990234 2 2
360.613006592 3 2
361.460998535 3 3
r
362.347991943 -2 -2
362.989013672 -2 -3
363.621002197 -3 -3
r
364.375 2 -2
364.984985352 2 -1
365.824005127 2 0
366.473999023 2 1
367.20300293 3 1
368.033996582 3 2
368.759002686 3 3
r
369.381011963 -2 2
370.002990723 -1 2
370.730987549 0 2
371.428009033 1 2
372.07699585 2 2
372.942993164 3 2
373.705993652 3 3
r
374.343994141 2 2
374.981994629 3 2
375.595001221 3 3
r
376.294006348 -2 -2
377.118011475 -2 -3
377.752990723 -3 -3
r
378.555999756 2 -2
379.393005371 2 -1
380.093994141 2 0
380.966003418 2 1
381.635986328 2 2
382.361999512 3 2
383.119995117 3 3
r
384.013000488 -2 2
384.721984863 -1 2
385.584014893 0 2
386.247009277 1 2
386.917999268 2 2
387.729003906 3 2
388.618988037 3 3
r
389.321990967 2 2
390.089996338 3 2
390.963012695 3 3
r
391.790985107 -2 -2
392.511993408 -3 -2
393.368011475 -3 -3
r
394.160003662 2 -2
394.87701416 2 -1
395.682006836 2 0
396.489990234 2 1
397.235992432 2 2
397.928009033 3 2
398.558013916 3 3
r
399.433013916 -2 2
400.165008545 -1 2
400.893005371 0 2
401.497009277 1 2
402.294006348 2 2
402.941009521 3 2
403.708007812 3 3
r
404.429992676 2 2
405.196990967 3 2
405.841003418 3 3
r
406.725006104 -2 -2
407.589996338 -2 -3
408.401000977 -3 -3
r
409.022003174 2 -2
409.824005127 2 -1
410.445007324 2 0
411.32598877 2 1
412.042999268 2 2
412.863006592 3 2
413.62399292 3 3
r
414.476989746 -2 2
415.097991943 -1 2
415.834014893 0 2
416.635009766 1 2
417.406005859 2 2
418.132995605 3 2
418.967010498 3 3
r
419.821014404 2 2
420.476989746 3 2
421.329986572 3 3
r
422.105987549 -2 -2
422.959014893 -3 -2
423.817993164 -3 -3
r
424.42199707 2 -2
425.283996582 2 -1
426.095001221 2 0
426.855010986 2 1
427.467010498 3 1
428.100006104 3 2
428.740997314 3 3
r
429.395996094 -2 2
430.04901123 -1 2
430.822998047 0 2
431.457000732 1 2
432.355010986 2 2
433.243011475 3 2
434.055999756 3 3
r
434.812988281 2 2
435.669006348 3 2
436.289001465 3 3
r
437.144012451 -2 -2
437.941986084 -2 -3
438.782989502 -3 -3
r
439.611999512 2 -2
440.454986572 2 -1
441.283996582 2 0
442.144012451 2 1
442.898010254 2 2
443.760009766 3 2
444.399993896 3 3
r
445.214996338 -2 2
445.898010254 -1 2
446.678009033 0 2
447.295013428 1 2
447.992004395 2 2
448.881988525 3 2
449.756011963 3 3
r
450.472991943 2 2
451.222991943 3 2
452.07800293 3 3
r
452.820007324 -2 -2
453.632995605 -3 -2
454.459991455 -3 -3
r
455.334014893 2 -2
456.006988525 2 -1
456.851013184 2 0
457.601989746 2 1
458.463989258 2 2
459.218994141 3 2
460.050994873 3 3
r
460.928985596 -2 2
461.825012207 -1 2
462.54800415 0 2
463.42300415 1 2
464.122009277 2 2
464.983001709 3 2
465.868011475 3 3
r
466.717987061 2 2
467.541992188 3 2
468.234008789 3 3
r
468.967010498 -2 -2
469.856994629 -2 -3
470.466003418 -3 -3
r
471.153991699 2 -2
471.993011475 2 -1
472.731994629 2 0
473.442993164 2 1
474.294006348 3 1
475.12701416 3 2
475.92401123 3 3
r
476.643005371 -2 2
477.369995117 -1 2
477.986999512 0 2
478.881988525 1 2
479.680999756 2 2
480.507995605 3 2
481.381988525 3 3
r
482.044006348 2 2
482.712005615 3 2
483.322998047 3 3
r
483.989013672 -2 -2
484.743988037 -3 -2
485.510986328 -3 -3
r
486.143005371 2 -2
486.803009033 2 -1
487.537994385 2 0
488.347991943 2 1
489.153015137 2 2
490.026000977 3 2
490.800994873 3 3
r
491.403015137 -2 2
492.088012695 -1 2
492.740997314 0 2
493.562988281 1 2
494.214996338 2 2
495.050994873 3 2
495.924987793 3 3
r
496.70300293 2 2
497.472991943 3 2
498.092010498 3 3
r
498.808990479 -2 -2
499.640014648 -2 -3
500.264007568 -3 -3
r
501.138000488 2 -2
501.742004395 2 -1
502.356994629 2 0
503.192993164 2 1
503.87701416 3 1
504.669006348 3 2
505.454986572 3 3
r
506.272003174 -2 2
507.131988525 -1 2
507.807006836 0 2
508.514007568 1 2
509.403991699 2 2
510.098999023 3 2
510.708007812 3 3
r
511.494995117 2 2
512.135009766 3 2
512.888000488 3 3
r
513.67401123 -2 -2
514.411010742 -3 -2
515.294006348 -3 -3
r
515.905029297 2 -2
516.594970703 2 -1
517.463989258 2 0
518.163024902 2 1
518.898986816 3 1
519.588012695 3 2
520.416992188 3 3
r
521.306030273 -2 2
522.15802002 -1 2
522.859985352 0 2
523.637023926 1 2
524.411987305 2 2
525.013000488 3 2
525.874023438 3 3
r
526.494018555 2 2
527.343994141 3 2
528.213989258 3 3
r
529.059997559 -2 -2
529.721984863 -2 -3
530.497009277 -3 -3
r
531.101013184 2 -2
531.776977539 2 -1
532.497009277 2 0
533.356018066 2 1
534.218017578 3 1
534.914978027 3 2
535.687011719 3 3
r
536.463989258 -2 2
537.228027344 -1 2
537.880004883 0 2
538.507019043 1 2
539.20098877 2 2
539.960021973 3 2
540.713989258 3 3
r
541.400024414 2 2
542.28302002 3 2
543.026000977 3 3
r
543.757995605 -2 -2
544.465026855 -3 -2
545.179992676 -3 -3
r
545.831970215 2 -2
546.463012695 2 -1
547.278991699 2 0
548.043029785 2 1
548.768005371 3 1
549.487976074 3 2
550.182006836 3 3
r
551.052978516 -2 2
551.882995605 -1 2
552.70098877 0 2
553.577026367 1 2
554.232971191 2 2
555.031982422 3 2
555.716003418 3 3
r
556.367004395 2 2
557.057006836 3 2
557.695007324 3 3
r
558.585021973 -2 -2
559.481994629 -2 -3
560.322021484 -3 -3
r
561.216003418 2 -2
561.90802002 2 -1
562.802978516 2 0
563.559020996 2 1
564.346984863 3 1
564.981994629 3 2
565.815002441 3 3
r
566.432983398 -2 2
567.164978027 -1 2
568.008972168 0 2
568.70098877 1 2
569.573974609 2 2
570.244995117 3 2
570.994018555 3 3
r
571.875 2 2
572.734985352 3 2
573.531005859 3 3
r
574.354980469 -2 -2
575.109008789 -2 -3
575.804016113 -3 -3
r
576.672973633 2 -2
577.364013672 2 -1
578.184020996 2 0
578.979980469 2 1
579.609985352 3 1
580.280029297 3 2
581.093017578 3 3
r
581.945007324 -2 2
582.684997559 -1 2
583.401000977 0 2
584.043029785 1 2
584.814025879 2 2
585.523010254 3 2
586.16998291 3 3
r
586.911987305 2 2
587.53302002 3 2
588.388000488 3 3
r
589.119018555 -2 -2
589.741027832 -2 -3
590.625 -3 -3
r
591.380004883 2 -2
592.255981445 2 -1
593.116027832 2 0
593.918029785 2 1
594.802001953 3 1
595.520019531 3 2
596.369995117 3 3
r
597.161987305 -2 2
598.054016113 -1 2
598.890991211 0 2
599.611022949 1 2
600.418029785 2 2
601.190979004 3 2
601.840026855 3 3
r
602.476989746 2 2
603.107971191 3 2
603.856018066 3 3
r
604.616027832 -2 -2
605.507019043 -2 -3
606.385009766 -3 -3
r
607.148010254 2 -2
608.020019531 2 -1
608.672973633 2 0
609.366027832 2 1
610.031982422 3 1
610.708007812 3 2
611.57800293 3 3
r
612.260009766 -2 2
612.986022949 -1 2
613.723999023 0 2
614.577026367 1 2
615.458007812 2 2
616.325012207 3 2
617.103027344 3 3
r
617.882995605 2 2
618.736022949 3 2
619.573974609 3 3
r
620.385009766 -2 -2
621.208007812 -2 -3
621.901000977 -3 -3
r
622.690002441 2 -2
623.520996094 2 -1
624.281982422 2 0
624.960998535 2 1
625.567016602 3 1
626.435974121 3 2
627.271972656 3 3
r
627.906005859 -2 2
628.79498291 -1 2
629.418029785 0 2
630.153991699 1 2
630.911010742 2 2
631.723022461 3 2
632.419006348 3 3
r
633.213989258 2 2
634.072021484 3 2
634.947998047 3 3
r
635.778015137 -2 -2
636.395019531 -2 -3
637.052001953 -3 -3
r
637.802978516 2 -2
638.62902832 2 -1
639.244995117 2 0
640.007995605 2 1
640.739990234 3 1
641.510009766 3 2
642.304992676 3 3
r
643.174987793 -2 2
644.052001953 -1 2
644.825012207 0 2
645.692016602 1 2
646.322021484 2 2
647.036987305 3 2
647.685974121 3 3
r
648.398986816 2 2
649.140991211 3 2
649.814025879 3 3
r
650.588012695 -2 -2
651.369995117 -2 -3
652.111999512 -3 -3
r
652.971984863 2 -2
653.689025879 2 -1
654.309997559 2 0
654.914001465 2 1
655.734985352 3 1
656.559997559 3 2
657.255004883 3 3
r
658.002990723 -2 2
658.838012695 -1 2
659.440002441 0 2
660.307983398 1 2
661.15802002 2 2
661.986022949 3 2
662.768005371 3 3
r
663.539001465 2 2
664.383972168 3 2
665.179992676 3 3
r
665.866027832 -2 -2
666.538024902 -2 -3
667.184020996 -3 -3
r
667.927001953 2 -2
668.789978027 2 -1
669.633972168 2 0
670.434997559 2 1
671.098022461 3 1
671.937988281 3 2
672.715026855 3 3
r
673.54699707 -2 2
674.213989258 -1 2
674.984008789 0 2
675.851989746 1 2
676.49597168 2 2
677.206970215 3 2
677.835021973 3 3
r
678.520996094 2 2
679.215026855 3 2
680.047973633 3 3
r
680.864990234 -2 -2
681.512023926 -2 -3
682.184020996 -3 -3
r
682.919006348 2 -2
683.568969727 2 -1
684.302001953 2 0
685.091003418 2 1
685.716003418 3 1
686.445007324 3 2
687.047973633 3 3
r
687.931030273 -2 2
688.773986816 -1 2
689.661987305 0 2
690.388977051 1 2
691.135986328 2 2
691.786010742 3 2
692.650024414 3 3
r
693.255004883 2 2
693.87097168 3 2
694.565002441 3 3
r
695.236022949 -2 -2
696.023986816 -2 -3
696.841003418 -3 -3
r
697.528015137 2 -2
698.278991699 2 -1
699.132995605 2 0
699.885986328 2 1
700.556030273 3 1
701.32598877 3 2
702.075012207 3 3
r
702.763000488 -2 2
703.53302002 -1 2
704.289001465 0 2
705.090026855 1 2
705.817016602 2 2
706.564025879 3 2
707.260986328 3 3
r
707.867004395 2 2
708.494995117 3 2
709.289001465 3 3
r
710.018981934 -2 -2
710.869018555 -2 -3
711.502990723 -3 -3
r
712.226989746 2 -2
713.090026855 1 -2
713.71697998 0 -2
714.439025879 -1 -2
715.073974609 -2 -2
715.755004883 -2 -3
716.619018555 -3 -3
r
717.461975098 -2 2
718.168029785 -1 2
718.882019043 0 2
719.640014648 1 2
720.32800293 2 2
721.15802002 3 2
721.942993164 3 3
r
722.625976562 2 2
723.476989746 3 2
724.336975098 3 3
r
725.20501709 -2 -2
726.000976562 -2 -3
726.716003418 -3 -3
r
727.580993652 2 -2
728.409973145 1 -2
729.135986328 0 -2
729.869995117 -1 -2
730.552978516 -2 -2
731.359008789 -2 -3
732.158996582 -3 -3
r
732.999023438 -2 2
733.645996094 -1 2
734.393981934 0 2
735.20501709 1 2
735.989990234 2 2
736.848022461 3 2
737.734985352 3 3
r
738.401977539 2 2
739.07800293 3 2
739.958007812 3 3
r
740.655029297 -2 -2
741.502990723 -2 -3
742.236999512 -3 -3
r
743.117980957 2 -2
743.825012207 1 -2
744.426025391 0 -2
745.164978027 -1 -2
746.028991699 -2 -2
746.70098877 -2 -3
747.478027344 -3 -3
r
748.085021973 -2 2
748.875 -1 2
749.486022949 0 2
750.130981445 1 2
750.875 2 2
751.551025391 3 2
752.231018066 3 3
r
753.068969727 2 2
753.92199707 3 2
754.54901123 3 3
r
755.17401123 -2 -2
756.026000977 -2 -3
756.799987793 -3 -3
r
757.515014648 2 -2
758.218017578 2 -1
758.838989258 2 0
759.5 3 0
760.210021973 3 1
760.981018066 3 2
761.703979492 3 3
r
762.530029297 -2 2
763.145996094 -1 2
763.864990234 0 2
764.685974121 1 2
765.315979004 2 2
766.023010254 3 2
766.817016602 3 3
r
767.640991211 2 2
768.24798584 3 2
769.114013672 3 3
r
769.890991211 -2 -2
770.492004395 -2 -3
771.265014648 -3 -3
r
771.986022949 2 -2
772.672973633 1 -2
773.557006836 0 -2
774.182006836 -1 -2
775.057006836 -2 -2
775.687988281 -2 -3
776.307983398 -3 -3
r
777.08001709 -2 2
777.82598877 -1 2
778.642028809 0 2
779.349975586 1 2
780.239013672 2 2
781.117004395 3 2
782.0 3 3
r
782.609008789 2 2
783.416992188 3 2
784.065002441 3 3
r
784.843994141 -2 -2
785.617980957 -2 -3
786.448974609 -3 -3
r
787.145019531 2 -2
787.934997559 1 -2
788.715026855 0 -2
789.445983887 -1 -2
790.223022461 -2 -2
790.95300293 -2 -3
791.554016113 -3 -3
r
792.354980469 -2 2
793.101013184 -1 2
793.940979004 0 2
794.54498291 1 2
795.396972656 2 2
796.101989746 3 2
796.984008789 3 3
r
797.869995117 2 2
798.67199707 3 2
799.278991699 3 3
r
800.17199707 -2 -2
800.973999023 -2 -3
801.741027832 -3 -3
r
802.614013672 2 -2
803.267028809 2 -1
804.046020508 2 0
804.913024902 3 0
805.585998535 3 1
806.234008789 3 2
806.960021973 3 3
r
807.807006836 -2 2
808.671020508 -1 2
809.486999512 0 2
810.096984863 1 2
810.793029785 2 2
811.635986328 3 2
812.515014648 3 3
r
813.242980957 2 2
814.093017578 3 2
814.848999023 3 3
r
815.520996094 -2 -2
816.232971191 -2 -3
816.929016113 -3 -3
r
817.664001465 2 -2
818.318969727 2 -1
818.958984375 2 0
819.702026367 2 1
820.306030273 3 1
820.969970703 3 2
821.768981934 3 3
r
822.476013184 -2 2
823.106018066 -1 2
823.940979004 0 2
824.765014648 1 2
825.510009766 2 2
826.278015137 3 2
827.072021484 3 3
r
827.943969727 2 2
828.739013672 3 2
829.609985352 3 3
r
830.405029297 -2 -2
831.057006836 -2 -3
831.767028809 -3 -3
r
832.450012207 2 -2
833.052978516 2 -1
833.854003906 2 0
834.700012207 2 1
835.577026367 3 1
836.223999023 3 2
836.948974609 3 3
r
837.788024902 -2 2
838.518981934 -1 2
839.361999512 0 2
840.234008789 1 2
841.041015625 2 2
841.801025391 3 2
842.638000488 3 3
r
843.49597168 2 2
844.15802002 3 2
844.934020996 3 3
r
845.67401123 -2 -2
846.280029297 -2 -3
847.106018066 -3 -3
r
847.934020996 2 -2
848.677001953 2 -1
849.54901123 2 0
850.400024414 3 0
851.153015137 3 1
851.883972168 3 2
852.588012695 3 3
r
853.213989258 -2 2
853.851013184 -1 2
854.460998535 0 2
855.331970215 1 2
856.077026367 2 2
856.716003418 3 2
857.528991699 3 3
r
858.283996582 2 2
859.072021484 3 2
859.890014648 3 3
r
860.67401123 -2 -2
861.383972168 -2 -3
862.16998291 -3 -3
r
863.00402832 2 -2
863.666015625 1 -2
864.382995605 0 -2
865.017028809 -1 -2
865.799987793 -2 -2
866.445007324 -2 -3
867.314025879 -3 -3
r
868.146972656 -2 2
868.888977051 -1 2
869.67199707 0 2
870.440002441 1 2
871.08001709 2 2
871.875976562 3 2
872.518005371 3 3
r
873.20501709 2 2
873.869018555 3 2
874.486022949 3 3
r
875.301025391 -2 -2
876.078979492 -2 -3
876.693969727 -3 -3
r
877.45300293 2 -2
878.135986328 1 -2
878.966003418 0 -2
879.661010742 -1 -2
880.387023926 -2 -2
881.083007812 -2 -3
881.822021484 -3 -3
r
882.653991699 -2 2
883.406005859 -1 2
884.232971191 0 2
884.932006836 1 2
885.62902832 2 2
886.263977051 3 2
886.92401123 3 3
r
887.804992676 2 2
888.593994141 3 2
889.213012695 3 3
r
889.913024902 -2 -2
890.700012207 -2 -3
891.361022949 -3 -3
r
891.989013672 2 -2
892.82800293 2 -1
893.666015625 2 0
894.507019043 3 0
895.309997559 3 1
896.013000488 3 2
896.864990234 3 3
r
897.716003418 -2 2
898.421020508 -1 2
899.176025391 0 2
899.820007324 1 2
900.447998047 2 2
901.104980469 3 2
901.810974121 3 3
r
902.577026367 2 2
903.437988281 3 2
904.268005371 3 3
r
905.132019043 -2 -2
905.818969727 -2 -3
906.718017578 -3 -3
r
907.507995605 2 -2
908.156005859 2 -1
908.914978027 2 0
909.755004883 3 0
910.473022461 3 1
911.34197998 3 2
912.182006836 3 3
r
912.872009277 -2 2
913.609008789 -1 2
914.268981934 0 2
915.117980957 1 2
915.789978027 2 2
916.669006348 3 2
917.375 3 3
r
918.221008301 2 2
919.044006348 3 2
919.776000977 3 3
r
920.590026855 -2 -2
921.445007324 -2 -3
922.158996582 -3 -3
r
922.833984375 2 -2
923.726013184 2 -1
924.556030273 2 0
925.284973145 3 0
926.145019531 3 1
926.793029785 3 2
927.406982422 3 3
r
928.034973145 -2 2
928.664978027 -1 2
929.431030273 0 2
930.299987793 1 2
931.197998047 2 2
931.987976074 3 2
932.807006836 3 3
r
933.562011719 2 2
934.237976074 3 2
934.960998535 3 3
r
935.736022949 -2 -2
936.463989258 -2 -3
937.29901123 -3 -3
r
938.015991211 2 -2
938.903991699 2 -1
939.708984375 2 0
940.348022461 2 1
941.20098877 3 1
942.093017578 3 2
942.760009766 3 3
r
943.510986328 -2 2
944.400024414 -1 2
945.241027832 0 2
946.060974121 1 2
946.956970215 2 2
947.689025879 3 2
948.536010742 3 3
r
949.190002441 2 2
949.827026367 3 2
950.593017578 3 3
r
951.388977051 -2 -2
952.169006348 -2 -3
952.844970703 -3 -3
r
953.619018555 2 -2
954.344970703 2 -1
955.192016602 2 0
956.07598877 3 0
956.828979492 3 1
957.479980469 3 2
958.25402832 3 3
r
959.109008789 -2 2
959.882019043 -1 2
960.747009277 0 2
961.583984375 1 2
962.231994629 2 2
963.036987305 3 2
963.913024902 3 3
r
964.79699707 2 2
965.567016602 3 2
966.346008301 3 3
r
966.989990234 -2 -2
967.646972656 -2 -3
968.344970703 -3 -3
r
969.137023926 2 -2
969.781982422 3 -2
970.405029297 3 -1
971.181030273 3 0
972.020019531 3 1
972.666992188 3 2
973.567016602 3 3
r
974.330993652 -2 2
975.00201416 -1 2
975.677001953 0 2
976.278991699 1 2
977.041015625 2 2
977.877990723 3 2
978.642028809 3 3
r
979.244018555 2 2
979.922973633 3 2
980.62701416 3 3
r
981.437011719 -2 -2
982.164001465 -2 -3
982.960021973 -3 -3
r
983.825012207 2 -2
984.456970215 3 -2
985.343994141 3 -1
985.948974609 3 0
986.773010254 3 1
987.531982422 3 2
988.270996094 3 3
r
989.151977539 -2 2
989.956970215 -1 2
990.807983398 0 2
991.679016113 1 2
992.443969727 2 2
993.176025391 3 2
993.968994141 3 3
r
994.843994141 2 2
995.568969727 3 2
996.46697998 3 3
r
997.190002441 -2 -2
998.072021484 -2 -3
998.692993164 -3 -3
r
999.567016602 2 -2
1000.31799316 3 -2
1001.0960083 3 -1
1001.96697998 3 0
1002.61102295 3 1
1003.29602051 3 2
1004.12902832 3 3
r
1004.9119873 -2 2
1005.54901123 -1 2
1006.1550293 0 2
1006.77001953 1 2
1007.60601807 2 2
1008.25500488 3 2
1009.11602783 3 3
r
1009.98199463 2 2
1010.809021 3 2
1011.48101807 3 3
r
1012.2789917 -2 -2
1013.14300537 -2 -3
1013.98199463 -3 -3
r
1014.69299316 2 -2
1015.42199707 3 -2
1016.06799316 3 -1
1016.73699951 3 0
1017.45202637 3 1
1018.08300781 3 2
1018.76397705 3 3
r
1019.61401367 -2 2
1020.32702637 -1 2
1021.10900879 0 2
1021.7800293 1 2
1022.38897705 2 2
1023.25 3 2
1024.14599609 3 3
r
1024.91503906 2 2
1025.57202148 3 2
1026.3470459 3 3
r
1027.19995117 -2 -2
1027.83398438 -2 -3
1028.48303223 -3 -3
r
1029.3260498 2 -2
1030.08605957 3 -2
1030.96801758 3 -1
1031.82104492 3 0
1032.5880127 3 1
1033.48498535 3 2
1034.24304199 3 3
r
1034.90002441 -2 2
1035.78796387 -1 2
1036.42602539 0 2
1037.20703125 1 2
1037.9909668 2 2
1038.88903809 3 2
1039.76098633 3 3
r
1040.4329834 2 2
1041.04602051 3 2
1041.71203613 3 3
r
1042.34802246 -2 -2
1043.22998047 -2 -3
1043.93395996 -3 -3
r
1044.5579834 2 -2
1045.42102051 3 -2
1046.12902832 3 -1
1047.00305176 3 0
1047.66503906 3 1
1048.39794922 3 2
1049.17602539 3 3
r
1049.91894531 -2 2
1050.66296387 -1 2
1051.29003906 0 2
1051.93701172 1 2
1052.57702637 2 2
1053.38500977 3 2
1054.2220459 3 3
r
1054.9630127 2 2
1055.73498535 3 2
1056.41601562 3 3
r
1057.19104004 -2 -2
1057.82202148 -2 -3
1058.52600098 -3 -3
r
1059.42199707 2 -2
1060.16101074 3 -2
1060.77600098 3 -1
1061.59399414 3 0
1062.34899902 3 1
1063.03503418 3 2
1063.65905762 3 3
r
1064.3840332 -2 2
1065.11096191 -1 2
1065.75695801 0 2
1066.51599121 1 2
1067.39001465 2 2
1068.10205078 3 2
1068.75305176 3 3
r
1069.63696289 2 2
1070.48095703 3 2
1071.25805664 3 3
r
1071.92297363 -2 -2
1072.73095703 -2 -3
1073.53601074 -3 -3
r
1074.38696289 2 -2
1075.17199707 3 -2
1076.0579834 3 -1
1076.81103516 3 0
1077.70202637 3 1
1078.37304688 3 2
1079.13903809 3 3
r
1079.97497559 -2 2
1080.73999023 -1 2
1081.47497559 0 2
1082.2869873 1 2
1083.05505371 2 2
1083.68005371 3 2
1084.56994629 3 3
r
1085.19897461 2 2
1085.97998047 3 2
1086.68005371 3 3
r
1087.37194824 -2 -2
1088.1529541 -2 -3
1089.02600098 -3 -3
r
1089.73400879 2 -2
1090.59301758 3 -2
1091.41503906 3 -1
1092.16394043 3 0
1092.85302734 3 1
1093.54003906 3 2
1094.43701172 3 3
r
1095.0760498 -2 2
1095.76196289 -1 2
1096.62097168 0 2
1097.31005859 1 2
1098.04101562 2 2
1098.85095215 3 2
1099.46203613 3 3
r
1100.20397949 2 2
1100.82995605 3 2
1101.59802246 3 3
r
1102.24401855 -2 -2
1103.01196289 -2 -3
1103.77099609 -3 -3
r
1104.65197754 2 -2
1105.45800781 3 -2
1106.0880127 3 -1
1106.9239502 3 0
1107.62695312 3 1
1108.51293945 3 2
1109.35803223 3 3
r
1110.04797363 -2 2
1110.74194336 -1 2
1111.44799805 0 2
1112.16101074 1 2
1113.02294922 2 2
1113.85900879 3 2
1114.67004395 3 3
r
1115.54296875 2 2
1116.39196777 3 2
1117.14599609 3 3
r
1117.7779541 -2 -2
1118.46594238 -2 -3
1119.22302246 -3 -3
r
1119.95300293 2 -2
1120.58398438 3 -2
1121.36804199 3 -1
1122.01599121 3 0
1122.86901855 3 1
1123.63793945 3 2
1124.49304199 3 3
r
1125.31103516 -2 2
1125.97497559 -1 2
1126.83898926 0 2
1127.58398438 1 2
1128.33496094 2 2
1129.15795898 3 2
1129.93103027 3 3
r
1130.76904297 2 2
1131.42297363 3 2
1132.04602051 3 3
r
1132.73901367 -2 -2
1133.47497559 -2 -3
1134.13696289 -3 -3
r
1134.77001953 2 -2
1135.56799316 3 -2
1136.31396484 3 -2
1137.00598145 3 -1
1137.76293945 3 0
1138.5949707 3 1
1139.43103027 3 2
1140.18005371 3 3
r
1140.9050293 -2 2
1141.52905273 -1 2
1142.17297363 0 2
1142.80505371 1 2
1143.57202148 2 2
1144.44995117 3 2
1145.11499023 3 3
r
1145.84997559 2 2
1146.6550293 3 2
1147.49401855 3 3
r
1148.36303711 -2 -2
1149.22399902 -2 -3
1150.07104492 -3 -3
r
1150.75695801 2 -2
1151.46105957 3 -2
1152.28100586 3 -1
1153.11999512 3 0
1153.92700195 3 1
1154.63098145 3 2
1155.51000977 3 3
r
1156.39794922 -2 2
1157.07299805 -1 2
1157.86303711 0 2
1158.4699707 1 2
1159.28295898 2 2
1160.09997559 3 2
1160.89794922 3 3
r
1161.50402832 2 2
1162.23303223 3 2
1163.09899902 3 3
r
1163.87304688 -2 -2
1164.53198242 -2 -3
1165.28601074 -3 -3
r
1166.18395996 2 -2
1166.86901855 3 -2
1167.73901367 3 -2
1168.43994141 3 -1
1169.0489502 3 0
1169.9239502 3 1
1170.72595215 3 2
1171.46899414 3 3
r
1172.31103516 -2 2
1173.16796875 -1 2
1173.85400391 0 2
1174.45996094 1 2
1175.20397949 2 2
1176.06298828 3 2
1176.8079834 3 3
r
1177.53894043 2 2
1178.2199707 3 2
1179.10803223 3 3
r
1179.80297852 -2 -2
1180.53601074 -2 -3
1181.24401855 -3 -3
r
1182.10095215 2 -2
1182.99694824 3 -2
1183.66601562 3 -1
1184.26794434 3 0
1185.06396484 3 1
1185.66796875 3 2
1186.45397949 3 3
r
1187.33605957 -2 2
1188.0090332 -1 2
1188.69897461 0 2
1189.3079834 1 2
1190.19396973 2 2
1190.81298828 3 2
1191.57202148 3 3
r
1192.36303711 2 2
1193.10095215 3 2
1193.94897461 3 3
r
1194.79296875 -2 -2
1195.60900879 -2 -3
1196.33703613 -3 -3
r
1197.06103516 2 -2
1197.69396973 3 -2
1198.29504395 3 -1
1199.12902832 3 0
1199.83496094 3 1
1200.56396484 3 2
1201.3840332 3 3
r
1202.23901367 -2 2
1202.92004395 -1 2
1203.53405762 0 2
1204.24499512 1 2
1205.10595703 2 2
1205.76794434 3 2
1206.47802734 3 3
r
1207.37194824 2 2
1208.22705078 3 2
1209.09301758 3 3
r
1209.72705078 -2 -2
1210.5970459 -2 -3
1211.33996582 -3 -3
r
1212.23803711 2 -2
1213.03100586 3 -2
1213.86206055 3 -1
1214.6529541 3 0
1215.52905273 3 1
1216.18505859 3 2
1217.01696777 3 3
r
1217.77001953 -2 2
1218.59301758 -1 2
1219.37097168 0 2
1220.22705078 1 2
1221.07202148 2 2
1221.95202637 3 2
1222.57800293 3 3
r
1223.36401367 2 2
1224.24194336 3 2
1225.10900879 3 3
r
1225.73205566 -2 -2
1226.63195801 -2 -3
1227.26904297 -3 -3
r
1227.99804688 2 -2
1228.84899902 3 -2
1229.71899414 3 -1
1230.37194824 3 0
1231.06994629 3 1
1231.72497559 3 2
1232.55102539 3 3
r
1233.35803223 -2 2
1234.05102539 -1 2
1234.90905762 0 2
1235.65698242 1 2
1236.42102051 2 2
1237.05700684 3 2
1237.82800293 3 3
r
1238.49694824 2 2
1239.33398438 3 2
1239.94995117 3 3
r
1240.79199219 -2 -2
1241.40002441 -2 -3
1242.26501465 -3 -3
r
1243.07995605 2 -2
1243.92895508 3 -2
1244.57897949 3 -1
1245.26293945 3 0
1246.15905762 3 1
1246.78503418 3 2
1247.59594727 3 3
r
1248.35900879 -2 2
1249.17797852 -1 2
1249.90795898 0 2
1250.66394043 1 2
1251.28796387 2 2
1252.01293945 3 2
1252.68005371 3 3
r
1253.4699707 2 2
1254.26098633 3 2
1255.05603027 3 3
r
1255.71203613 -2 -2
1256.42700195 -2 -3
1257.16394043 -3 -3
r
1257.92602539 2 -2
1258.7199707 3 -2
1259.61499023 3 -1
1260.45202637 3 0
1261.05603027 3 1
1261.72302246 3 2
1262.6159668 3 3
r
1263.50805664 -2 2
1264.21801758 -1 2
1264.98205566 0 2
1265.70898438 1 2
1266.33496094 2 2
1267.21203613 3 2
1267.81896973 3 3
r
1268.71496582 2 2
1269.40698242 3 2
1270.03198242 3 3
r
1270.89404297 -2 -2
1271.68994141 -2 -3
1272.55102539 -3 -3
r
1273.44104004 2 -2
1274.3170166 3 -2
1275.07897949 3 -1
1275.78405762 3 0
1276.5670166 3 1
1277.36096191 3 2
1277.96801758 3 3
r
1278.7409668 -2 2
1279.59997559 -1 2
1280.22998047 0 2
1280.99401855 1 2
1281.68005371 2 2
1282.35302734 3 2
1282.98706055 3 3
r
1283.74902344 2 2
1284.58105469 3 2
1285.31298828 3 3
r
1285.94299316 -2 -2
1286.61694336 -2 -3
1287.38598633 -3 -3
r
1288.18505859 2 -2
1288.92504883 3 -2
1289.74902344 3 -1
1290.37597656 3 0
1291.2010498 3 1
1291.87194824 3 2
1292.50195312 3 3
r
1293.37402344 -2 2
1294.18395996 -1 2
1294.81896973 0 2
1295.49804688 1 2
1296.31103516 2 2
1297.04199219 3 2
1297.80603027 3 3
r
1298.55603027 2 2
1299.4119873 3 2
1300.1920166 3 3
r
1301.02294922 -2 -2
1301.625 -2 -3
1302.40100098 -3 -3
r
1303.19396973 2 -2
1303.82397461 3 -2
1304.66894531 3 -1
1305.40100098 3 0
1306.22998047 3 1
1307.06103516 3 2
1307.77001953 3 3
r
1308.54797363 -2 2
1309.17700195 -1 2
1310.02502441 0 2
1310.86804199 1 2
1311.76293945 2 2
1312.39099121 3 2
1313.1340332 3 3
r
1313.97900391 2 2
1314.64904785 3 2
1315.29394531 3 3
r
1315.94995117 -2 -2
1316.68200684 -2 -3
1317.32495117 -3 -3
r
1318.07897949 2 -2
1318.87304688 3 -2
1319.71801758 3 -2
1320.51403809 3 -1
1321.37805176 3 0
1322.07495117 3 1
1322.83605957 3 2
1323.6340332 3 3
r
1324.31298828 -2 2
1324.93200684 -1 2
1325.80603027 0 2
1326.41796875 1 2
1327.20202637 2 2
1327.9630127 3 2
1328.84997559 3 3
r
1329.59802246 2 2
1330.49597168 3 2
1331.36499023 3 3
r
1332.08496094 -2 -2
1332.89501953 -2 -3
1333.60998535 -3 -3
r
1334.27600098 2 -2
1334.90698242 3 -2
1335.57495117 3 -1
1336.42504883 3 0
1337.1920166 3 1
1337.79296875 3 2
1338.50402832 3 3
r
1339.17297363 -2 2
1339.95605469 -1 2
1340.85400391 0 2
1341.74304199 1 2
1342.62097168 2 2
1343.51403809 3 2
1344.23706055 3 3
r
1344.99902344 2 2
1345.70898438 3 2
1346.59204102 3 3
r
1347.25695801 -2 -2
1347.89196777 -2 -3
1348.51403809 -3 -3
r
1349.30004883 2 -2
1350.07995605 3 -2
1350.9420166 3 -2
1351.71704102 3 -1
1352.59399414 3 0
1353.33605957 3 1
1354.17004395 3 2
1354.92700195 3 3
r
1355.73095703 -2 2
1356.41699219 -1 2
1357.02001953 0 2
1357.75305176 1 2
1358.52502441 2 2
1359.29602051 3 2
1360.07104492 3 3
r
1360.68505859 2 2
1361.34204102 3 2
1362.24194336 3 3
r
1362.92700195 -2 -2
1363.56201172 -2 -3
1364.41894531 -3 -3
r
1365.3170166 2 -2
1365.9909668 3 -2
1366.83203125 3 -1
1367.44897461 3 0
1368.20996094 3 1
1368.8659668 3 2
1369.74804688 3 3
r
1370.55395508 -2 2
1371.31103516 -1 2
1371.97302246 0 2
1372.77294922 1 2
1373.44494629 2 2
1374.30004883 3 2
1375.08703613 3 3
r
1375.69104004 2 2
1376.34204102 3 2
1377.07299805 3 3
r
1377.68896484 -2 -2
1378.5880127 -2 -3
1379.3659668 -3 -3
r
1380.14001465 2 -2
1380.80700684 3 -2
1381.54101562 3 -1
1382.19995117 3 0
1382.88696289 3 1
1383.68005371 3 2
1384.29504395 3 3
r
1384.91699219 -2 2
1385.76904297 -1 2
1386.46398926 0 2
1387.07495117 1 2
1387.90197754 2 2
1388.60498047 3 2
1389.23999023 3 3
r
1389.98498535 2 2
1390.6739502 3 2
1391.55102539 3 3
r
1392.25097656 -2 -2
1393.01098633 -2 -3
1393.79101562 -3 -3
r
1394.42004395 2 -2
1395.0760498 3 -2
1395.87597656 3 -1
1396.69995117 3 0
1397.30505371 3 1
1398.10998535 3 2
1398.93395996 3 3
r
1399.55297852 -2 2
1400.30395508 -1 2
1401.0369873 0 2
1401.86804199 1 2
1402.48095703 2 2
1403.14196777 3 2
1403.86999512 3 3
r
1404.51098633 2 2
1405.17797852 3 2
1406.02905273 3 3
r
1406.79296875 -2 -2
1407.63000488 -2 -3
1408.24499512 -3 -3
r
1408.90002441 2 -2
1409.59301758 3 -2
1410.39904785 3 -2
1411.21899414 3 -1
1411.90600586 3 0
1412.65698242 3 1
1413.26904297 3 2
1414.11499023 3 3
r
1414.89697266 -2 2
1415.76098633 -1 2
1416.4029541 0 2
1417.27502441 1 2
1418.09204102 2 2
1418.82702637 3 2
1419.65197754 3 3
r
1420.42297363 2 2
1421.30297852 3 2
1422.15905762 3 3
r
1423.05004883 -2 -2
1423.94604492 -2 -3
1424.61694336 -3 -3
r
1425.40600586 2 -2
1426.23303223 3 -2
1426.90795898 3 -2
1427.55102539 3 -1
1428.43395996 3 0
1429.21496582 3 1
1430.00805664 3 2
1430.72900391 3 3
r
1431.47094727 -2 2
1432.22094727 -1 2
1432.92297363 0 2
1433.76501465 1 2
1434.58105469 2 2
1435.42199707 3 2
1436.06494141 3 3
r
1436.77001953 2 2
1437.65405273 3 2
1438.48803711 3 3
r
1439.38195801 -2 -2
1440.06494141 -2 -3
1440.76403809 -3 -3
r
1441.42700195 2 -2
1442.23303223 3 -2
1442.85803223 3 -1
1443.6550293 3 0
1444.54296875 3 1
1445.31298828 3 2
1445.92297363 3 3
r
1446.5579834 -2 2
1447.29101562 -1 2
1448.16699219 0 2
1448.96398926 1 2
1449.65100098 2 2
1450.42700195 3 2
1451.14294434 3 3
r
1451.87304688 2 2
1452.59399414 3 2
1453.29296875 3 3
r
1454.07299805 -2 -2
1454.71496582 -2 -3
1455.43505859 -3 -3
r
1456.23706055 2 -2
1457.12402344 3 -2
1457.84594727 3 -1
1458.45996094 3 0
1459.07299805 3 1
1459.93896484 3 2
1460.68603516 3 3
r
1461.48706055 -2 2
1462.38696289 -1 2
1463.02294922 0 2
1463.87902832 1 2
1464.63903809 2 2
1465.33496094 3 2
1466.17004395 3 3
r
1466.98596191 2 2
1467.61499023 3 2
1468.29602051 3 3
r
1468.92504883 -2 -2
1469.75500488 -2 -3
1470.55102539 -3 -3
r
1471.44604492 2 -2
1472.24304199 3 -2
1472.85302734 3 -1
1473.68005371 3 0
1474.57397461 3 1
1475.46704102 3 2
1476.16796875 3 3
r
1476.79797363 -2 2
1477.53601074 -1 2
1478.41503906 0 2
1479.25695801 1 2
1479.88305664 2 2
1480.55200195 3 2
1481.28198242 3 3
r
1482.06103516 2 2
1482.80603027 3 2
1483.4239502 3 3
r
1484.10595703 -2 -2
1484.87304688 -2 -3
1485.73303223 -3 -3
r
1486.62805176 2 -2
1487.40698242 3 -2
1488.10205078 3 -1
1488.88903809 3 0
1489.51403809 3 1
1490.40698242 3 2
1491.09802246 3 3
r
1491.79394531 -2 2
1492.52001953 -1 2
1493.22302246 0 2
1493.89404297 1 2
1494.53295898 2 2
1495.18395996 3 2
1495.87402344 3 3
r
1496.7590332 2 2
1497.65405273 3 2
1498.36096191 3 3
r
1499.11499023 -2 -2
1499.96203613 -2 -3
1500.73303223 -3 -3
r
1501.44299316 2 -2
1502.33300781 3 -2
1503.11303711 3 -1
1503.81396484 3 0
1504.70703125 3 1
1505.53503418 3 2
1506.1920166 3 3
r
1507.03198242 -2 2
1507.88903809 -1 2
1508.52697754 0 2
1509.41003418 1 2
1510.0949707 2 2
1510.7779541 3 2
1511.38500977 3 3
r
1512.22399902 2 2
1512.90100098 3 2
1513.59594727 3 3
r
1514.31896973 -2 -2
1514.94995117 -2 -3
1515.84802246 -3 -3
r
1516.73596191 2 -2
1517.60705566 3 -2
1518.23400879 3 -1
1518.90197754 3 0
1519.60205078 3 1
1520.49499512 3 2
1521.27404785 3 3
r
1522.08605957 -2 2
1522.91101074 -1 2
1523.62194824 0 2
1524.30200195 1 2
1525.03503418 2 2
1525.75695801 3 2
1526.5300293 3 3
r
1527.21801758 2 2
1527.95996094 3 2
1528.65002441 3 3
r
1529.42504883 -2 -2
1530.2409668 -2 -3
1530.99804688 -3 -3
r
1531.71496582 2 -2
1532.35205078 3 -2
1533.10803223 3 -1
1533.71105957 3 0
1534.36206055 3 1
1535.2010498 3 2
1536.07104492 3 3
r
1536.68798828 -2 2
1537.41699219 -1 2
1538.09301758 0 2
1538.9119873 1 2
1539.52600098 2 2
1540.30004883 3 2
1541.07800293 3 3
r
1541.88305664 2 2
1542.60595703 3 2
1543.43603516 3 3
r
1544.28405762 -2 -2
1544.98205566 -2 -3
1545.84899902 -3 -3
r
1546.7199707 2 -2
1547.59301758 3 -2
1548.31494141 3 -1
1549.0760498 3 0
1549.96801758 3 1
1550.70495605 3 2
1551.48095703 3 3
r
1552.1159668 -2 2
1552.74194336 -1 2
1553.54101562 0 2
1554.19897461 1 2
1554.89794922 2 2
1555.62304688 3 2
1556.35205078 3 3
r
1557.19897461 2 2
1557.96704102 3 2
1558.70605469 3 3
r
1559.56494141 -2 -2
1560.25402832 -2 -3
1560.96105957 -3 -3
r
1561.59594727 2 -2
1562.38000488 3 -2
1563.02001953 3 -1
1563.62805176 3 0
1564.43200684 3 1
1565.19299316 3 2
1565.92797852 3 3
r
1566.81994629 -2 2
1567.48498535 -1 2
1568.15698242 0 2
1568.89196777 1 2
1569.61499023 2 2
1570.41894531 3 2
1571.29003906 3 3
r
1572.05395508 2 2
1572.70703125 3 2
1573.54003906 3 3
r
1574.34301758 -2 -2
1575.16296387 -2 -3
1575.80700684 -3 -3
r
1576.69104004 2 -2
1577.4630127 3 -2
1578.10595703 3 -1
1578.91296387 3 0
1579.69104004 3 1
1580.4510498 3 2
1581.18798828 3 3
r
1581.83398438 -2 2
1582.57702637 -1 2
1583.39294434 0 2
1584.16003418 1 2
1584.80102539 2 2
1585.47399902 3 2
1586.28894043 3 3
r
1587.13598633 2 2
1587.95202637 3 2
1588.60498047 3 3
r
1589.35205078 -2 -2
1590.12304688 -2 -3
1590.81298828 -3 -3
r
1591.58898926 2 -2
1592.28796387 3 -2
1592.97802734 3 -1
1593.875 3 0
1594.6739502 3 1
1595.3170166 3 2
1595.92700195 3 3
r
1596.76904297 -2 2
1597.48400879 -1 2
1598.22497559 0 2
1598.94104004 1 2
1599.83398438 2 2
1600.62194824 3 2
1601.41394043 3 3
r
1602.27404785 2 2
1603.10998535 3 2
1603.95605469 3 3
r
1604.66101074 -2 -2
1605.5 -2 -3
1606.19104004 -3 -3
r
1606.87805176 2 -2
1607.68103027 3 -2
1608.34594727 3 -2
1609.02502441 3 -1
1609.63195801 3 0
1610.32897949 3 1
1611.04504395 3 2
1611.65600586 3 3
r
1612.43103027 -2 2
1613.1529541 -1 2
1614.00695801 0 2
1614.72802734 1 2
1615.60400391 2 2
1616.4050293 3 2
1617.16003418 3 3
r
1617.87194824 2 2
1618.48999023 3 2
1619.19299316 3 3
r
1620.07800293 -2 -2
1620.92700195 -2 -3
1621.5279541 -3 -3
r
1622.2130127 2 -2
1623.03295898 3 -2
1623.64599609 3 -1
1624.46496582 3 0
1625.11206055 3 1
1626.00195312 3 2
1626.79797363 3 3
r
1627.65002441 -2 2
1628.43103027 -1 2
1629.30102539 0 2
1630.08300781 1 2
1630.76403809 2 2
1631.47900391 3 2
1632.12097168 3 3
r
1633.00305176 2 2
1633.72802734 3 2
1634.44494629 3 3
r
1635.10498047 -2 -2
1635.73999023 -2 -3
1636.43603516 -3 -3
r
1637.11999512 2 -2
1637.98205566 3 -2
1638.79003906 3 -1
1639.57800293 3 0
1640.26000977 3 1
1641.04602051 3 2
1641.88000488 3 3
r
1642.72705078 -2 2
1643.41003418 -1 2
1644.03100586 0 2
1644.83496094 1 2
1645.58996582 2 2
1646.2130127 3 2
1647.0670166 3 3
r
1647.82995605 2 2
1648.62097168 3 2
1649.46801758 3 3
r
1650.10095215 -2 -2
1650.88000488 -2 -3
1651.5090332 -3 -3
r
1652.22998047 2 -2
1653.03601074 3 -2
1653.88098145 3 -1
1654.7199707 3 0
1655.49499512 3 1
1656.11804199 3 2
1656.8470459 3 3
r
1657.68798828 -2 2
1658.28894043 -1 2
1659.01794434 0 2
1659.83496094 1 2
1660.51696777 2 2
1661.17602539 3 2
1661.89599609 3 3
r
1662.50402832 2 2
1663.39001465 3 2
1664.23498535 3 3
r
1665.07104492 -2 -2
1665.84204102 -2 -3
1666.4510498 -3 -3
r
1667.0970459 2 -2
1667.72094727 3 -2
1668.37695312 3 -1
1669.20996094 3 0
1670.06298828 3 1
1670.75305176 3 2
1671.48498535 3 3
r
1672.29504395 -2 2
1673.03198242 -1 2
1673.64904785 0 2
1674.49597168 1 2
1675.34204102 2 2
1675.97998047 3 2
1676.68896484 3 3
r
1677.32995605 2 2
1678.01794434 3 2
1678.65405273 3 3
r
1679.40405273 -2 -2
1680.00805664 -2 -3
1680.87304688 -3 -3
r
1681.63098145 2 -2
1682.31396484 3 -2
1683.16601562 3 -2
1683.95605469 3 -1
1684.76000977 3 0
1685.36303711 3 1
1686.24902344 3 2
1687.06103516 3 3
r
1687.70300293 -2 2
1688.57995605 -1 2
1689.23596191 0 2
1689.98706055 1 2
1690.66699219 2 2
1691.27294922 3 2
1691.91699219 3 3
r
1692.55395508 2 2
1693.28405762 3 2
1693.89404297 3 3
r
1694.70898438 -2 -2
1695.52099609 -2 -3
1696.39904785 -3 -3
r
1697.2779541 2 -2
1697.98999023 3 -2
1698.70605469 3 -1
1699.45495605 3 0
1700.08703613 3 1
1700.92700195 3 2
1701.66796875 3 3
r
1702.32995605 -2 2
1703.14099121 -1 2
1703.8079834 0 2
1704.66101074 1 2
1705.27404785 2 2
1706.01000977 3 2
1706.77697754 3 3
r
1707.66003418 2 2
1708.3380127 3 2
1709.23498535 3 3
r
1709.91796875 -2 -2
1710.58605957 -2 -3
1711.47399902 -3 -3
r
1712.36206055 2 -2
1713.06604004 3 -2
1713.88000488 3 -1
1714.74694824 3 0
1715.34899902 3 1
1716.00402832 3 2
1716.6619873 3 3
r
1717.43395996 -2 2
1718.17700195 -1 2
1719.03295898 0 2
1719.79504395 1 2
1720.50695801 2 2
1721.32495117 3 2
1722.0 3 3
r
1722.87304688 2 2
1723.76403809 3 2
1724.66003418 3 3
r
1725.51904297 -2 -2
1726.36694336 -2 -3
1727.25097656 -3 -3
r
1727.88696289 2 -2
1728.57299805 3 -2
1729.4050293 3 -1
1730.0090332 3 0
1730.89099121 3 1
1731.5489502 3 2
1732.2779541 3 3
r
1732.96398926 -2 2
1733.7130127 -1 2
1734.55505371 0 2
1735.33898926 1 2
1736.19702148 2 2
1736.91699219 3 2
1737.65600586 3 3
r
1738.52099609 2 2
1739.23706055 3 2
1739.89404297 3 3
r
1740.73803711 -2 -2
1741.62097168 -2 -3
1742.27404785 -3 -3
r
1743.14404297 2 -2
1743.9239502 3 -2
1744.56994629 3 -1
1745.36206055 3 0
1745.9909668 3 1
1746.83996582 3 2
1747.46801758 3 3
r
1748.16394043 -2 2
1748.80603027 -1 2
1749.48706055 0 2
1750.21105957 1 2
1750.83605957 2 2
1751.70800781 3 2
1752.56604004 3 3
r
1753.26098633 2 2
1753.91601562 3 2
1754.80102539 3 3
r
1755.60205078 -2 -2
1756.36901855 -2 -3
1756.97900391 -3 -3
r
1757.85998535 2 -2
1758.58105469 3 -2
1759.23999023 3 -1
1759.99597168 3 0
1760.63195801 3 1
1761.33496094 3 2
1762.05297852 3 3
r
1762.84094238 -2 2
1763.72497559 -1 2
1764.56994629 0 2
1765.44897461 1 2
1766.31396484 2 2
1766.92297363 3 2
1767.8079834 3 3
r
1768.62902832 2 2
1769.52600098 3 2
1770.23596191 3 3
r
1770.99401855 -2 -2
1771.69104004 -2 -3
1772.44104004 -3 -3
r
1773.10205078 2 -2
1773.75097656 3 -2
1774.60095215 3 -1
1775.20397949 3 0
1776.03796387 3 1
1776.93103027 3 2
1777.70703125 3 3
r
1778.53894043 -2 2
1779.19799805 -1 2
1779.83398438 0 2
1780.68896484 1 2
1781.58398438 2 2
1782.36804199 3 2
1783.04394531 3 3
r
1783.72302246 2 2
1784.38305664 3 2
1785.11206055 3 3
r
1785.74401855 -2 -2
1786.45898438 -2 -3
1787.24194336 -3 -3
r
1787.94799805 2 -2
1788.7869873 3 -2
1789.64599609 3 -1
1790.49902344 3 0
1791.37597656 3 1
1792.0970459 3 2
1792.74902344 3 3
r
1793.36206055 -2 2
1794.20300293 -1 2
1795.00805664 0 2
1795.6159668 1 2
1796.4420166 2 2
1797.33703613 3 2
1798.07104492 3 3
r
1798.82104492 2 2
1799.43505859 3 2
1800.0670166 3 3
r
1800.75195312 -2 -2
1801.44995117 -2 -3
1802.3170166 -3 -3
r
1803.02294922 2 -2
1803.85595703 3 -2
1804.74902344 3 -1
1805.48205566 3 0
1806.27099609 3 1
1806.98706055 3 2
1807.5949707 3 3
r
1808.33398438 -2 2
1809.04602051 -1 2
1809.76196289 0 2
1810.56005859 1 2
1811.26501465 2 2
1812.13305664 3 2
1812.74694824 3 3
r
1813.45996094 2 2
1814.29394531 3 2
1814.91503906 3 3
r
1815.65002441 -2 -2
1816.46704102 -2 -3
1817.36206055 -3 -3
r
1818.00097656 2 -2
1818.81604004 3 -2
1819.49401855 3 -2
1820.38500977 3 -1
1821.10095215 3 0
1821.87695312 3 1
1822.51696777 3 2
1823.4029541 3 3
r
1824.06994629 -2 2
1824.8170166 -1 2
1825.51403809 0 2
1826.17004395 1 2
1827.01794434 2 2
1827.64404297 3 2
1828.25500488 3 3
r
1828.95703125 2 2
1829.56799316 3 2
1830.31103516 3 3
r
1831.16699219 -2 -2
1831.81799316 -2 -3
1832.49694824 -3 -3
r
1833.32202148 2 -2
1834.16394043 3 -2
1834.77294922 3 -1
1835.49401855 3 0
1836.28295898 3 1
1836.9050293 3 2
1837.58496094 3 3
r
1838.41699219 -2 2
1839.1159668 -1 2
1840.01000977 0 2
1840.61206055 1 2
1841.30395508 2 2
1842.06799316 3 2
1842.83996582 3 3
r
1843.52600098 2 2
1844.30603027 3 2
1845.10998535 3 3
r
1845.86901855 -2 -2
1846.67004395 -2 -3
1847.27600098 -3 -3
r
1847.9029541 2 -2
1848.52197266 3 -2
1849.35998535 3 -1
1850.17199707 3 0
1850.79504395 3 1
1851.43994141 3 2
1852.1340332 3 3
r
1852.79699707 -2 2
1853.65002441 -1 2
1854.4720459 0 2
1855.28198242 1 2
1856.03503418 2 2
1856.75402832 3 2
1857.52502441 3 3
r
1858.23498535 2 2
1858.92297363 3 2
1859.73706055 3 3
r
1860.57995605 -2 -2
1861.26293945 -2 -3
1862.08605957 -3 -3
r
1862.69396973 2 -2
1863.3079834 3 -2
1863.91503906 3 -1
1864.68103027 3 0
1865.34899902 3 1
1865.97399902 3 2
1866.85803223 3 3
r
1867.61206055 -2 2
1868.43798828 -1 2
1869.20300293 0 2
1869.90905762 1 2
1870.74597168 2 2
1871.44494629 3 2
1872.24194336 3 3
r
1872.98706055 2 2
1873.59899902 3 2
1874.49804688 3 3
r
1875.17895508 -2 -2
1875.78796387 -2 -3
1876.54394531 -3 -3
r
1877.36901855 2 -2
1877.97595215 3 -2
1878.70800781 3 -1
1879.50500488 3 0
1880.12902832 3 1
1880.87695312 3 2
1881.55700684 3 3
r
1882.45703125 -2 2
1883.10900879 -1 2
1883.77600098 0 2
1884.67004395 1 2
1885.56201172 2 2
1886.31494141 3 2
1887.21105957 3 3
r
1887.99304199 2 2
1888.77502441 3 2
1889.63195801 3 3
r
1890.48706055 -2 -2
1891.20898438 -2 -3
1891.92602539 -3 -3
r
1892.62805176 2 -2
1893.34301758 3 -2
1894.13305664 3 -1
1894.82104492 3 0
1895.54797363 3 1
1896.4420166 3 2
1897.06604004 3 3
r
1897.75805664 -2 2
1898.40600586 -1 2
1899.07897949 0 2
1899.90905762 1 2
1900.56994629 2 2
1901.44702148 3 2
1902.15905762 3 3
r
1902.9119873 2 2
1903.71496582 3 2
1904.40600586 3 3
r
1905.24401855 -2 -2
1906.05505371 -2 -3
1906.86401367 -3 -3
r
1907.59204102 2 -2
1908.35302734 3 -2
1909.18896484 3 -1
1910.04602051 3 0
1910.71496582 3 1
1911.47094727 3 2
1912.12695312 3 3
r
1912.80200195 -2 2
1913.62304688 -1 2
1914.35900879 0 2
1915.16796875 1 2
1916.01196289 2 2
1916.69104004 3 2
1917.3079834 3 3
r
1917.9420166 2 2
1918.57104492 3 2
1919.17504883 3 3
r
1919.80297852 -2 -2
1920.44799805 -2 -3
1921.09204102 -3 -3
r
1921.72094727 2 -2
1922.36206055 3 -2
1923.03100586 3 -1
1923.79101562 3 0
1924.49194336 3 1
1925.39196777 3 2
1926.21496582 3 3
r
1926.97595215 -2 2
1927.7989502 -1 2
1928.54699707 0 2
1929.40698242 1 2
1930.07995605 2 2
1930.83605957 3 2
1931.60803223 3 3
r
1932.39794922 2 2
1933.16003418 3 2
1934.02404785 3 3
r
1934.90905762 -2 -2
1935.66394043 -2 -3
1936.29003906 -3 -3
r
1937.11999512 2 -2
1937.97705078 3 -2
1938.58203125 3 -1
1939.4329834 3 0
1940.25195312 3 1
1940.90600586 3 2
1941.55297852 3 3
r
1942.20202637 -2 2
1943.06994629 -1 2
1943.94494629 0 2
1944.81396484 1 2
1945.52502441 2 2
1946.39697266 3 2
1947.23901367 3 3
r
1948.0279541 2 2
1948.68701172 3 2
1949.35595703 3 3
r
1949.99804688 -2 -2
1950.87695312 -2 -3
1951.77697754 -3 -3
r
1952.66003418 2 -2
1953.49694824 3 -2
1954.25695801 3 -1
1954.97998047 3 0
1955.72497559 3 1
1956.34399414 3 2
1957.10705566 3 3
r
1957.87304688 -2 2
1958.58703613 -1 2
1959.29797363 0 2
1960.00402832 1 2
1960.76696777 2 2
1961.39794922 3 2
1962.14697266 3 3
r
1962.92895508 2 2
1963.65795898 3 2
1964.43896484 3 3
r
1965.3260498 -2 -2
1966.18798828 -2 -3
1966.99194336 -3 -3
r
1967.88098145 2 -2
1968.51599121 3 -2
1969.21899414 3 -1
1969.875 3 0
1970.73999023 3 1
1971.5489502 3 2
1972.1550293 3 3
r
1973.03601074 -2 2
1973.75500488 -1 2
1974.58703613 0 2
1975.27001953 1 2
1976.06994629 2 2
1976.74194336 3 2
1977.55297852 3 3
r
1978.36804199 2 2
1979.06201172 3 2
1979.93200684 3 3
r
1980.57995605 -2 -2
1981.2989502 -2 -3
1982.0949707 -3 -3
r
1982.72998047 2 -2
1983.36303711 3 -2
1984.09094238 3 -2
1984.7409668 3 -1
1985.35900879 3 0
1986.14904785 3 1
1987.00097656 3 2
1987.64794922 3 3
r
1988.54699707 -2 2
1989.27697754 -1 2
1989.99694824 0 2
1990.63696289 1 2
1991.37597656 2 2
1992.06103516 3 2
1992.88696289 3 3
r
1993.69494629 2 2
1994.41503906 3 2
1995.29296875 3 3
r
1996.14794922 -2 -2
1996.89001465 -2 -3
1997.70397949 -3 -3
r
1998.48095703 2 -2
1999.13098145 3 -2
1999.81494141 3 -1
2000.70397949 3 0
2001.58605957 3 1
2002.35302734 3 2
2002.99804688 3 3
r
2003.82995605 -2 2
2004.50305176 -1 2
2005.4029541 0 2
2006.29199219 1 2
2007.03198242 2 2
2007.75598145 3 2
2008.54296875 3 3
r
2009.18005371 2 2
2009.85803223 3 2
2010.74499512 3 3
r
2011.52099609 -2 -2
2012.14599609 -2 -3
2012.76196289 -3 -3
r
2013.36499023 2 -2
2014.0880127 3 -2
2014.8840332 3 -1
2015.60998535 3 0
2016.31298828 3 1
2017.00097656 3 2
2017.78503418 3 3
r
2018.38903809 -2 2
2019.17102051 -1 2
2020.01403809 0 2
2020.7989502 1 2
2021.67004395 2 2
2022.33996582 3 2
2022.97302246 3 3
r
2023.65698242 2 2
2024.51293945 3 2
2025.12402344 3 3
r
2025.85705566 -2 -2
2026.49694824 -2 -3
2027.27404785 -3 -3
r
2028.15795898 2 -2
2028.8659668 3 -2
2029.56005859 3 -1
2030.31604004 3 0
2031.03198242 3 1
2031.76599121 3 2
2032.66003418 3 3
r
2033.27404785 -2 2
2034.0 -1 2
2034.84594727 0 2
2035.73803711 1 2
2036.3470459 2 2
2037.00805664 3 2
2037.86804199 3 3
r
2038.64697266 2 2
2039.35998535 3 2
2040.02197266 3 3
r
2040.90698242 -2 -2
2041.59399414 -2 -3
2042.44702148 -3 -3
r
2043.16394043 2 -2
2044.03100586 3 -2
2044.8380127 3 -1
2045.61401367 3 0
2046.43896484 3 1
2047.04003906 3 2
2047.82397461 3 3
r
2048.64794922 -2 2
2049.46508789 -1 2
2050.19189453 0 2
2051.00610352 1 2
2051.81201172 2 2
2052.54394531 3 2
2053.21508789 3 3
r
2054.07397461 2 2
2054.69897461 3 2
2055.35693359 3 3
r
2056.17089844 -2 -2
2056.98608398 -2 -3
2057.62304688 -3 -3
r
2058.32910156 2 -2
2059.07104492 3 -2
2059.88305664 3 -1
2060.65991211 3 0
2061.44702148 3 1
2062.06103516 3 2
2062.77197266 3 3
r
2063.47607422 -2 2
2064.28393555 -1 2
2065.0949707 0 2
2065.97412109 1 2
2066.6340332 2 2
2067.3269043 3 2
2068.14306641 3 3
r
2068.79003906 2 2
2069.55200195 3 2
2070.25292969 3 3
r
2071.03100586 -2 -2
2071.85888672 -2 -3
2072.6159668 -3 -3
r
2073.38696289 2 -2
2074.23388672 3 -2
2074.84301758 3 -1
2075.68798828 3 0
2076.58105469 3 1
2077.46411133 3 2
2078.35791016 3 3
r
2079.23608398 -2 2
2079.98388672 -1 2
2080.73608398 0 2
2081.33789062 1 2
2082.08105469 2 2
2082.92211914 3 2
2083.68310547 3 3
r
2084.57006836 2 2
2085.28100586 3 2
2085.95996094 3 3
r
2086.80004883 -2 -2
2087.5559082 -2 -3
2088.16992188 -3 -3
r
2088.97509766 2 -2
2089.86108398 3 -2
2090.48291016 3 -1
2091.21606445 3 0
2092.06591797 3 1
2092.70703125 3 2
2093.46411133 3 3
r
2094.13305664 -2 2
2094.82104492 -1 2
2095.48510742 0 2
2096.10595703 1 2
2096.79199219 2 2
2097.64990234 3 2
2098.29199219 3 3
r
2099.07788086 2 2
2099.6809082 3 2
2100.48291016 3 3
r
2101.19506836 -2 -2
2101.89208984 -2 -3
2102.58007812 -3 -3
r
2103.22290039 2 -2
2103.93505859 3 -2
2104.75292969 3 -1
2105.50488281 3 0
2106.14599609 3 1
2106.87597656 3 2
2107.51293945 3 3
r
2108.35009766 -2 2
2109.24291992 -1 2
2109.86206055 0 2
2110.48193359 1 2
2111.18505859 2 2
2111.94604492 3 2
2112.59790039 3 3
r
2113.30493164 2 2
2113.94091797 3 2
2114.59399414 3 3
r
2115.19702148 -2 -2
2115.94311523 -2 -3
2116.72412109 -3 -3
r
2117.40209961 2 -2
2118.23095703 3 -2
2118.91601562 3 -1
2119.75292969 3 0
2120.56689453 3 1
2121.22192383 3 2
2121.93603516 3 3
r
2122.73291016 -2 2
2123.49511719 -1 2
2124.18701172 0 2
2124.86108398 1 2
2125.64892578 2 2
2126.28588867 3 2
2127.11791992 3 3
r
2127.93994141 2 2
2128.67504883 3 2
2129.54101562 3 3
r
2130.32202148 -2 -2
2131.07006836 -2 -3
2131.70507812 -3 -3
r
2132.37890625 2 -2
2133.1640625 3 -2
2133.7890625 3 -1
2134.68310547 3 0
2135.50610352 3 1
2136.35595703 3 2
2137.10107422 3 3
r
2137.80004883 -2 2
2138.66796875 -1 2
2139.36206055 0 2
2140.05810547 1 2
2140.68505859 2 2
2141.4909668 3 2
2142.37597656 3 3
r
2143.08007812 2 2
2143.71704102 3 2
2144.45898438 3 3
r
2145.19799805 -2 -2
2146.02905273 -2 -3
2146.88305664 -3 -3
r
2147.71704102 2 -2
2148.60400391 3 -2
2149.31689453 3 -1
2150.09008789 3 0
2150.9140625 3 1
2151.74902344 3 2
2152.62011719 3 3
r
2153.22509766 -2 2
2154.07910156 -1 2
2154.79296875 0 2
2155.60009766 1 2
2156.42700195 2 2
2157.08398438 3 2
2157.71411133 3 3
r
2158.47509766 2 2
2159.23608398 3 2
2160.08911133 3 3
r
2160.86206055 -2 -2
2161.60595703 -2 -3
2162.30688477 -3 -3
r
2163.10693359 2 -2
2163.84692383 3 -2
2164.60888672 3 -1
2165.48388672 3 0
2166.25097656 3 1
2167.07592773 3 2
2167.81811523 3 3
r
2168.61791992 -2 2
2169.32006836 -1 2
2170.16601562 0 2
2170.84912109 1 2
2171.73706055 2 2
2172.43188477 3 2
2173.25708008 3 3
r
2174.00610352 2 2
2174.6809082 3 2
2175.30688477 3 3
r
2175.91992188 -2 -2
2176.62304688 -2 -3
2177.31689453 -3 -3
r
2178.04711914 2 -2
2178.67089844 3 -2
2179.37011719 3 -1
2180.22094727 3 0
2181.06298828 3 1
2181.74804688 3 2
2182.45410156 3 3
r
2183.25195312 -2 2
2184.02905273 -1 2
2184.82006836 0 2
2185.47094727 1 2
2186.20898438 2 2
2186.92504883 3 2
2187.79003906 3 3
r
2188.62011719 2 2
2189.39990234 3 2
2190.10888672 3 3
r
2190.75708008 -2 -2
2191.48291016 -2 -3
2192.15405273 -3 -3
r
2192.82788086 2 -2
2193.52392578 3 -2
2194.15698242 3 -1
2194.90991211 3 0
2195.68310547 3 1
2196.39990234 3 2
2197.19799805 3 3
r
2198.01000977 -2 2
2198.81591797 -1 2
2199.70410156 0 2
2200.60009766 1 2
2201.4909668 2 2
2202.17211914 3 2
2202.88305664 3 3
r
2203.77197266 2 2
2204.66992188 3 2
2205.41601562 3 3
r
2206.18505859 -2 -2
2207.01611328 -2 -3
2207.76806641 -3 -3
r
2208.47412109 2 -2
2209.22509766 3 -2
2210.10107422 3 -2
2210.75610352 3 -1
2211.49707031 3 0
2212.34399414 3 1
2213.21704102 3 2
2214.04003906 3 3
r
2214.73608398 -2 2
2215.38891602 -1 2
2216.0090332 0 2
2216.77807617 1 2
2217.67211914 2 2
2218.38989258 3 2
2219.04296875 3 3
r
2219.71411133 2 2
2220.47509766 3 2
2221.11303711 3 3
r
2221.87792969 -2 -2
2222.68603516 -2 -3
2223.4309082 -3 -3
r
2224.07910156 2 -2
2224.77197266 3 -2
2225.54296875 3 -1
2226.15405273 3 0
2227.01611328 3 1
2227.68798828 3 2
2228.42504883 3 3
r
2229.25610352 -2 2
2230.07788086 -1 2
2230.9519043 0 2
2231.69506836 1 2
2232.53100586 2 2
2233.38110352 3 2
2234.17089844 3 3
r
2234.92993164 2 2
2235.65991211 3 2
2236.39404297 3 3
r
2237.1550293 -2 -2
2237.77392578 -2 -3
2238.62988281 -3 -3
r
2239.23193359 2 -2
2239.89111328 3 -2
2240.77587891 3 -1
2241.5480957 3 0
2242.2109375 3 1
2242.89404297 3 2
2243.62597656 3 3
r
2244.22802734 -2 2
2244.92504883 -1 2
2245.55102539 0 2
2246.35107422 1 2
2246.95410156 2 2
2247.60693359 3 2
2248.32006836 3 3
r
2249.00610352 2 2
2249.78100586 3 2
2250.38598633 3 3
r
2251.09008789 -2 -2
2251.79101562 -2 -3
2252.49389648 -3 -3
r
2253.10107422 2 -2
2253.88793945 3 -2
2254.5390625 3 -1
2255.35693359 3 0
2256.14697266 3 1
2257.0390625 3 2
2257.8449707 3 3
r
2258.65209961 -2 2
2259.29907227 -1 2
2260.05493164 0 2
2260.85595703 1 2
2261.55102539 2 2
2262.32397461 3 2
2263.09301758 3 3
r
2263.75390625 2 2
2264.63500977 3 2
2265.33398438 3 3
r
2266.10400391 -2 -2
2266.87792969 -2 -3
2267.52392578 -3 -3
r
2268.19604492 2 -2
2268.88989258 3 -2
2269.49389648 3 -1
2270.34594727 3 0
2271.07104492 3 1
2271.70288086 3 2
2272.54101562 3 3
r
2273.21899414 -2 2
2273.86303711 -1 2
2274.6640625 0 2
2275.32202148 1 2
2276.01196289 2 2
2276.70288086 3 2
2277.46704102 3 3
r
2278.25097656 2 2
2278.96411133 3 2
2279.76708984 3 3
r
2280.63110352 -2 -2
2281.49291992 -2 -3
2282.28393555 -3 -3
r
2282.93310547 2 -2
2283.81591797 3 -2
2284.59204102 3 -1
2285.48193359 3 0
2286.1550293 3 1
2286.80908203 3 2
2287.65991211 3 3
r
2288.47802734 -2 2
2289.25708008 -1 2
2289.93603516 0 2
2290.56689453 1 2
2291.25708008 2 2
2291.87890625 3 2
2292.62597656 3 3
r
2293.39501953 2 2
2294.0769043 3 2
2294.78198242 3 3
r
2295.61694336 -2 -2
2296.34008789 -2 -3
2297.09912109 -3 -3
r
2297.96508789 2 -2
2298.7890625 3 -2
2299.64404297 3 -1
2300.43798828 3 0
2301.23095703 3 1
2301.9699707 3 2
2302.78393555 3 3
r
2303.59301758 -2 2
2304.24194336 -1 2
2304.92504883 0 2
2305.6640625 1 2
2306.55493164 2 2
2307.24707031 3 2
2307.92089844 3 3
r
2308.68188477 2 2
2309.33496094 3 2
2310.17211914 3 3
r
2311.03710938 -2 -2
2311.78588867 -2 -3
2312.5300293 -3 -3
r
2313.20605469 2 -2
2313.98803711 3 -2
2314.75488281 3 -1
2315.64501953 3 0
2316.32202148 3 1
2317.06103516 3 2
2317.76098633 3 3
r
2318.44702148 -2 2
2319.3359375 -1 2
2320.18798828 0 2
2320.94311523 1 2
2321.78393555 2 2
2322.60302734 3 2
2323.32495117 3 3
r
2324.05688477 2 2
2324.66992188 3 2
2325.29003906 3 3
r
2326.15307617 -2 -2
2327.04492188 -2 -3
2327.66699219 -3 -3
r
2328.4609375 2 -2
2329.08789062 3 -2
2329.79711914 3 -1
2330.46899414 3 0
2331.11303711 3 1
2331.89599609 3 2
2332.78588867 3 3
r
2333.6640625 -2 2
2334.45800781 -1 2
2335.0949707 0 2
2335.88598633 1 2
2336.78491211 2 2
2337.48803711 3 2
2338.10888672 3 3
r
2338.97998047 2 2
2339.62207031 3 2
2340.22412109 3 3
r
2340.90893555 -2 -2
2341.66503906 -2 -3
2342.47802734 -3 -3
r
2343.21606445 2 -2
2344.07910156 3 -2
2344.73999023 3 -1
2345.50708008 3 0
2346.38208008 3 1
2347.05297852 3 2
2347.87304688 3 3
r
2348.72509766 -2 2
2349.49194336 -1 2
2350.34301758 0 2
2351.08398438 1 2
2351.75292969 2 2
2352.4140625 3 2
2353.15307617 3 3
r
2353.94189453 2 2
2354.74389648 3 2
2355.42407227 3 3
r
2356.20703125 -2 -2
2356.9050293 -2 -3
2357.66088867 -3 -3
r
2358.37402344 2 -2
2358.98095703 3 -2
2359.72412109 3 -2
2360.6159668 3 -1
2361.32202148 3 0
2362.16210938 3 1
2362.80200195 3 2
2363.64599609 3 3
r
2364.27905273 -2 2
2364.89990234 -1 2
2365.72607422 0 2
2366.53491211 1 2
2367.19799805 2 2
2368.07299805 3 2
2368.72192383 3 3
r
2369.52099609 2 2
2370.27709961 3 2
2370.94506836 3 3
r
2371.74804688 -2 -2
2372.43701172 -2 -3
2373.13305664 -3 -3
r
2373.74194336 2 -2
2374.36010742 3 -2
2375.0769043 3 -1
2375.92993164 3 0
2376.60888672 3 1
2377.31005859 3 2
2377.98803711 3 3
r
2378.84912109 -2 2
2379.48291016 -1 2
2380.26391602 0 2
2381.02807617 1 2
2381.75195312 2 2
2382.55688477 3 2
2383.20410156 3 3
r
2384.06396484 2 2
2384.69091797 3 2
2385.39794922 3 3
r
2386.02392578 -2 -2
2386.86108398 -2 -3
2387.75390625 -3 -3
r
2388.38989258 2 -2
2389.16796875 3 -2
2389.88208008 3 -1
2390.76806641 3 0
2391.65307617 3 1
2392.51098633 3 2
2393.40893555 3 3
r
2394.25390625 -2 2
2395.06689453 -1 2
2395.73510742 0 2
2396.36694336 1 2
2397.0559082 2 2
2397.68896484 3 2
2398.54394531 3 3
r
2399.34790039 2 2
