0.500999987125 -2 -4
1.1740000248 -3 -4
1.86500000954 -4 -4
2.66700005531 -3 -4
3.51600003242 -2 -4
4.24700021744 -2 -3
5.11600017548 -2 -2
5.94000005722 -2 -3
6.72900009155 -2 -4
7.52500009537 -2 -5
8.32199954987 -2 -5
9.19999980927 -3 -5
9.89799976349 -4 -5
10.7399997711 -5 -5
11.4379997253 -4 -5
12.1339998245 -3 -5
12.7840003967 -3 -5
13.4359998703 -3 -4
14.279999733 -3 -3
15.029999733 -4 -3
15.6949996948 -5 -3
16.3250007629 -4 -3
17.0219993591 -3 -3
17.8320007324 -2 -3
18.4759998322 -1 -3
19.1539993286 -2 -3
19.9930000305 -2 -4
20.5979995728 -2 -5
21.2089996338 -2 -5
22.0820007324 -1 -5
22.8020000458 0 -5
23.6480007172 -1 -5
24.3619995117 0 -5
25.1849994659 1 -5
25.9969997406 2 -5
26.7059993744 3 -5
27.4179992676 4 -5
28.2089996338 5 -5
r
28.9239997864 -2 -2
29.5690002441 -1 -2
30.3449993134 0 -2
31.0699996948 1 -2
31.7220001221 2 -2
32.3370018005 3 -2
33.2369995117 4 -2
34.0900001526 5 -2
34.7599983215 5 -2
35.4410018921 5 -2
36.1759986877 5 -2
36.9350013733 5 -2
37.7760009766 5 -2
38.4459991455 5 -2
39.2249984741 5 -2
39.8800010681 5 -2
40.6790008545 5 -2
41.3160018921 5 -2
42.0709991455 5 -2
42.8199996948 5 -2
43.6360015869 5 -2
44.3650016785 5 -2
45.0190010071 5 -2
45.7290000916 5 -2
46.5279998779 5 -2
47.4210014343 5 -2
48.0890007019 4 -2
48.8650016785 5 -2
49.6129989624 4 -2
50.2480010986 3 -2
51.0190010071 2 -2
51.6259994507 1 -2
52.3699989319 2 -2
53.1259994507 3 -2
53.8870010376 2 -2
54.6189994812 1 -2
55.2270011902 2 -2
56.03099823 1 -2
56.8129997253 2 -2
57.5390014648 1 -2
58.3269996643 2 -2
59.111000061 1 -2
59.9770011902 0 -2
60.7569999695 1 -2
61.4259986877 0 -2
62.1640014648 1 -2
63.0369987488 0 -2
63.7529983521 1 -2
64.6460037231 0 -2
65.4309997559 1 -2
66.2030029297 1 -1
66.9359970093 1 0
67.6979980469 0 0
68.5559997559 -1 0
69.2730026245 -1 -1
70.158996582 0 -1
70.766998291 -1 -1
71.466003418 0 -1
72.2799987793 -1 -1
72.9449996948 0 -1
73.7210006714 -1 -1
74.5360031128 -2 -1
75.3799972534 -1 -1
76.1230010986 -2 -1
76.9840011597 -3 -1
77.8590011597 -3 -2
78.5640029907 -3 -3
79.1689987183 -2 -3
79.9449996948 -1 -3
80.6770019531 0 -3
81.3099975586 1 -3
82.0039978027 2 -3
82.75 2 -2
83.4800033569 2 -1
84.2070007324 2 0
85.0979995728 1 0
85.7919998169 0 0
86.5800018311 -1 0
87.263999939 -1 1
87.9530029297 -1 2
88.6610031128 -2 2
89.4929962158 -3 2
90.28099823 -3 3
91.1569976807 -3 4
91.9440002441 -4 4
92.5759963989 -5 4
93.1819992065 -5 4
93.9599990845 -5 4
94.7239990234 -5 4
95.3639984131 -4 4
96.0869979858 -3 4
96.7959976196 -3 3
97.6829986572 -3 2
98.4869995117 -4 2
99.2259979248 -4 1
100.028999329 -4 0
100.841003418 -4 1
101.554000854 -5 1
102.336997986 -5 1
103.085998535 -5 1
103.777000427 -5 1
104.675003052 -5 1
105.468002319 -5 1
106.218002319 -5 1
107.038002014 -5 1
107.891998291 -5 1
108.638000488 -4 1
109.403999329 -3 1
110.152000427 -4 1
110.833000183 -3 1
111.611000061 -2 1
112.240997314 -1 1
113.125999451 0 1
113.883003235 1 1
114.525001526 0 1
115.380996704 1 1
116.23400116 0 1
117.100997925 1 1
117.751998901 0 1
118.42099762 1 1
119.040000916 0 1
119.814002991 1 1
120.59400177 0 1
121.249000549 1 1
122.004997253 0 1
122.614997864 1 1
123.21900177 1 2
124.043998718 1 3
124.736000061 1 2
125.550003052 1 1
126.166999817 1 2
126.904998779 1 1
127.54699707 1 2
128.402999878 1 3
129.076004028 1 2
129.929992676 2 2
130.667999268 2 3
131.524993896 2 2
132.126998901 2 3
132.975997925 2 2
133.712997437 2 1
134.582992554 2 0
135.425003052 2 -1
136.126998901 2 -2
136.942993164 2 -1
137.56199646 2 -2
138.255004883 2 -1
139.031005859 2 0
139.688995361 2 -1
140.524993896 2 0
141.294006348 2 1
142.089996338 2 0
142.85899353 3 0
143.682998657 3 1
144.410003662 3 0
145.190994263 2 0
145.882995605 3 0
146.574996948 2 0
147.332000732 3 0
147.983001709 2 0
148.606994629 1 0
149.369995117 2 0
150.057998657 1 0
150.703994751 1 1
151.397994995 2 1
152.134994507 2 0
152.988998413 1 0
153.613006592 1 1
154.350006104 2 1
155.080993652 2 0
155.882995605 2 1
156.583999634 2 2
157.31199646 2 1
157.95199585 1 1
158.699996948 2 1
159.585998535 1 1
160.356994629 2 1
160.960006714 1 1
161.826004028 2 1
162.557006836 1 1
163.339996338 2 1
164.070007324 1 1
164.863998413 2 1
165.638000488 1 1
166.483001709 2 1
167.339996338 1 1
168.018005371 1 2
168.904998779 1 1
169.763000488 0 1
170.602996826 1 1
171.285003662 0 1
172.154998779 1 1
172.972000122 0 1
173.746002197 1 1
174.569000244 0 1
175.220001221 1 1
175.899002075 0 1
176.647003174 1 1
177.397994995 0 1
178.0 1 1
178.882995605 0 1
179.755004883 1 1
180.494995117 1 2
181.220993042 1 1
182.024993896 1 2
182.649993896 1 1
183.440994263 1 2
184.20300293 1 1
184.98500061 1 2
185.828994751 1 1
186.509002686 2 1
187.259994507 1 1
187.884994507 2 1
188.772994995 2 0
189.660003662 2 1
190.264007568 2 0
190.936004639 2 1
191.753997803 2 0
192.466995239 1 0
193.320999146 1 1
194.18800354 2 1
194.815994263 2 0
195.630004883 1 0
196.473007202 1 1
197.272994995 2 1
197.929000854 2 0
198.783996582 1 0
199.494995117 1 1
200.352996826 2 1
201.093002319 2 0
201.960006714 2 1
202.847000122 2 0
203.619003296 2 1
204.37600708 2 0
205.100006104 2 1
205.76499939 2 0
206.468002319 2 -1
207.360992432 2 0
208.166000366 2 -1
209.033004761 2 -2
209.854995728 2 -1
210.583999634 1 -1
211.425994873 2 -1
212.240005493 1 -1
213.136993408 0 -1
213.945999146 0 0
214.766998291 -1 0
215.606994629 -2 0
216.220001221 -1 0
216.972000122 -2 0
217.817001343 -1 0
218.494995117 -2 0
219.154006958 -1 0
219.990997314 -2 0
220.774002075 -3 0
221.466003418 -2 0
222.287994385 -3 0
222.930999756 -3 1
223.692993164 -2 1
224.317001343 -1 1
225.184005737 0 1
225.940994263 1 1
226.54800415 2 1
227.302993774 2 0
228.11000061 1 0
228.809997559 2 0
229.593994141 1 0
230.468002319 2 0
231.194000244 1 0
231.81300354 2 0
232.662002563 1 0
233.488998413 2 0
234.231002808 1 0
234.904006958 2 0
235.630996704 3 0
236.272003174 2 0
237.080993652 2 1
237.716995239 2 0
238.550003052 2 1
239.29800415 2 0
240.072998047 1 0
240.873001099 1 1
241.636001587 2 1
242.520004272 1 1
243.363006592 2 1
244.130004883 1 1
244.875 2 1
245.546005249 1 1
246.18800354 0 1
247.001998901 1 1
247.87600708 0 1
248.628005981 1 1
249.455993652 0 1
250.210006714 1 1
250.886993408 0 1
251.628005981 1 1
252.477005005 0 1
253.160003662 1 1
253.906005859 0 1
254.570999146 1 1
255.192001343 0 1
256.010009766 1 1
256.787994385 0 1
257.651000977 -1 1
258.545013428 0 1
259.205993652 -1 1
259.92401123 0 1
260.686004639 -1 1
261.406005859 0 1
262.019989014 -1 1
262.783996582 0 1
263.511993408 -1 1
264.411987305 0 1
265.074005127 -1 1
265.92300415 -2 1
266.529998779 -1 1
267.25100708 -1 2
267.955993652 0 2
268.640991211 0 3
269.256988525 0 2
270.035003662 0 3
270.906005859 0 2
271.569000244 0 1
272.29699707 -1 1
273.040008545 -2 1
273.738006592 -2 0
274.489990234 -2 1
275.098999023 -2 0
275.835998535 -2 1
276.596984863 -2 0
277.292999268 -2 1
277.929992676 -1 1
278.575012207 -2 1
279.437988281 -1 1
280.212005615 -2 1
280.888000488 -1 1
281.609985352 -2 1
282.290985107 -1 1
283.031005859 -2 1
283.688995361 -1 1
284.355987549 -2 1
284.979003906 -1 1
285.740997314 -2 1
286.355010986 -1 1
286.984008789 -2 1
287.628997803 -1 1
288.49899292 0 1
289.354003906 -1 1
290.239990234 0 1
291.12298584 -1 1
291.813995361 0 1
292.471984863 -1 1
293.315002441 -2 1
293.925994873 -1 1
294.528015137 -1 0
295.160003662 -1 1
296.019989014 -1 0
296.756988525 -1 1
297.582000732 -1 2
298.268005371 -1 1
299.165008545 -1 2
299.808990479 -1 1
300.410003662 -1 2
301.276000977 -1 1
302.170013428 -1 0
302.946990967 -1 1
303.714996338 -2 1
304.518005371 -1 1
305.25201416 0 1
305.872009277 -1 1
306.520996094 0 1
307.397003174 -1 1
308.164001465 -2 1
308.854003906 -1 1
309.722991943 -2 1
310.477996826 -1 1
311.213989258 -1 2
311.890991211 0 2
312.739013672 0 1
313.381988525 -1 1
314.175994873 -1 2
314.980010986 -1 1
315.684997559 0 1
316.505004883 -1 1
317.154998779 0 1
317.907989502 -1 1
318.710998535 -2 1
319.463012695 -1 1
320.075012207 -2 1
320.919006348 -1 1
321.743988037 -1 2
322.621002197 -1 1
323.227996826 -2 1
324.083007812 -1 1
324.70300293 -1 2
325.388000488 -1 1
326.108001709 0 1
327.002990723 -1 1
327.82598877 -2 1
328.572998047 -1 1
329.216003418 -2 1
330.052001953 -1 1
330.765014648 0 1
331.485992432 -1 1
332.285003662 -1 0
332.95098877 -1 1
333.62701416 -1 0
334.388000488 -1 1
335.234985352 0 1
335.838989258 -1 1
336.635986328 -2 1
337.343994141 -1 1
337.95401001 -1 2
338.697998047 -1 1
339.351989746 -1 2
340.041992188 -1 1
340.835998535 -1 2
341.695007324 -1 1
342.319000244 -2 1
343.12399292 -1 1
343.759002686 0 1
344.602996826 -1 1
345.217010498 -2 1
345.872009277 -1 1
346.730010986 -2 1
347.384002686 -1 1
348.265014648 0 1
348.893005371 -1 1
349.50100708 0 1
350.204986572 -1 1
350.908996582 0 1
351.697998047 -1 1
352.588989258 0 1
353.302001953 -1 1
353.959014893 -2 1
354.783996582 -1 1
355.536987305 -1 0
356.433013916 -1 1
357.289001465 -1 0
358.019989014 -1 1
358.839996338 -1 2
359.694000244 -1 1
360.542999268 -1 2
361.227996826 -1 1
361.958007812 -1 2
362.591003418 -1 1
363.240997314 -2 1
363.903015137 -1 1
364.511993408 -2 1
365.12701416 -1 1
365.890014648 -2 1
366.635986328 -1 1
367.291992188 0 1
368.096984863 -1 1
368.752990723 0 1
369.37399292 -1 1
370.045013428 0 1
370.895996094 -1 1
371.634002686 0 1
372.485992432 -1 1
373.32598877 0 1
374.087005615 -1 1
374.799987793 -1 0
375.667999268 -1 1
376.303985596 -1 0
377.183990479 -1 1
378.071990967 -2 1
378.760009766 -1 1
379.621002197 -2 1
380.462005615 -1 1
381.338989258 -1 2
382.093994141 -1 1
382.808013916 -1 2
383.596008301 -1 1
384.432006836 -1 0
385.312011719 -1 1
386.093994141 0 1
386.897003174 -1 1
387.561004639 0 1
388.417999268 -1 1
389.114990234 0 1
390.009002686 -1 1
390.619995117 -2 1
391.367004395 -1 1
392.130004883 -2 1
392.742004395 -1 1
393.407012939 -1 0
394.255004883 -1 1
394.95401001 -1 0
395.635009766 -1 1
396.433990479 0 1
397.273010254 -1 1
398.101989746 -1 2
398.885009766 -1 1
399.690002441 -1 2
400.425994873 0 2
401.052001953 0 1
401.768005371 -1 1
402.559997559 0 1
403.350006104 -1 1
404.151000977 0 1
404.946990967 -1 1
405.62600708 -2 1
406.415985107 -1 1
407.239013672 -2 1
407.946014404 -1 1
408.815002441 0 1
409.608001709 -1 1
410.399993896 0 1
411.118988037 -1 1
412.00100708 -2 1
412.718994141 -1 1
413.457000732 -1 0
414.152008057 -1 1
414.945007324 -1 0
415.595001221 -1 1
416.238006592 -1 2
417.049987793 -1 1
417.772003174 -1 2
418.559997559 0 2
419.166992188 0 1
419.930999756 -1 1
420.763000488 -1 2
421.428009033 0 2
422.058013916 0 1
422.865997314 -1 1
423.542999268 0 1
424.337005615 -1 1
425.080993652 0 1
425.79901123 -1 1
426.509002686 -2 1
427.401000977 -1 1
428.17300415 0 1
428.841003418 -1 1
429.475006104 0 1
430.083007812 -1 1
430.975006104 -2 1
431.631011963 -1 1
432.399993896 -1 0
433.138000488 -1 1
433.773010254 -1 0
434.552001953 -1 1
435.182006836 -1 0
435.962005615 -1 1
436.631988525 -2 1
437.386993408 -1 1
438.066009521 0 1
438.761993408 -1 1
439.459014893 0 1
440.29901123 -1 1
440.975006104 0 1
441.742004395 -1 1
442.458007812 0 1
443.194000244 -1 1
443.938995361 -2 1
444.790008545 -1 1
445.509002686 -1 2
446.148986816 0 2
446.984008789 0 1
447.881011963 -1 1
448.502990723 -1 2
449.259002686 0 2
449.946990967 0 1
450.739990234 -1 1
451.592010498 -1 2
452.230987549 0 2
452.914001465 0 1
453.640991211 -1 1
454.243988037 -1 2
455.028991699 0 2
455.821990967 0 1
456.644989014 -1 1
457.403991699 -2 1
458.29901123 -1 1
458.973999023 0 1
459.589996338 -1 1
460.334991455 0 1
460.968994141 -1 1
461.736999512 0 1
462.566009521 -1 1
463.401000977 0 1
464.007995605 -1 1
464.816986084 -2 1
465.660003662 -1 1
466.393005371 -1 0
467.240997314 -1 1
467.980987549 -1 0
468.763000488 -1 1
469.42401123 -1 0
470.285003662 -1 1
471.013000488 -2 1
471.75201416 -1 1
472.390991211 -2 1
473.187988281 -1 1
473.981994629 0 1
474.859985352 -1 1
475.583007812 0 1
476.278991699 -1 1
477.015991211 0 1
477.722991943 -1 1
478.458007812 0 1
479.355010986 -1 1
479.977996826 0 1
480.591003418 -1 1
481.467987061 0 1
482.110992432 -1 1
482.915985107 -2 1
483.667999268 -1 1
484.428985596 -1 0
485.105987549 -1 1
485.756988525 -1 0
486.434997559 -1 1
487.273010254 -1 0
487.95199585 -1 1
488.735992432 -1 2
489.384002686 -1 1
490.032012939 -1 2
490.688995361 -1 1
491.334991455 -1 2
492.145996094 0 2
492.984008789 0 1
493.605010986 -1 1
494.472991943 -1 2
495.07901001 0 2
495.967987061 0 1
496.768005371 -1 1
497.393005371 -2 1
498.023986816 -1 1
498.70098877 -2 1
499.545013428 -1 1
500.411010742 0 1
501.240997314 -1 1
502.049987793 0 1
502.712005615 -1 1
503.54598999 0 1
504.209014893 -1 1
505.052001953 0 1
505.742004395 -1 1
506.519012451 0 1
507.289001465 -1 1
508.158996582 0 1
508.911987305 -1 1
509.559997559 -1 0
510.368988037 0 0
511.169006348 -1 0
511.888000488 0 0
512.655029297 -1 0
513.456970215 0 0
514.268981934 -1 0
515.041015625 -1 1
515.861022949 -2 1
516.685974121 -1 1
517.348022461 -1 0
517.95501709 -1 1
518.770019531 -1 0
519.482971191 -1 1
520.309020996 -1 0
521.00402832 -1 1
521.679016113 -1 0
522.510009766 -1 1
523.400024414 -2 1
524.185974121 -2 0
524.84197998 -2 1
525.692016602 -2 0
526.385986328 -2 1
527.20098877 -2 0
528.036010742 -2 1
528.867980957 -2 0
529.565979004 -2 1
530.265991211 -2 0
531.010009766 -2 1
531.778015137 -1 1
532.432983398 -2 1
533.297973633 -1 1
534.114013672 -2 1
534.866027832 -1 1
535.614013672 -2 1
536.327026367 -1 1
537.146972656 -2 1
537.945007324 -1 1
538.83001709 -2 1
539.62298584 -1 1
540.351989746 0 1
541.051025391 -1 1
541.809997559 0 1
542.489013672 -1 1
543.331970215 0 1
543.940002441 -1 1
544.719970703 0 1
545.452026367 -1 1
546.239990234 0 1
546.95300293 -1 1
547.734008789 0 1
548.619018555 -1 1
549.357971191 0 1
549.974975586 -1 1
550.770996094 0 1
551.590026855 -1 1
552.380981445 -1 0
553.145996094 -1 1
553.937988281 -1 0
554.54699707 -1 1
555.409973145 -1 0
556.223022461 -1 1
556.916015625 -1 0
557.557006836 -1 1
558.195007324 -1 2
558.903991699 0 2
559.526977539 0 1
560.284973145 -1 1
560.958984375 -1 2
561.83001709 0 2
562.492980957 0 1
563.103027344 -1 1
563.708984375 -1 2
564.525024414 0 2
565.252990723 0 1
566.140014648 -1 1
566.820983887 -1 2
567.57598877 0 2
568.429992676 0 1
569.133972168 -1 1
569.911010742 -1 2
570.526977539 0 2
571.364013672 0 1
572.161010742 -1 1
572.966003418 0 1
573.747009277 -1 1
574.572998047 0 1
575.385986328 -1 1
575.994995117 0 1
576.750976562 -1 1
577.53302002 0 1
578.310974121 -1 1
578.974975586 0 1
579.732971191 -1 1
580.614990234 0 1
581.304016113 -1 1
582.187988281 -1 0
582.820983887 -2 0
583.478027344 -1 0
584.122009277 -2 0
584.895019531 -1 0
585.523986816 -2 0
586.20098877 -1 0
587.090026855 -2 0
587.866027832 -1 0
588.728027344 -2 0
589.603027344 -1 0
590.362976074 -2 0
591.088012695 -1 0
591.981018066 -2 0
592.775024414 -1 0
593.521972656 -2 0
594.348022461 -1 0
595.140991211 -2 0
595.757995605 -1 0
596.635009766 -2 0
597.317016602 -1 0
598.184020996 -2 0
598.914978027 -1 0
599.541992188 -2 0
600.351989746 -1 0
601.232971191 -2 0
602.034973145 -1 0
602.755981445 -2 0
603.359985352 -1 0
604.096008301 -2 0
604.744018555 -1 0
605.484008789 -2 0
606.229980469 -1 0
607.109008789 -2 0
607.718017578 -1 0
608.408996582 -2 0
609.104003906 -1 0
609.880004883 -2 0
610.648986816 -1 0
611.271972656 -1 1
612.039001465 -1 0
612.846008301 -1 1
613.570983887 -1 0
614.343017578 -1 1
614.971008301 -1 0
615.836975098 -1 1
616.664978027 -1 0
617.37902832 -1 1
618.143005371 -1 0
618.752990723 -1 1
619.484008789 -1 0
620.151977539 -1 1
621.04901123 -1 0
621.775024414 -1 1
622.583984375 0 1
623.260986328 -1 1
624.033996582 0 1
624.844970703 -1 1
625.458984375 0 1
626.067016602 -1 1
626.765991211 0 1
627.594970703 -1 1
628.322998047 0 1
629.182006836 -1 1
629.932983398 0 1
630.768981934 -1 1
631.645996094 0 1
632.523010254 -1 1
633.171020508 0 1
633.861999512 -1 1
634.70501709 0 1
635.471984863 -1 1
636.356994629 -1 2
637.101989746 0 2
637.708007812 1 2
638.591003418 0 2
639.255981445 1 2
639.888000488 0 2
640.677978516 1 2
641.50402832 1 1
642.116027832 0 1
642.921020508 -1 1
643.614990234 -1 2
644.37097168 0 2
644.976989746 0 1
645.836975098 -1 1
646.538024902 -1 2
647.372009277 0 2
648.017028809 0 1
648.914001465 -1 1
649.539001465 -1 2
650.280029297 0 2
650.999023438 0 1
651.815002441 -1 1
652.642028809 -1 0
653.270996094 -1 1
653.914978027 -1 0
654.546020508 -1 1
655.242004395 -1 0
655.872009277 -1 1
656.510986328 -1 0
657.409973145 -1 1
658.197998047 -1 0
658.940979004 -1 1
659.810974121 -1 0
660.632995605 -1 1
661.239990234 0 1
661.892028809 -1 1
662.664001465 0 1
663.309997559 -1 1
664.122009277 0 1
665.018005371 -1 1
665.624023438 0 1
666.361022949 -1 1
667.111999512 0 1
667.916992188 -1 1
668.622009277 0 1
669.346008301 -1 1
670.192016602 0 1
671.054992676 -1 1
671.695983887 0 1
672.322998047 -1 1
673.213989258 0 1
674.023010254 -1 1
674.789978027 0 1
675.679992676 -1 1
676.327026367 0 1
677.143005371 -1 1
677.79699707 0 1
678.603027344 -1 1
679.20501709 0 1
680.007995605 -1 1
680.630981445 0 1
681.437988281 -1 1
682.218994141 0 1
682.935974121 -1 1
683.664978027 -1 2
684.29498291 0 2
685.109985352 0 1
685.739013672 -1 1
686.598022461 -1 2
687.411010742 0 2
688.304992676 0 1
689.132019043 -1 1
689.831970215 -1 0
690.62902832 -1 1
691.413024902 -1 0
692.080993652 -1 1
692.791992188 -1 0
693.494995117 -2 0
694.221008301 -1 0
694.869018555 -2 0
695.58001709 -1 0
696.346984863 -2 0
697.127990723 -1 0
697.84197998 -2 0
698.57598877 -1 0
699.229980469 -2 0
699.924987793 -1 0
700.530029297 -2 0
701.257019043 -1 0
702.130981445 -2 0
702.898986816 -1 0
703.515991211 0 0
704.234985352 -1 0
704.948974609 0 0
705.710021973 -1 0
706.369995117 -2 0
707.106018066 -1 0
707.888977051 -2 0
708.609985352 -1 0
709.429016113 -2 0
710.031005859 -1 0
710.757019043 -2 0
711.603027344 -1 0
712.492004395 -2 0
713.226013184 -1 0
713.927978516 -2 0
714.719970703 -1 0
715.385009766 -1 1
716.205993652 -1 0
717.067993164 -1 1
717.84197998 -1 0
718.619018555 -1 1
719.494018555 -1 0
720.260009766 -1 1
721.091003418 -1 0
721.965026855 -1 1
722.687011719 -1 0
723.58001709 -1 1
724.344970703 0 1
724.956970215 -1 1
725.692016602 0 1
726.34197998 -1 1
726.968994141 0 1
727.655029297 -1 1
728.265014648 0 1
728.872009277 -1 1
729.750976562 0 1
730.424987793 -1 1
731.041015625 0 1
731.705993652 -1 1
732.515991211 0 1
733.237976074 -1 1
734.044006348 0 1
734.914978027 -1 1
735.523986816 0 1
736.390991211 -1 1
737.07800293 0 1
737.942016602 -1 1
738.778991699 -1 2
739.528991699 0 2
740.275024414 0 1
740.947998047 -1 1
741.713989258 -1 2
742.533996582 0 2
743.283996582 0 1
744.031982422 -1 1
744.79498291 0 1
745.596984863 -1 1
746.244995117 0 1
746.856994629 -1 1
747.75 0 1
748.622009277 -1 1
749.392028809 0 1
750.143005371 -1 1
750.801025391 0 1
751.508972168 -1 1
752.320983887 0 1
753.138977051 -1 1
753.961975098 0 1
754.765014648 -1 1
755.664001465 -1 0
756.414001465 -1 1
757.030029297 -1 0
757.681030273 -1 1
758.322998047 -1 0
758.929016113 -1 1
759.578979492 -1 0
760.362976074 -1 1
761.062011719 -1 0
761.888000488 -1 1
762.668029785 -1 0
763.306030273 -1 1
764.023986816 -1 0
764.637023926 -1 1
765.315979004 0 1
765.979980469 -1 1
766.616027832 0 1
767.479003906 -1 1
768.361999512 0 1
769.117980957 -1 1
769.937011719 0 1
770.70098877 -1 1
771.593017578 0 1
772.291992188 -1 1
773.187988281 0 1
773.965026855 -1 1
774.619018555 0 1
775.461975098 -1 1
776.179016113 0 1
776.844970703 -1 1
777.565979004 -1 2
778.17401123 0 2
778.922973633 0 1
779.726989746 -1 1
780.484985352 -1 2
781.202026367 0 2
781.869995117 1 2
782.594970703 1 1
783.221008301 1 2
784.025024414 1 1
784.896972656 1 2
785.682006836 1 1
786.364990234 1 0
786.982971191 1 1
787.75402832 1 0
788.599975586 1 1
789.333007812 1 0
790.067016602 1 1
790.95501709 1 0
791.687988281 1 -1
792.541015625 1 0
793.307983398 1 -1
794.093994141 1 0
794.934020996 1 -1
795.788024902 0 -1
796.512023926 -1 -1
797.20300293 -1 0
798.070983887 -1 1
798.831970215 0 1
799.586975098 -1 1
800.20501709 0 1
800.973022461 -1 1
801.583984375 0 1
802.211975098 -1 1
802.880981445 0 1
803.734985352 -1 1
804.588012695 0 1
805.385986328 -1 1
806.195983887 0 1
806.880004883 -1 1
807.713989258 0 1
808.320007324 -1 1
809.15802002 0 1
809.937988281 -1 1
810.619995117 -1 0
811.25402832 -2 0
811.956970215 -1 0
812.822998047 -2 0
813.723022461 -1 0
814.510009766 -2 0
815.263977051 -1 0
816.018981934 -2 0
816.655029297 -1 0
817.299987793 -2 0
817.969970703 -1 0
818.609985352 -2 0
819.443969727 -1 0
820.25201416 -2 0
820.911010742 -1 0
821.539001465 -2 0
822.335998535 -1 0
823.171020508 0 0
823.973022461 -1 0
824.603027344 0 0
825.500976562 -1 0
826.106018066 0 0
826.888977051 -1 0
827.627990723 0 0
828.42199707 -1 0
829.301025391 0 0
830.132995605 -1 0
830.846008301 -2 0
831.575012207 -1 0
832.20300293 -2 0
832.817993164 -2 -1
833.674987793 -2 -2
834.322998047 -1 -2
834.968994141 -1 -3
835.677978516 0 -3
836.409973145 1 -3
837.20501709 2 -3
838.086975098 3 -3
838.981994629 3 -4
839.770996094 3 -5
840.393981934 4 -5
841.04699707 3 -5
841.809020996 4 -5
842.427001953 3 -5
843.03302002 2 -5
843.760009766 1 -5
844.469970703 0 -5
845.304992676 1 -5
846.145996094 0 -5
846.940979004 1 -5
847.661987305 0 -5
848.473999023 1 -5
849.247009277 0 -5
850.04498291 1 -5
850.734008789 0 -5
851.364013672 1 -5
851.979980469 0 -5
852.844970703 1 -5
853.718017578 0 -5
854.413024902 -1 -5
855.224975586 0 -5
855.924987793 1 -5
856.549987793 0 -5
857.267028809 1 -5
858.07598877 0 -5
858.840026855 -1 -5
859.723999023 0 -5
860.585998535 1 -5
861.42401123 0 -5
862.041992188 1 -5
862.91998291 0 -5
863.638977051 -1 -5
864.263977051 0 -5
865.026000977 1 -5
865.62902832 0 -5
866.429992676 -1 -5
867.125976562 0 -5
867.763000488 -1 -5
868.591003418 0 -5
869.304016113 -1 -5
870.00402832 0 -5
870.747009277 -1 -5
871.385009766 0 -5
872.04699707 -1 -5
872.666015625 0 -5
873.320007324 -1 -5
874.208007812 0 -5
874.940002441 -1 -5
875.666992188 0 -5
876.439025879 -1 -5
877.304016113 0 -5
877.929016113 -1 -5
878.637023926 0 -5
879.473999023 -1 -5
880.369018555 0 -5
880.994995117 -1 -5
881.653991699 0 -5
882.510009766 -1 -5
883.323974609 0 -5
884.036987305 -1 -5
884.828979492 0 -5
885.685974121 -1 -5
886.32800293 -2 -5
887.114990234 -1 -5
887.866027832 -2 -5
888.742004395 -3 -5
889.577026367 -4 -5
890.262023926 -5 -5
891.04901123 -4 -5
891.755981445 -3 -5
892.359985352 -2 -5
893.054992676 -1 -5
893.70098877 -2 -5
894.528991699 -3 -5
895.174987793 -4 -5
895.806030273 -3 -5
896.685974121 -2 -5
897.557983398 -1 -5
898.250976562 -2 -5
899.00402832 -2 -4
899.723999023 -3 -4
900.419006348 -3 -3
901.033996582 -3 -2
901.87701416 -3 -1
902.481018066 -3 0
903.096984863 -2 0
903.731018066 -2 -1
904.343017578 -2 0
904.973999023 -2 -1
905.804992676 -2 0
906.530029297 -1 0
907.359008789 -1 1
908.130981445 -1 0
908.846984863 -1 1
909.687988281 -1 0
910.492004395 -1 1
911.340026855 -1 0
912.177001953 -1 1
912.802001953 -1 0
913.505981445 -1 1
914.405029297 -1 0
915.239990234 -1 1
915.887023926 -1 0
916.630981445 -1 1
917.369018555 -1 0
918.028991699 -1 1
918.695007324 -1 0
919.458984375 -1 1
920.176025391 -1 0
920.903991699 -1 1
921.607971191 -1 0
922.262023926 -1 1
922.916992188 0 1
923.760009766 -1 1
924.637023926 0 1
925.474975586 -1 1
926.143981934 0 1
926.87097168 -1 1
927.744018555 0 1
928.369995117 -1 1
929.226013184 0 1
929.924987793 -1 1
930.54901123 0 1
931.320007324 -1 1
932.159973145 0 1
932.794006348 -1 1
933.656982422 0 1
934.293029785 -1 1
934.922973633 0 1
935.723999023 -1 1
936.596008301 0 1
937.372009277 -1 1
938.221984863 0 1
938.953979492 -1 1
939.724975586 0 1
940.586975098 -1 1
941.395019531 0 1
942.00402832 -1 1
942.822021484 -1 2
943.583984375 0 2
944.215026855 1 2
945.099975586 1 1
945.96697998 1 0
946.838012695 0 0
947.458007812 -1 0
948.216003418 -1 1
949.103027344 -1 2
949.937988281 0 2
950.789001465 1 2
951.481994629 1 1
952.380981445 1 0
953.17199707 0 0
954.057983398 -1 0
954.763977051 -1 1
955.468017578 0 1
956.182983398 1 1
956.843017578 1 0
957.559020996 0 0
958.37701416 -1 0
959.143005371 -1 1
959.911010742 0 1
960.70501709 1 1
961.583007812 1 0
962.304016113 1 -1
962.986999512 0 -1
963.67199707 -1 -1
964.33001709 -1 0
965.098022461 -1 1
965.929016113 0 1
966.70098877 1 1
967.362976074 1 0
968.083984375 1 -1
968.74597168 0 -1
969.617980957 -1 -1
970.320983887 -1 0
971.135009766 -2 0
971.802001953 -1 0
972.505004883 -2 0
973.28302002 -1 0
974.03302002 -2 0
974.773986816 -1 0
975.650024414 -2 0
976.396972656 -1 0
977.206970215 -2 0
977.906982422 -1 0
978.54699707 -2 0
979.172973633 -1 0
979.901977539 -2 0
980.645019531 -1 0
981.297973633 0 0
981.911010742 -1 0
982.734985352 0 0
983.505981445 -1 0
984.140014648 0 0
984.945983887 -1 0
985.702026367 0 0
986.57800293 -1 0
987.473022461 0 0
988.362976074 -1 0
989.215026855 -2 0
989.976989746 -1 0
990.601013184 -2 0
991.226013184 -1 0
991.969970703 -2 0
992.736999512 -1 0
993.573974609 -2 0
994.385009766 -2 -1
995.125 -2 -2
995.945007324 -2 -1
996.674987793 -2 -2
997.447021484 -2 -1
998.166992188 -2 -2
998.888977051 -2 -1
999.531982422 -2 0
1000.30603027 -1 0
1000.97399902 -1 1
1001.85900879 0 1
1002.57800293 1 1
1003.25598145 1 0
1003.98101807 1 -1
1004.73602295 0 -1
1005.34802246 -1 -1
1006.23297119 -1 0
1006.8369751 -1 1
1007.6619873 0 1
1008.5 1 1
1009.40002441 1 0
1010.26898193 1 -1
1011.08898926 0 -1
1011.97802734 0 0
1012.74102783 0 1
1013.54602051 1 1
1014.30102539 1 0
1015.14001465 1 1
1015.93103027 2 1
1016.56298828 2 0
1017.23101807 2 1
1017.91497803 2 0
1018.76397705 2 1
1019.46398926 2 0
1020.32501221 2 -1
1021.04101562 2 0
1021.7800293 2 -1
1022.59399414 2 -2
1023.38000488 1 -2
1024.20495605 0 -2
1024.91796875 0 -1
1025.70495605 -1 -1
1026.48803711 -1 0
1027.23205566 -1 1
1027.84094238 0 1
1028.62194824 1 1
1029.22595215 2 1
1029.93200684 2 0
1030.66003418 3 0
1031.50402832 2 0
1032.22497559 3 0
1033.12402344 2 0
1033.91796875 1 0
1034.77294922 2 0
1035.45300293 1 0
1036.25805664 2 0
1036.93200684 1 0
1037.6529541 1 1
1038.50305176 2 1
1039.18603516 2 0
1039.85998535 1 0
1040.70397949 1 1
1041.38098145 2 1
1042.15405273 2 0
1043.04602051 1 0
1043.80700684 1 1
1044.59301758 1 2
1045.37402344 1 1
1046.11694336 1 2
1046.93200684 1 1
1047.5579834 1 0
1048.39196777 1 -1
1049.28198242 0 -1
1050.06005859 -1 -1
1050.68701172 -1 0
1051.52600098 -1 1
1052.1619873 0 1
1052.81201172 0 2
1053.52099609 1 2
1054.35900879 1 1
1055.23706055 1 0
1056.02905273 1 -1
1056.67700195 0 -1
1057.31494141 -1 -1
1057.99804688 -1 0
1058.74499512 -1 -1
1059.36694336 -1 -2
1060.02099609 -1 -1
1060.7010498 -1 -2
1061.48095703 -1 -1
1062.22497559 -1 -2
1063.11303711 -1 -1
1063.97900391 -1 -2
1064.82104492 -1 -1
1065.62194824 -1 0
1066.22497559 -2 0
1066.98095703 -1 0
1067.68701172 -2 0
1068.4329834 -1 0
1069.31103516 -2 0
1070.06201172 -1 0
1070.73596191 -2 0
1071.44396973 -1 0
1072.11096191 -2 0
1072.93798828 -1 0
1073.59094238 0 0
1074.32800293 -1 0
1075.08496094 0 0
1075.81298828 -1 0
1076.64099121 0 0
1077.47094727 -1 0
1078.08996582 0 0
1078.77502441 -1 0
1079.41101074 0 0
1080.2779541 -1 0
1081.00805664 0 0
1081.78601074 -1 0
1082.48596191 -2 0
1083.20898438 -1 0
1084.07104492 -2 0
1084.70800781 -1 0
1085.4050293 -2 0
1086.23400879 -1 0
1087.13195801 -1 1
1087.98400879 -1 0
1088.7800293 -1 1
1089.59094238 -1 0
1090.45996094 -1 1
1091.06896973 -1 0
1091.77697754 -1 1
1092.52697754 -1 0
1093.28405762 -1 1
1094.00805664 -1 0
1094.75500488 -1 1
1095.47094727 -1 0
1096.34899902 -1 1
1096.9630127 -1 0
1097.57800293 -1 1
1098.38195801 -1 0
1099.14404297 -1 1
1100.00695801 -1 0
1100.71704102 -1 1
1101.50402832 -1 0
1102.36303711 -1 1
1103.21594238 -1 2
1103.93200684 0 2
1104.79003906 0 1
1105.40100098 -1 1
1106.23400879 -2 1
1106.90405273 -1 1
1107.55505371 -2 1
1108.32897949 -1 1
1109.03601074 0 1
1109.79296875 -1 1
1110.40100098 0 1
1111.09094238 -1 1
1111.90197754 0 1
1112.58105469 -1 1
1113.27502441 0 1
1114.06494141 1 1
1114.81201172 1 0
1115.68603516 1 -1
1116.44104004 0 -1
1117.04797363 -1 -1
1117.82995605 -1 0
1118.72802734 -1 1
1119.49304199 0 1
1120.32104492 1 1
1121.18103027 1 0
1121.80895996 1 -1
1122.55102539 0 -1
1123.34399414 -1 -1
1124.10595703 -1 0
1124.81896973 -1 1
1125.4630127 0 1
1126.10205078 1 1
1126.96105957 1 0
1127.77404785 1 -1
1128.41894531 0 -1
1129.06799316 -1 -1
1129.7130127 -1 0
1130.46496582 -1 1
1131.08605957 0 1
1131.93395996 1 1
1132.68200684 1 0
1133.49597168 1 -1
1134.28295898 0 -1
1135.15197754 -1 -1
1135.93603516 -1 0
1136.5670166 -1 1
1137.44995117 0 1
1138.06799316 1 1
1138.91894531 1 0
1139.78894043 1 -1
1140.61206055 0 -1
1141.47900391 -1 -1
1142.32397461 -1 0
1143.20898438 -2 0
1143.81298828 -1 0
1144.4239502 -2 0
1145.0369873 -1 0
1145.69604492 -2 0
1146.41101074 -1 0
1147.30395508 -1 -1
1148.19995117 0 -1
1149.07897949 -1 -1
1149.75305176 0 -1
1150.50305176 -1 -1
1151.14794922 0 -1
1151.85302734 0 -2
1152.53894043 -1 -2
1153.34399414 0 -2
1153.97595215 0 -3
1154.68005371 0 -2
1155.30700684 0 -1
1156.02001953 0 -2
1156.69494629 0 -1
1157.56896973 1 -1
1158.20703125 1 -2
1158.9510498 1 -1
1159.77001953 1 0
1160.56005859 1 -1
1161.31005859 1 0
1161.92602539 1 -1
1162.74194336 1 0
1163.56201172 1 -1
1164.3170166 1 0
1164.93994141 1 -1
1165.58203125 1 0
1166.39501953 1 -1
1167.06994629 1 0
1167.7220459 1 -1
1168.48303223 1 0
1169.17504883 1 -1
1169.81494141 1 0
1170.6340332 1 -1
1171.50695801 1 -2
1172.25805664 1 -1
1173.05297852 2 -1
1173.66894531 1 -1
1174.55505371 2 -1
1175.35998535 1 -1
1176.01293945 2 -1
1176.8659668 1 -1
1177.55004883 2 -1
1178.28894043 1 -1
1178.93994141 1 -2
1179.5489502 0 -2
1180.44396973 1 -2
1181.29199219 0 -2
1182.13598633 0 -1
1182.80603027 -1 -1
1183.69897461 0 -1
1184.31494141 -1 -1
1185.10302734 0 -1
1185.81604004 -1 -1
1186.57104492 0 -1
1187.34899902 -1 -1
1188.05200195 0 -1
1188.91796875 -1 -1
1189.62402344 0 -1
1190.39599609 -1 -1
1191.26293945 0 -1
1192.04394531 -1 -1
1192.65100098 0 -1
1193.4699707 -1 -1
1194.13793945 0 -1
1194.76794434 -1 -1
1195.65600586 0 -1
1196.48095703 -1 -1
1197.16503906 0 -1
1197.8470459 -1 -1
1198.47705078 0 -1
1199.24499512 -1 -1
1199.92004395 0 -1
1200.60803223 -1 -1
1201.49902344 0 -1
1202.39599609 -1 -1
1203.03601074 0 -1
1203.83203125 -1 -1
1204.54797363 0 -1
1205.22705078 -1 -1
1205.93994141 0 -1
1206.81005859 -1 -1
1207.41796875 0 -1
1208.08996582 -1 -1
1208.74597168 0 -1
1209.58605957 -1 -1
1210.36901855 0 -1
1211.24499512 -1 -1
1211.89794922 0 -1
1212.53405762 0 -2
1213.26904297 0 -1
1214.10803223 0 0
1214.93505859 0 -1
1215.82104492 0 0
1216.63598633 1 0
1217.44897461 1 -1
1218.28601074 0 -1
1219.02404785 1 -1
1219.89001465 0 -1
1220.66296387 1 -1
1221.5279541 0 -1
1222.21594238 1 -1
1222.93395996 1 -2
1223.81799316 0 -2
1224.67700195 0 -1
1225.37597656 1 -1
1226.2220459 1 -2
1227.01196289 0 -2
1227.87805176 0 -1
1228.61999512 1 -1
1229.35803223 1 -2
1230.20898438 1 -1
1231.07800293 1 -2
1231.70996094 1 -1
1232.47094727 2 -1
1233.35900879 1 -1
1233.96496582 2 -1
1234.69494629 1 -1
1235.56103516 2 -1
1236.20800781 1 -1
1237.09301758 2 -1
1237.82995605 1 -1
1238.56298828 0 -1
1239.42504883 1 -1
1240.08398438 0 -1
1240.81494141 1 -1
1241.5489502 0 -1
1242.21105957 1 -1
1243.01000977 0 -1
1243.85998535 1 -1
1244.7220459 0 -1
1245.46704102 1 -1
1246.3380127 0 -1
1247.04504395 1 -1
1247.72302246 0 -1
1248.55102539 1 -1
1249.4420166 0 -1
1250.16894531 1 -1
1250.98706055 0 -1
1251.60498047 1 -1
1252.46105957 0 -1
1253.24804688 1 -1
1254.06005859 0 -1
1254.92297363 1 -1
1255.53894043 1 0
1256.42102051 1 -1
1257.20898438 1 0
1257.91503906 1 -1
1258.80200195 1 0
1259.50402832 1 -1
1260.26098633 1 0
1261.08203125 1 -1
1261.79003906 1 0
1262.41601562 1 -1
1263.14099121 1 0
1263.76293945 1 -1
1264.55200195 1 0
1265.31494141 1 -1
1266.21496582 1 0
1267.10400391 1 -1
1267.92602539 0 -1
1268.69799805 1 -1
1269.34594727 0 -1
1269.99401855 1 -1
1270.77600098 0 -1
1271.54296875 1 -1
1272.32995605 1 -2
1272.93603516 0 -2
1273.54199219 1 -2
1274.42895508 1 -1
1275.03503418 1 -2
1275.80505371 1 -1
1276.60498047 1 -2
1277.47998047 1 -1
1278.25500488 2 -1
1279.04003906 1 -1
1279.82299805 2 -1
1280.65002441 1 -1
1281.43603516 2 -1
1282.22094727 1 -1
1282.83496094 0 -1
1283.55102539 1 -1
1284.44702148 0 -1
1285.14904785 1 -1
1286.01904297 0 -1
1286.7989502 1 -1
1287.64099121 0 -1
1288.29602051 1 -1
1289.01196289 0 -1
1289.89404297 1 -1
1290.69995117 0 -1
1291.54699707 1 -1
1292.31896973 0 -1
1293.01293945 1 -1
1293.88500977 0 -1
1294.57897949 1 -1
1295.31604004 0 -1
1296.15795898 1 -1
1296.77697754 0 -1
1297.4329834 1 -1
1298.06896973 0 -1
1298.74401855 1 -1
1299.61206055 1 0
1300.50097656 2 0
1301.13098145 1 0
1302.00402832 2 0
1302.66796875 1 0
1303.45898438 2 0
1304.09594727 1 0
1304.77600098 2 0
1305.38598633 1 0
1306.28100586 2 0
1306.90405273 1 0
1307.60498047 1 -1
1308.2989502 1 0
1309.01196289 1 -1
1309.6529541 1 0
1310.28503418 1 -1
1311.17602539 1 0
1311.94702148 1 -1
1312.76904297 1 0
1313.56005859 1 -1
1314.21203613 1 0
1314.89001465 1 -1
1315.55505371 1 0
1316.20397949 1 -1
1316.89294434 1 0
1317.7199707 1 -1
1318.54394531 0 -1
1319.16394043 1 -1
1319.82397461 0 -1
1320.66394043 1 -1
1321.39404297 0 -1
1322.23803711 1 -1
1322.85803223 0 -1
1323.67602539 1 -1
1324.35595703 1 -2
1325.0090332 1 -1
1325.70703125 1 -2
1326.4630127 1 -1
1327.3380127 1 -2
1328.1920166 1 -1
1329.03405762 1 0
1329.91503906 1 -1
1330.60900879 1 0
1331.27697754 2 0
1332.06298828 1 0
1332.8840332 2 0
1333.55895996 1 0
1334.35205078 2 0
1335.24304199 1 0
1335.97094727 2 0
1336.64294434 1 0
1337.36303711 2 0
1338.13195801 1 0
1338.79504395 0 0
1339.4909668 1 0
1340.13903809 0 0
1341.00598145 1 0
1341.83203125 0 0
1342.57397461 1 0
1343.42504883 0 0
1344.125 1 0
1344.82800293 0 0
1345.68200684 1 0
1346.53894043 2 0
1347.34997559 1 0
1348.06896973 2 0
1348.68200684 2 -1
1349.5369873 1 -1
1350.28198242 1 0
1351.125 2 0
1351.81201172 2 -1
1352.44494629 2 0
1353.28100586 2 -1
1354.07800293 2 0
1354.83105469 2 -1
1355.7130127 2 0
1356.57104492 2 1
1357.40100098 2 0
1358.24401855 2 1
1359.07800293 2 0
1359.8659668 2 1
1360.5579834 2 0
1361.23901367 2 1
1361.96801758 2 0
1362.78601074 1 0
1363.41796875 2 0
1364.15600586 2 -1
1365.04199219 1 -1
1365.71801758 2 -1
1366.49304199 1 -1
1367.22900391 2 -1
1368.08703613 1 -1
1368.78894043 2 -1
1369.49597168 1 -1
1370.35803223 0 -1
1370.97094727 1 -1
1371.75305176 0 -1
1372.42504883 1 -1
1373.25695801 0 -1
1373.98205566 1 -1
1374.73400879 0 -1
1375.3840332 1 -1
1375.98706055 0 -1
1376.8079834 1 -1
1377.54797363 0 -1
1378.37194824 1 -1
1379.01501465 0 -1
1379.63793945 1 -1
1380.49804688 0 -1
1381.2590332 1 -1
1382.10095215 0 -1
1382.85900879 1 -1
1383.70495605 0 -1
1384.5760498 1 -1
1385.43701172 0 -1
1386.1159668 1 -1
1386.97900391 0 -1
1387.63903809 1 -1
1388.46704102 0 -1
1389.29699707 1 -1
1390.13903809 0 -1
1390.86206055 1 -1
1391.67504883 0 -1
1392.31005859 1 -1
1393.1529541 1 0
1393.99401855 1 -1
1394.83605957 1 0
1395.58605957 1 -1
1396.37194824 1 0
1397.01098633 1 -1
1397.67199707 1 0
1398.49804688 1 -1
1399.16003418 1 0
1400.00402832 1 -1
1400.60803223 1 -2
1401.36901855 1 -1
1402.26000977 1 -2
1402.91601562 1 -1
1403.7989502 1 -2
1404.41601562 1 -1
1405.19396973 1 0
1405.89001465 2 0
1406.77197266 1 0
1407.50805664 2 0
1408.1159668 1 0
1408.73706055 2 0
1409.57104492 1 0
1410.45202637 2 0
1411.17297363 1 0
1411.80603027 2 0
1412.61999512 1 0
1413.39404297 2 0
1414.27502441 1 0
1414.97595215 0 0
1415.60595703 1 0
1416.2220459 0 0
1416.95495605 1 0
1417.76403809 0 0
1418.4029541 1 0
1419.03100586 0 0
1419.7220459 1 0
1420.53503418 0 0
1421.33105469 1 0
1422.05603027 1 1
1422.75305176 2 1
1423.41699219 1 1
1424.13000488 2 1
1424.96203613 2 0
1425.64697266 1 0
1426.41296387 1 1
1427.19604492 1 0
1427.93505859 1 1
1428.72595215 1 0
1429.42700195 1 1
1430.07202148 1 0
1430.69604492 1 1
1431.33496094 1 0
1431.96105957 1 1
1432.79296875 1 0
1433.51696777 1 1
1434.39904785 1 0
1435.18701172 1 1
1435.875 1 0
1436.64904785 1 1
1437.35498047 1 2
1438.18701172 1 1
1438.84094238 1 2
1439.45300293 1 1
1440.2590332 1 2
1441.14794922 1 1
1441.80297852 1 0
1442.67504883 1 1
1443.53601074 1 0
1444.37194824 1 1
1445.11804199 1 0
1445.77502441 1 1
1446.59204102 1 0
1447.4909668 1 1
1448.25402832 1 0
1449.07495117 1 1
1449.90002441 1 0
1450.64196777 1 1
1451.49304199 1 0
1452.28894043 1 1
1452.89501953 1 0
1453.71801758 1 1
1454.43701172 1 0
1455.18994141 1 1
1455.92602539 2 1
1456.58398438 1 1
1457.24694824 2 1
1457.92004395 1 1
1458.73400879 0 1
1459.56298828 -1 1
1460.24804688 0 1
1461.10900879 -1 1
1461.92102051 0 1
1462.81994629 1 1
1463.52294922 0 1
1464.16101074 -1 1
1464.94995117 0 1
1465.71801758 1 1
1466.33496094 0 1
1466.94396973 -1 1
1467.64599609 0 1
1468.54003906 1 1
1469.36901855 0 1
1470.22705078 -1 1
1471.08898926 0 1
1471.73400879 -1 1
1472.57299805 0 1
1473.34204102 -1 1
1474.17895508 0 1
1474.88098145 -1 1
1475.64904785 0 1
1476.43005371 -1 1
1477.08605957 0 1
1477.95397949 -1 1
1478.7590332 0 1
1479.45202637 1 1
1480.0760498 0 1
1480.7869873 1 1
1481.64294434 0 1
1482.38305664 -1 1
1483.01403809 0 1
1483.63696289 1 1
1484.50097656 0 1
1485.21704102 1 1
1485.9510498 0 1
1486.85095215 1 1
1487.50695801 0 1
1488.10803223 1 1
1488.75 0 1
1489.60400391 1 1
1490.42797852 0 1
1491.19104004 1 1
1492.08496094 0 1
1492.87402344 1 1
1493.53796387 0 1
1494.22094727 1 1
1494.97998047 0 1
1495.70898438 1 1
1496.59802246 0 1
1497.29101562 1 1
1498.16296387 0 1
1498.8449707 1 1
1499.57800293 0 1
1500.18395996 1 1
1500.86694336 1 0
1501.70800781 1 1
1502.41699219 1 0
1503.21203613 1 1
1503.9239502 1 0
1504.62805176 1 1
1505.50695801 1 0
1506.34594727 1 1
1507.09094238 1 0
1507.75402832 1 1
1508.51696777 1 2
1509.1550293 1 1
1510.03295898 1 2
1510.80895996 1 1
1511.4510498 1 0
1512.11804199 1 1
1512.79699707 1 0
1513.45605469 1 1
1514.22998047 1 0
1515.06994629 1 1
1515.95996094 1 0
1516.83898926 1 1
1517.5579834 1 0
1518.34301758 2 0
1519.1550293 1 0
1519.77502441 2 0
1520.49499512 1 0
1521.17504883 2 0
1522.04394531 1 0
1522.74304199 2 0
1523.53894043 1 0
1524.34301758 2 0
1525.13793945 1 0
1526.01403809 2 0
1526.8079834 1 0
1527.61096191 0 0
1528.4510498 1 0
1529.31604004 0 0
1530.05102539 1 0
1530.65905762 0 0
1531.3470459 1 0
1532.15795898 0 0
1532.78295898 1 0
1533.55603027 0 0
1534.38793945 1 0
1535.19494629 0 0
1535.89794922 1 0
1536.70605469 2 0
1537.56396484 1 0
1538.42602539 2 0
1539.28295898 1 0
1540.15405273 1 -1
1540.8470459 1 0
1541.54797363 1 -1
1542.19494629 1 0
1543.08105469 1 -1
1543.93701172 1 0
1544.73901367 1 -1
1545.40002441 1 0
1546.1619873 1 -1
1546.87097168 1 0
1547.76403809 1 -1
1548.6159668 1 0
1549.23205566 1 -1
1550.02404785 1 0
1550.65600586 1 -1
1551.375 1 0
1552.02404785 1 -1
1552.91296387 1 0
1553.60498047 1 -1
1554.43395996 1 -2
1555.24304199 1 -1
1555.95495605 1 -2
1556.56896973 1 -1
1557.46801758 1 -2
1558.1920166 1 -1
1558.93701172 1 0
1559.82995605 2 0
1560.6619873 2 -1
1561.38098145 1 -1
1562.12902832 2 -1
1562.77197266 1 -1
1563.59899902 2 -1
1564.35205078 1 -1
1564.95996094 2 -1
1565.62902832 1 -1
1566.32104492 1 0
1566.92602539 2 0
1567.62695312 1 0
1568.35998535 2 0
1569.16503906 1 0
1570.02294922 0 0
1570.75097656 1 0
1571.58605957 0 0
1572.30395508 1 0
1572.9420166 0 0
1573.71594238 1 0
1574.57897949 0 0
1575.22497559 1 0
1575.93798828 1 1
1576.8079834 1 0
1577.48498535 1 1
1578.19897461 1 0
1578.80004883 1 1
1579.56103516 1 0
1580.45703125 1 1
1581.08300781 1 0
1581.81799316 1 1
1582.51000977 1 0
1583.31005859 1 1
1584.0949707 1 0
1584.80603027 1 1
1585.57995605 1 0
1586.37304688 1 1
1587.125 1 0
1587.96203613 1 1
1588.73205566 1 0
1589.56799316 1 1
1590.33703613 1 0
1591.01599121 1 1
1591.65600586 1 0
1592.42797852 1 1
1593.05297852 1 0
1593.85302734 1 1
1594.67102051 1 0
1595.39196777 1 1
1596.27905273 2 1
1597.04101562 1 1
1597.66003418 2 1
1598.5279541 1 1
1599.25695801 0 1
1599.92504883 1 1
1600.71594238 0 1
1601.54003906 1 1
1602.14599609 0 1
1603.03601074 1 1
1603.76000977 0 1
1604.38500977 1 1
1605.06994629 0 1
1605.91796875 1 1
1606.6159668 0 1
1607.40905762 1 1
1608.2779541 0 1
1609.15698242 1 1
1609.98999023 0 1
1610.59204102 1 1
1611.42700195 0 1
1612.24304199 1 1
1612.98901367 0 1
1613.63500977 1 1
1614.45703125 0 1
1615.09899902 1 1
1615.93395996 0 1
1616.81396484 1 1
1617.57702637 0 1
1618.30505371 1 1
1619.09899902 0 1
1619.92895508 1 1
1620.5760498 0 1
1621.44799805 0 2
1622.18701172 1 2
1623.00305176 0 2
1623.67199707 1 2
1624.45996094 0 2
1625.35705566 1 2
1626.07800293 0 2
1626.9630127 1 2
1627.81896973 0 2
1628.56994629 0 1
1629.3260498 -1 1
1630.14904785 0 1
1630.89001465 -1 1
1631.74499512 0 1
1632.57299805 -1 1
1633.2800293 0 1
1633.9239502 -1 1
1634.70898438 0 1
1635.52502441 -1 1
1636.23303223 0 1
1637.00805664 -1 1
1637.71704102 0 1
1638.5670166 0 2
1639.22302246 0 1
1640.01599121 0 2
1640.79504395 0 1
1641.4029541 0 2
1642.10400391 0 1
1642.76293945 -1 1
1643.60498047 -1 0
1644.375 -1 -1
1645.16101074 0 -1
1645.89404297 1 -1
1646.70703125 0 -1
1647.5489502 1 -1
1648.39794922 0 -1
1649.04602051 1 -1
1649.82495117 0 -1
1650.43005371 1 -1
1651.18798828 0 -1
1652.0369873 1 -1
1652.79699707 0 -1
1653.43994141 1 -1
1654.10302734 0 -1
1654.93701172 1 -1
1655.83605957 0 -1
1656.57495117 1 -1
1657.34399414 0 -1
1658.11999512 1 -1
1658.84399414 0 -1
1659.51904297 1 -1
1660.13000488 0 -1
1660.94604492 1 -1
1661.83898926 0 -1
1662.54003906 1 -1
1663.28100586 0 -1
1663.90905762 0 0
1664.53894043 1 0
1665.18005371 1 1
1665.875 0 1
1666.60998535 -1 1
1667.44799805 -1 0
1668.33105469 -1 -1
1668.99597168 0 -1
1669.83605957 0 0
1670.51904297 0 -1
1671.33703613 0 0
1672.18603516 0 -1
1673.06799316 0 -2
1673.73596191 0 -1
1674.42504883 0 -2
1675.02905273 0 -1
1675.89599609 0 -2
1676.50097656 0 -1
1677.33898926 0 -2
1678.1159668 0 -1
1678.88793945 0 -2
1679.65795898 0 -1
1680.43603516 0 0
1681.13195801 0 -1
1681.81201172 0 0
1682.52905273 1 0
1683.25195312 1 1
1684.08300781 0 1
1684.8470459 -1 1
1685.66503906 -1 0
1686.29199219 -1 -1
1686.98901367 -1 -2
1687.64599609 -1 -1
1688.47302246 -1 -2
1689.30700684 -1 -1
1690.10205078 0 -1
1690.74804688 0 0
1691.39294434 1 0
1692.1340332 1 1
1692.90405273 0 1
1693.5579834 -1 1
1694.30395508 -1 0
1695.10803223 -1 -1
1695.83105469 0 -1
1696.65405273 1 -1
1697.35400391 0 -1
1698.22900391 1 -1
1699.02502441 0 -1
1699.62805176 1 -1
1700.25695801 0 -1
1701.10803223 1 -1
1701.94897461 0 -1
1702.63598633 1 -1
1703.28100586 0 -1
1704.0300293 1 -1
1704.70495605 0 -1
1705.5760498 1 -1
1706.19897461 0 -1
1707.08996582 1 -1
1707.72094727 0 -1
1708.56298828 1 -1
1709.25598145 0 -1
1710.0279541 1 -1
1710.87597656 0 -1
1711.56298828 1 -1
1712.4329834 0 -1
1713.14697266 1 -1
1713.98498535 0 -1
1714.60705566 1 -1
1715.38903809 0 -1
1716.09301758 1 -1
1716.93005371 0 -1
1717.73303223 1 -1
1718.63098145 0 -1
1719.30102539 1 -1
1720.16503906 0 -1
1720.88696289 1 -1
1721.73803711 0 -1
1722.56799316 1 -1
1723.45996094 0 -1
1724.22802734 1 -1
1725.01098633 0 -1
1725.9050293 1 -1
1726.77001953 0 -1
1727.49804688 -1 -1
1728.24597168 0 -1
1728.9510498 -1 -1
1729.76403809 0 -1
1730.47900391 -1 -1
1731.36499023 0 -1
1732.12695312 -1 -1
1732.97094727 -1 -2
1733.5970459 -1 -1
1734.38903809 -1 -2
1735.20495605 -1 -1
1736.05895996 -1 0
1736.94494629 -1 -1
1737.83398438 -1 0
1738.49304199 -1 -1
1739.30102539 -1 0
1740.01196289 -1 -1
1740.78405762 -1 0
1741.64794922 -1 -1
1742.39697266 -1 0
1743.26501465 -1 -1
1744.03601074 -1 0
1744.72998047 -1 1
1745.46899414 -1 0
1746.20495605 -1 1
1746.86096191 -1 0
1747.60900879 -1 1
1748.31604004 -1 0
1749.2130127 -1 1
1749.94299316 -1 0
1750.64196777 -1 1
1751.3380127 -1 0
1752.01293945 -1 1
1752.64294434 -1 0
1753.4699707 -1 1
1754.33605957 -1 0
1755.08105469 -2 0
1755.78405762 -1 0
1756.58703613 -2 0
1757.43200684 -1 0
1758.20202637 -2 0
1758.8079834 -1 0
1759.58203125 -2 0
1760.40002441 -1 0
1761.2199707 0 0
1762.09094238 -1 0
1762.84399414 0 0
1763.52502441 -1 0
1764.24304199 0 0
1765.10302734 -1 0
1765.75402832 0 0
1766.36999512 -1 0
1767.20495605 0 0
1767.84204102 -1 0
1768.57702637 -2 0
1769.27001953 -1 0
1770.16503906 -2 0
1770.95898438 -1 0
1771.63793945 -2 0
1772.48999023 -1 0
1773.30505371 -2 0
1773.91796875 -1 0
1774.72705078 -2 0
1775.52099609 -1 0
1776.3380127 -2 0
1776.96801758 -1 0
1777.73999023 -1 1
1778.40002441 0 1
1779.25598145 -1 1
1780.01904297 0 1
1780.69494629 -1 1
1781.39501953 0 1
1782.00695801 -1 1
1782.77697754 0 1
1783.43896484 -1 1
1784.10705566 0 1
1784.77099609 0 2
1785.64904785 0 1
1786.26293945 0 2
1786.90405273 0 1
1787.73706055 0 0
1788.54699707 0 1
1789.17797852 0 0
1789.80102539 0 1
1790.62695312 0 0
1791.51000977 0 1
1792.18896484 0 0
1793.0300293 0 1
1793.86804199 0 0
1794.72497559 0 1
1795.56604004 0 2
1796.22705078 0 1
1796.91894531 0 2
1797.62695312 0 1
1798.27197266 0 2
1798.95898438 0 1
1799.77404785 -1 1
1800.47802734 0 1
1801.07897949 -1 1
1801.94995117 0 1
1802.625 1 1
1803.29504395 0 1
1803.91796875 1 1
1804.60205078 0 1
1805.25 1 1
1806.11694336 0 1
1806.95703125 1 1
1807.76794434 0 1
1808.45703125 1 1
1809.18994141 0 1
1809.98999023 1 1
1810.7590332 0 1
1811.58203125 1 1
1812.45800781 0 1
1813.2199707 1 1
1813.87597656 0 1
1814.48303223 1 1
1815.15795898 0 1
1815.82397461 1 1
1816.44702148 1 0
1817.2779541 1 -1
1818.06396484 0 -1
1818.85900879 -1 -1
1819.53295898 -1 0
1820.40197754 0 0
1821.25097656 0 1
1822.09594727 1 1
1822.89794922 1 0
1823.63500977 1 -1
1824.47399902 0 -1
1825.35400391 -1 -1
1826.24597168 0 -1
1826.8470459 -1 -1
1827.47497559 -1 0
1828.30505371 0 0
1829.18994141 0 1
1830.07800293 1 1
1830.97705078 1 0
1831.6159668 1 -1
1832.38598633 0 -1
1833.21398926 -1 -1
1833.89001465 -1 0
1834.57495117 -1 1
1835.38598633 0 1
1836.18994141 1 1
1836.93505859 1 0
1837.77099609 1 -1
1838.67102051 0 -1
1839.33703613 -1 -1
1840.21398926 -1 0
1840.99804688 -1 1
1841.83703613 0 1
1842.5949707 -1 1
1843.47998047 0 1
1844.29199219 -1 1
1845.01098633 0 1
1845.86206055 -1 1
1846.68200684 0 1
1847.5670166 -1 1
1848.32897949 0 1
1848.98901367 -1 1
1849.61901855 0 1
1850.37402344 -1 1
1851.04602051 0 1
1851.87194824 -1 1
1852.68896484 0 1
1853.54602051 -1 1
1854.41503906 0 1
1855.19604492 -1 1
1855.9420166 0 1
1856.59094238 -1 1
1857.47399902 0 1
1858.07897949 0 2
1858.68505859 0 1
1859.30297852 0 2
1859.91894531 0 1
1860.8079834 0 2
1861.4699707 0 1
1862.16101074 0 2
1862.87902832 0 1
1863.55004883 0 0
1864.31604004 -1 0
1865.16003418 -1 -1
1865.81994629 -1 0
1866.50500488 -1 -1
1867.21899414 -1 0
1868.11303711 -1 -1
1868.85803223 -1 0
1869.64404297 -1 -1
1870.47900391 -1 0
1871.14599609 -1 -1
1871.91894531 -1 0
1872.57995605 -1 -1
1873.32397461 -1 0
1873.92895508 -1 -1
1874.75402832 -1 -2
1875.48095703 -1 -1
1876.31005859 -1 -2
1876.96203613 -1 -1
1877.59594727 -1 0
1878.31494141 -1 -1
1879.20202637 -1 0
1880.09301758 -1 -1
1880.88500977 0 -1
1881.53894043 -1 -1
1882.43005371 0 -1
1883.27697754 -1 -1
1883.93200684 0 -1
1884.54101562 -1 -1
1885.36206055 0 -1
1886.16394043 -1 -1
1887.06298828 0 -1
1887.76196289 1 -1
1888.5670166 0 -1
1889.39599609 1 -1
1890.10803223 0 -1
1891.00805664 1 -1
1891.75598145 0 -1
1892.5489502 1 -1
1893.39501953 0 -1
1894.01098633 1 -1
1894.89501953 0 -1
1895.58300781 1 -1
1896.25305176 0 -1
1897.12805176 1 -1
1897.97399902 0 -1
1898.83898926 1 -1
1899.55895996 0 -1
1900.29199219 1 -1
1900.97998047 0 -1
1901.71704102 1 -1
1902.44104004 0 -1
1903.05505371 1 -1
1903.86206055 0 -1
1904.72497559 1 -1
1905.41796875 1 0
1906.12194824 1 -1
1906.97094727 1 0
1907.7989502 1 -1
1908.60998535 1 0
1909.41796875 1 -1
1910.25805664 1 0
1911.09899902 1 -1
1911.98205566 1 0
1912.72595215 1 -1
1913.43005371 1 -2
1914.24304199 1 -1
1915.07995605 1 0
1915.90698242 1 -1
1916.73095703 1 0
1917.41503906 1 -1
1918.17199707 1 0
1918.96899414 1 -1
1919.72900391 1 0
1920.5090332 1 -1
1921.35705566 1 0
1922.08105469 1 -1
1922.69702148 0 -1
1923.32702637 1 -1
1924.17199707 0 -1
1924.84301758 -1 -1
1925.5880127 0 -1
1926.25305176 -1 -1
1926.88903809 0 -1
1927.54003906 -1 -1
1928.3079834 0 -1
1929.16601562 -1 -1
1930.04003906 -1 0
1930.68005371 -1 -1
1931.29699707 -1 0
1931.99804688 -1 -1
1932.74194336 -1 0
1933.5579834 -1 -1
1934.36096191 -1 0
1935.08105469 -1 -1
1935.94299316 -1 0
1936.83898926 -1 -1
1937.68200684 -1 0
1938.3449707 -1 -1
1938.9699707 0 -1
1939.68798828 -1 -1
1940.43395996 0 -1
1941.16003418 -1 -1
1941.7779541 0 -1
1942.48095703 -1 -1
1943.23205566 0 -1
1943.96203613 -1 -1
1944.82800293 0 -1
1945.45898438 -1 -1
1946.28295898 0 -1
1947.11303711 -1 -1
1947.85302734 0 -1
1948.73596191 -1 -1
1949.47399902 0 -1
1950.33300781 -1 -1
1951.21496582 0 -1
1951.82995605 -1 -1
1952.49597168 0 -1
1953.15698242 -1 -1
1953.87304688 0 -1
1954.61303711 -1 -1
1955.29602051 0 -1
1956.04003906 1 -1
1956.67102051 0 -1
1957.46496582 1 -1
1958.34594727 0 -1
1959.14599609 1 -1
1959.80297852 1 -2
1960.49804688 0 -2
1961.28100586 0 -1
1961.98999023 0 -2
1962.61499023 0 -1
1963.33398438 0 -2
1964.01501465 0 -1
1964.71105957 0 -2
1965.33203125 0 -1
1966.02697754 0 0
1966.64697266 0 -1
1967.31396484 0 0
1968.14099121 0 -1
1968.94299316 0 0
1969.83496094 0 -1
1970.71704102 0 0
1971.33300781 0 -1
1972.05200195 1 -1
1972.79504395 1 0
1973.41503906 1 -1
1974.05895996 1 0
1974.85498047 1 -1
1975.61096191 0 -1
1976.32800293 1 -1
1977.10498047 0 -1
1977.89501953 1 -1
1978.79199219 0 -1
1979.39599609 1 -1
1980.18200684 0 -1
1981.04003906 1 -1
1981.77099609 0 -1
1982.45397949 1 -1
1983.21801758 0 -1
1983.88500977 1 -1
1984.72705078 0 -1
1985.42297363 1 -1
1986.05603027 0 -1
1986.66296387 1 -1
1987.38598633 0 -1
1988.2800293 1 -1
1989.01098633 0 -1
1989.68701172 1 -1
1990.43994141 0 -1
1991.07104492 1 -1
1991.79797363 0 -1
1992.48205566 1 -1
1993.20800781 0 -1
1994.02001953 -1 -1
1994.65905762 0 -1
1995.36206055 -1 -1
1996.0489502 0 -1
1996.76293945 -1 -1
1997.65600586 0 -1
1998.52001953 -1 -1
1999.1739502 0 -1
1999.85095215 -1 -1
2000.59899902 0 -1
2001.36401367 -1 -1
2002.12304688 0 -1
2002.82397461 -1 -1
2003.57104492 0 -1
2004.44104004 -1 -1
2005.20202637 0 -1
2005.97595215 -1 -1
2006.76000977 0 -1
2007.38598633 -1 -1
2008.13793945 0 -1
2008.73803711 0 -2
2009.48205566 0 -1
2010.28796387 0 -2
2011.1159668 0 -1
2011.84204102 0 -2
2012.61499023 0 -1
2013.42895508 0 -2
2014.10705566 0 -1
2014.92297363 1 -1
2015.70996094 0 -1
2016.60998535 1 -1
2017.43701172 0 -1
2018.19995117 1 -1
2019.09301758 0 -1
2019.97595215 1 -1
2020.81604004 0 -1
2021.44799805 1 -1
2022.13500977 0 -1
2022.75598145 1 -1
2023.56799316 0 -1
2024.28198242 1 -1
2025.06799316 0 -1
2025.76696777 1 -1
2026.44396973 0 -1
2027.15197754 1 -1
2027.99499512 0 -1
2028.61096191 1 -1
2029.39404297 0 -1
2030.01293945 1 -1
2030.6340332 0 -1
2031.38696289 1 -1
2032.17797852 0 -1
2032.81396484 1 -1
2033.50805664 0 -1
2034.28894043 1 -1
2035.12097168 0 -1
2035.7800293 1 -1
2036.39001465 0 -1
2037.22998047 1 -1
2037.89904785 0 -1
2038.58496094 -1 -1
2039.23999023 0 -1
2039.99902344 -1 -1
2040.66894531 -1 0
2041.53405762 -1 -1
2042.35498047 -1 0
2043.0970459 -1 -1
2043.98205566 -1 0
2044.70703125 -1 -1
2045.44799805 -1 0
2046.28100586 -1 -1
2047.05297852 -1 0
2047.87902832 -1 -1
2048.69702148 -1 0
2049.31103516 -1 -1
2049.92089844 -1 0
2050.72094727 -1 -1
2051.55688477 0 -1
2052.20507812 -1 -1
2053.03100586 0 -1
2053.65209961 -1 -1
2054.50805664 0 -1
2055.16503906 -1 -1
2056.04711914 0 -1
2056.76708984 -1 -1
2057.53295898 0 -1
2058.33007812 -1 -1
2059.17211914 0 -1
2059.83203125 -1 -1
2060.51391602 0 -1
2061.13598633 -1 -1
2061.85498047 0 -1
2062.71801758 -1 -1
2063.50292969 0 -1
2064.13989258 -1 -1
2064.90307617 0 -1
2065.79296875 -1 -1
2066.62402344 0 -1
2067.31811523 -1 -1
2068.17602539 0 -1
2068.98999023 -1 -1
2069.76611328 0 -1
2070.59204102 -1 -1
2071.38500977 0 -1
2072.18188477 -1 -1
2073.00708008 0 -1
2073.8449707 1 -1
2074.71411133 0 -1
2075.60498047 1 -1
2076.34008789 0 -1
2077.14697266 0 -2
2077.98291016 0 -1
2078.80810547 0 -2
2079.60791016 0 -1
2080.20898438 0 0
2080.88696289 0 -1
2081.51098633 0 0
2082.18701172 0 -1
2082.9519043 0 0
2083.74707031 0 -1
2084.54199219 0 -2
2085.36499023 0 -1
2086.18310547 0 -2
2086.96801758 0 -1
2087.5690918 0 -2
2088.45898438 0 -1
2089.2980957 0 0
2090.17993164 0 -1
2091.05395508 0 0
2091.74511719 1 0
2092.39990234 2 0
2093.06689453 1 0
2093.74511719 2 0
2094.58789062 1 0
2095.26000977 2 0
2096.11303711 1 0
2096.95996094 2 0
2097.85791016 1 0
2098.74707031 2 0
2099.36108398 1 0
2100.19311523 2 0
2100.98193359 1 0
2101.60107422 0 0
2102.34790039 1 0
2103.03491211 0 0
2103.85107422 1 0
2104.56298828 0 0
2105.17895508 1 0
2105.97607422 0 0
2106.60693359 1 0
2107.25708008 0 0
2107.95703125 1 0
2108.67407227 0 0
2109.3359375 1 0
2110.23291016 0 0
2111.04711914 1 0
2111.76708984 1 -1
2112.63696289 0 -1
2113.46606445 1 -1
2114.24389648 1 0
2114.8659668 1 -1
2115.55493164 1 0
2116.3359375 1 -1
2117.22094727 1 0
2117.83300781 1 -1
2118.44897461 1 0
2119.1809082 1 -1
2119.80297852 1 0
2120.65405273 1 -1
2121.41992188 1 0
2122.25805664 1 -1
2122.86499023 1 0
2123.55810547 1 -1
2124.20898438 1 0
2124.87402344 1 -1
2125.49511719 1 0
2126.20092773 1 -1
2127.02709961 1 0
2127.88500977 1 -1
2128.53100586 1 0
2129.39599609 1 -1
2130.06298828 1 0
2130.73388672 1 -1
2131.38891602 1 -2
2132.11010742 1 -1
2132.79492188 1 -2
2133.63696289 1 -1
2134.48291016 1 0
2135.11108398 2 0
2135.72705078 1 0
2136.37011719 2 0
2137.03100586 1 0
2137.81494141 2 0
2138.58398438 1 0
2139.37402344 1 1
2139.98999023 1 0
2140.85107422 1 1
2141.71801758 1 0
2142.41088867 1 1
2143.13110352 1 0
2143.96411133 1 1
2144.57299805 1 0
2145.21899414 1 1
2145.87304688 1 0
2146.69189453 1 1
2147.41308594 1 0
2148.14404297 1 1
2149.02197266 1 0
2149.86206055 1 1
2150.54003906 1 0
2151.14404297 1 1
2151.98095703 1 0
2152.87890625 1 1
2153.53295898 0 1
2154.18994141 -1 1
2154.82299805 0 1
2155.59912109 -1 1
2156.28100586 0 1
2157.09912109 -1 1
2157.97802734 0 1
2158.7890625 -1 1
2159.58007812 0 1
2160.45092773 1 1
2161.3059082 0 1
2162.00708008 1 1
2162.65405273 0 1
2163.5090332 1 1
2164.34790039 0 1
2165.18505859 1 1
2165.99804688 0 1
2166.76293945 1 1
2167.50292969 0 1
2168.13793945 1 1
2168.87207031 0 1
2169.64599609 1 1
2170.35791016 0 1
2171.11010742 1 1
2171.96899414 0 1
2172.69506836 1 1
2173.47900391 0 1
2174.27905273 1 1
2175.17797852 0 1
2175.92407227 1 1
2176.77905273 0 1
2177.4440918 -1 1
2178.12890625 0 1
2178.8190918 -1 1
2179.46411133 0 1
2180.30004883 -1 1
2180.96704102 0 1
2181.59912109 -1 1
2182.42407227 0 1
2183.32202148 -1 1
2184.0 0 1
2184.6159668 1 1
2185.25097656 0 1
2186.09008789 1 1
2186.98510742 0 1
2187.75488281 -1 1
2188.37695312 0 1
2189.17211914 1 1
2189.80810547 0 1
2190.66503906 1 1
2191.31494141 0 1
2192.17993164 1 1
2192.91503906 0 1
2193.68896484 -1 1
2194.56591797 0 1
2195.20996094 -1 1
2195.88891602 0 1
2196.66894531 -1 1
2197.29296875 0 1
2197.99804688 -1 1
2198.82202148 0 1
2199.53710938 -1 1
2200.2590332 0 1
2201.01196289 1 1
2201.64501953 0 1
2202.27001953 0 2
2202.95507812 0 1
2203.57202148 0 2
2204.24389648 0 1
2204.98901367 0 0
2205.82006836 0 1
2206.62695312 0 0
2207.23803711 0 1
2207.86499023 0 0
2208.59912109 0 1
2209.38208008 0 0
2210.19091797 0 1
2210.88696289 0 0
2211.50610352 0 1
2212.10888672 0 0
2212.89306641 0 1
2213.62988281 0 0
2214.39892578 0 1
2215.01293945 0 0
2215.83496094 0 1
2216.48291016 0 2
2217.32788086 0 1
2217.95996094 1 1
2218.77392578 0 1
2219.58789062 1 1
2220.23510742 0 1
2220.86010742 1 1
2221.55200195 0 1
2222.40795898 1 1
2223.14794922 0 1
2223.91308594 1 1
2224.60009766 0 1
2225.47192383 1 1
2226.21191406 0 1
2226.86889648 -1 1
2227.48095703 0 1
2228.1640625 -1 1
2228.93994141 0 1
2229.69702148 -1 1
2230.57788086 0 1
2231.38696289 -1 1
2232.2109375 0 1
2232.8269043 -1 1
2233.66796875 0 1
2234.44702148 -1 1
2235.08398438 0 1
2235.75292969 -1 1
2236.49291992 0 1
2237.34594727 -1 1
2237.96899414 0 1
2238.61889648 -1 1
2239.44702148 0 1
2240.23291016 -1 1
2240.88305664 0 1
2241.77392578 -1 1
2242.42797852 0 1
2243.21606445 1 1
2243.9050293 0 1
2244.69897461 1 1
2245.52294922 0 1
2246.40893555 1 1
2247.01196289 0 1
2247.90698242 1 1
2248.66796875 0 1
2249.53491211 0 2
2250.41308594 1 2
2251.16210938 0 2
2251.99707031 1 2
2252.80200195 0 2
2253.55200195 1 2
2254.31298828 0 2
2255.02197266 -1 2
2255.83007812 0 2
2256.50610352 0 1
2257.37695312 -1 1
2257.99291992 0 1
2258.83203125 -1 1
2259.70605469 0 1
2260.56396484 -1 1
2261.43408203 0 1
2262.27197266 -1 1
2263.14111328 0 1
2263.83300781 -1 1
2264.62792969 0 1
2265.4050293 -1 1
2266.27587891 0 1
2267.14208984 -1 1
2267.81005859 0 1
2268.53295898 -1 1
2269.29907227 0 1
2270.0 -1 1
2270.87011719 0 1
2271.69311523 -1 1
2272.36401367 0 1
2273.23901367 -1 1
2274.11791992 0 1
2274.72802734 0 2
2275.54711914 0 1
2276.39501953 0 2
2277.03198242 0 1
2277.8840332 0 2
2278.57910156 0 1
2279.37597656 0 2
2279.98193359 0 1
2280.64990234 0 2
2281.44311523 0 1
2282.19799805 -1 1
2282.81591797 0 1
2283.56005859 -1 1
2284.39990234 0 1
2285.07397461 1 1
2285.8190918 0 1
2286.60595703 1 1
2287.39990234 0 1
2288.05004883 1 1
2288.77197266 0 1
2289.47094727 1 1
2290.29492188 0 1
2290.96801758 1 1
2291.85595703 0 1
2292.64892578 1 1
2293.49291992 0 1
2294.13989258 1 1
2294.77905273 0 1
2295.57495117 1 1
2296.20288086 0 1
2296.99804688 1 1
2297.73095703 0 1
2298.51098633 1 1
2299.27709961 0 1
2300.12792969 1 1
2300.88500977 0 1
2301.56005859 0 0
2302.29711914 -1 0
2303.0390625 -1 -1
2303.93408203 0 -1
2304.59790039 1 -1
2305.31689453 1 0
2305.9699707 1 1
2306.62402344 0 1
2307.47509766 0 0
2308.22607422 -1 0
2308.94799805 -1 -1
2309.78710938 0 -1
2310.59912109 1 -1
2311.2980957 1 0
2312.0480957 1 1
2312.75292969 0 1
2313.42797852 -1 1
2314.14404297 0 1
2314.92797852 -1 1
2315.60888672 0 1
2316.21191406 -1 1
2316.90087891 0 1
2317.59204102 -1 1
2318.28710938 0 1
2318.90600586 -1 1
2319.51708984 0 1
2320.32495117 -1 1
2321.14697266 0 1
2321.97412109 -1 1
2322.79907227 0 1
2323.5559082 -1 1
2324.40209961 0 1
2325.13598633 1 1
2325.81591797 0 1
2326.51098633 1 1
2327.12988281 0 1
2327.74389648 1 1
2328.46289062 0 1
2329.26293945 1 1
2330.05297852 0 1
2330.77587891 1 1
2331.66894531 0 1
2332.30908203 1 1
2333.01000977 0 1
2333.67504883 -1 1
2334.41796875 0 1
2335.23999023 -1 1
2336.0769043 0 1
2336.89501953 -1 1
2337.78491211 0 1
2338.65698242 -1 1
2339.34106445 0 1
2339.97094727 -1 1
2340.65307617 0 1
2341.51391602 -1 1
2342.14794922 0 1
2342.79907227 1 1
2343.41503906 0 1
2344.30810547 1 1
2344.96411133 0 1
2345.69799805 1 1
2346.49291992 0 1
2347.39111328 1 1
2348.00390625 0 1
2348.87304688 1 1
2349.65087891 0 1
2350.41699219 1 1
2351.1340332 0 1
2351.89306641 1 1
2352.73291016 0 1
2353.36791992 1 1
2354.23291016 0 1
2354.85595703 -1 1
2355.62207031 0 1
2356.33789062 -1 1
2357.13793945 0 1
2357.78393555 -1 1
2358.56005859 0 1
2359.43701172 -1 1
2360.33105469 0 1
2360.96704102 -1 1
2361.79492188 0 1
2362.64404297 -1 1
2363.27099609 0 1
2364.01708984 -1 1
2364.63598633 0 1
2365.47412109 0 0
2366.20898438 0 1
2366.83789062 0 0
2367.71606445 0 1
2368.42993164 0 2
2369.0769043 0 1
2369.8359375 0 0
2370.46191406 0 1
2371.2109375 0 0
2371.94995117 0 1
2372.60498047 0 2
2373.39306641 0 1
2374.03710938 0 0
2374.71606445 0 1
2375.34399414 0 0
2375.98803711 0 1
2376.61499023 0 2
2377.29394531 0 1
2377.97900391 0 2
2378.68188477 0 1
2379.54907227 1 1
2380.40209961 0 1
2381.17895508 1 1
2382.01708984 0 1
2382.86401367 1 1
2383.55493164 0 1
2384.17895508 1 1
2384.82006836 0 1
2385.58691406 1 1
2386.40307617 0 1
2387.02001953 1 1
2387.69897461 0 1
2388.3269043 1 1
2389.01000977 0 1
2389.67700195 1 1
2390.5 0 1
2391.23388672 1 1
2391.99511719 0 1
2392.64697266 1 1
2393.31201172 0 1
2394.11791992 -1 1
2394.99707031 0 1
2395.71899414 -1 1
2396.61303711 0 1
2397.34912109 -1 1
2398.02099609 0 1
2398.68603516 -1 1
2399.50097656 0 1
