0.500999987125 1 1
1.16100001335 1 0
1.85500001907 1 -1
2.61899995804 1 -2
3.36999988556 1 -3
4.01900005341 1 -3
4.64900016785 0 -3
5.40100002289 -1 -3
6.29500007629 0 -3
6.94099998474 -1 -3
7.60500001907 -2 -3
8.45699977875 -2 -3
9.09799957275 -2 -3
9.83699989319 -2 -3
10.6529998779 -3 -3
r
11.4189996719 -2 -2
12.1000003815 -3 -2
12.8809995651 -3 -2
13.5830001831 -3 -2
14.3509998322 -3 -2
15.1940002441 -3 -2
16.0520000458 -3 -2
16.6660003662 -3 -2
17.4249992371 -3 -2
18.2730007172 -3 -2
19.1660003662 -3 -3
r
19.9570007324 2 -2
20.8129997253 2 -3
21.5499992371 2 -3
22.3120002747 1 -3
23.0160007477 0 -3
23.7980003357 0 -3
24.5079994202 0 -3
25.408000946 0 -3
26.0629997253 0 -3
26.7339992523 0 -3
27.341999054 0 -2
28.1410007477 0 -1
28.861000061 0 -2
29.7439994812 0 -3
30.5690002441 0 -3
31.2919998169 1 -3
32.0810012817 2 -3
32.8390007019 3 -3
33.6150016785 3 -2
34.311000824 3 -2
35.0810012817 3 -2
35.9249992371 3 -2
36.5480003357 3 -1
37.408000946 3 0
38.2130012512 2 0
39.0060005188 1 0
39.7589988708 0 0
40.6230010986 0 -1
41.3689994812 -1 -1
42.2109985352 -1 -2
43.0200004578 -1 -3
43.9119987488 -1 -3
44.7779998779 -1 -3
45.4420013428 -2 -3
46.2270011902 -2 -3
47.0439987183 -2 -3
47.9010009766 -2 -3
48.5379981995 -2 -3
49.1980018616 -2 -3
49.9560012817 -2 -3
50.6380004883 -3 -3
r
51.2789993286 -2 2
51.9739990234 -2 1
52.7540016174 -2 0
53.6199989319 -2 -1
54.3079986572 -2 -2
55.0880012512 -3 -2
55.8009986877 -3 -3
r
56.5989990234 2 2
57.3790016174 2 1
58.0229988098 2 0
58.6619987488 1 0
59.3909988403 1 -1
60.2610015869 0 -1
60.8930015564 0 -2
61.641998291 0 -3
62.422000885 0 -3
63.0839996338 -1 -3
63.7659988403 -1 -3
64.4260025024 -1 -3
65.2850036621 -1 -3
65.9140014648 -1 -3
66.6070022583 -1 -3
67.2689971924 -1 -3
67.9649963379 -2 -3
68.6139984131 -2 -3
69.4599990845 -2 -3
70.1380004883 -2 -3
70.7910003662 -2 -3
71.3939971924 -2 -3
72.1989974976 -2 -3
72.986000061 -2 -3
73.6259994507 -2 -3
74.4430007935 -3 -3
r
75.0749969482 -2 -2
75.908996582 -3 -2
76.7900009155 -3 -3
r
77.4929962158 2 -2
78.2910003662 1 -2
79.1050033569 0 -2
79.7509994507 -1 -2
80.4479980469 -1 -3
81.0999984741 -2 -3
81.8000030518 -2 -3
82.6969985962 -2 -3
83.5080032349 -2 -3
84.3249969482 -3 -3
r
85.1149978638 -2 2
85.8050003052 -2 1
86.4349975586 -2 0
87.0749969482 -2 -1
87.7119979858 -2 -2
88.3450012207 -3 -2
89.1139984131 -3 -3
r
89.7969970703 2 2
90.4479980469 2 1
91.3300018311 3 1
92.1529998779 3 1
92.841003418 3 0
93.7119979858 2 0
94.6070022583 1 0
95.4430007935 1 -1
96.1129989624 0 -1
96.8539962769 -1 -1
97.6399993896 -1 -2
98.4960021973 -1 -3
99.0999984741 -2 -3
99.8730010986 -3 -3
r
100.527000427 -2 -2
101.184997559 -3 -2
101.948997498 -3 -3
r
102.660003662 2 -2
103.489997864 1 -2
104.175003052 0 -2
105.01499939 -1 -2
105.901000977 -2 -2
106.517997742 -2 -3
107.291000366 -3 -3
r
107.949996948 -2 2
108.557998657 -2 1
109.253997803 -2 0
109.880996704 -2 -1
110.505996704 -2 -2
111.238998413 -3 -2
112.050003052 -3 -3
r
112.682998657 2 2
113.369003296 2 1
114.174003601 2 0
114.956001282 1 0
115.593002319 1 -1
116.388000488 0 -1
117.193000793 -1 -1
117.907997131 -2 -1
118.549003601 -2 -2
119.23500061 -2 -3
120.043998718 -3 -3
r
120.943000793 -2 -2
121.656997681 -2 -3
122.480003357 -3 -3
r
123.178001404 2 -2
123.808998108 1 -2
124.615997314 0 -2
125.399002075 -1 -2
126.071998596 -2 -2
126.711997986 -3 -2
127.480003357 -3 -3
r
128.149993896 -2 2
128.914001465 -2 1
129.587005615 -2 0
130.279006958 -2 -1
130.880004883 -2 -2
131.563995361 -3 -2
132.384994507 -3 -3
r
133.158996582 2 2
133.884002686 2 1
134.770996094 2 0
135.48500061 1 0
136.363006592 2 0
137.106994629 3 0
137.917007446 3 1
138.610992432 3 0
139.488006592 3 0
140.182998657 3 0
141.080001831 3 1
141.902999878 3 0
142.505004883 3 0
143.332992554 3 0
144.154998779 2 0
144.837005615 3 0
145.445007324 2 0
146.218002319 3 0
147.110992432 2 0
147.996002197 2 1
148.615005493 2 0
149.350006104 2 -1
149.979995728 1 -1
150.651992798 0 -1
151.309005737 -1 -1
151.994003296 -1 -2
152.718994141 -2 -2
153.595001221 -2 -3
154.296005249 -3 -3
r
155.020004272 -2 -2
155.714004517 -3 -2
156.503005981 -3 -3
r
157.29800415 2 -2
157.998001099 1 -2
158.664993286 0 -2
159.307998657 -1 -2
159.988998413 -2 -2
160.619003296 -3 -2
161.322998047 -3 -3
r
162.138000488 -2 2
162.964996338 -2 1
163.621994019 -2 0
164.490997314 -2 -1
165.307998657 -2 -2
166.195007324 -2 -3
167.01499939 -3 -3
r
167.75100708 2 2
168.585006714 2 1
169.339996338 2 0
169.968994141 2 1
170.856994629 2 0
171.697998047 2 1
172.552001953 2 0
173.352005005 2 1
174.179992676 2 0
174.809005737 2 1
175.660003662 2 0
176.307006836 3 0
176.925994873 2 0
177.638000488 3 0
178.31199646 2 0
179.003005981 1 0
179.641998291 0 0
180.481002808 0 -1
181.160003662 -1 -1
181.99899292 -2 -1
182.776992798 -2 -2
183.531997681 -3 -2
184.276992798 -3 -3
r
184.98399353 -2 -2
185.656005859 -3 -2
186.524002075 -3 -3
r
187.143997192 2 -2
187.908996582 1 -2
188.73500061 0 -2
189.514007568 -1 -2
190.341003418 -2 -2
191.057998657 -3 -2
191.949005127 -3 -3
r
192.554000854 -2 2
193.43800354 -2 1
194.089004517 -2 0
194.796005249 -2 -1
195.690002441 -2 -2
196.29699707 -3 -2
197.158996582 -3 -3
r
197.912994385 2 2
198.697998047 2 3
199.518005371 2 3
200.268005371 1 3
201.130004883 2 3
201.804000854 1 3
202.539993286 0 3
203.207992554 0 2
204.039001465 0 1
204.850997925 0 0
205.692993164 0 -1
206.481994629 -1 -1
207.222000122 -2 -1
207.824996948 -2 -2
208.513000488 -2 -3
209.289001465 -3 -3
r
209.89100647 -2 -2
210.606994629 -3 -2
211.261001587 -3 -3
r
211.929992676 2 -2
212.82699585 1 -2
213.667007446 0 -2
214.332992554 -1 -2
215.003997803 -2 -2
215.848007202 -3 -2
216.667007446 -3 -3
r
217.395004272 -2 2
218.044998169 -2 1
218.725006104 -2 0
219.516998291 -2 -1
220.25 -2 -2
221.136993408 -2 -3
221.973007202 -3 -3
r
222.807006836 2 2
223.669006348 1 2
224.477005005 1 3
225.10899353 0 3
225.776000977 0 2
226.432998657 0 1
227.253997803 0 0
228.024993896 0 -1
228.841003418 -1 -1
229.68699646 -2 -1
230.54800415 -2 -2
231.391998291 -3 -2
232.259002686 -3 -3
r
232.960006714 -2 -2
233.742004395 -3 -2
234.375 -3 -3
r
235.113998413 2 -2
235.899993896 1 -2
236.511001587 0 -2
237.177993774 -1 -2
238.0 -2 -2
238.692001343 -3 -2
239.449996948 -3 -3
r
240.12399292 -2 2
240.800994873 -2 1
241.677993774 -2 0
242.412002563 -2 -1
243.152999878 -2 -2
243.945999146 -2 -3
244.688995361 -3 -3
r
245.466003418 2 2
246.089004517 2 3
246.699005127 1 3
247.434005737 2 3
248.147003174 1 3
248.76600647 0 3
249.651992798 0 2
250.470993042 0 1
251.360992432 0 0
252.152999878 0 -1
252.917999268 -1 -1
253.817001343 -2 -1
254.529006958 -2 -2
255.410995483 -3 -2
256.058013916 -3 -3
r
256.941009521 -2 -2
257.652008057 -3 -2
258.514007568 -3 -3
r
259.309997559 2 -2
260.109985352 1 -2
260.829986572 0 -2
261.600006104 -1 -2
262.455993652 -2 -2
263.196014404 -3 -2
264.085998535 -3 -3
r
264.955993652 -2 2
265.589996338 -2 1
266.317993164 -2 0
266.938995361 -2 -1
267.631011963 -2 -2
268.437988281 -3 -2
269.312011719 -3 -3
r
270.20401001 2 2
270.838012695 1 2
271.713989258 1 3
272.476013184 0 3
273.152008057 0 2
273.92199707 0 1
274.588989258 0 0
275.444000244 0 -1
276.17401123 -1 -1
276.95199585 -2 -1
277.842987061 -2 -2
278.57901001 -3 -2
279.378997803 -3 -3
r
280.130004883 -2 -2
280.967010498 -3 -2
281.617004395 -3 -3
r
282.470001221 2 -2
283.307006836 1 -2
284.058990479 0 -2
284.712005615 -1 -2
285.402008057 -2 -2
286.069000244 -3 -2
286.937988281 -3 -3
r
287.609008789 -2 2
288.407012939 -2 1
289.195007324 -2 0
290.041992188 -2 -1
290.730987549 -2 -2
291.571990967 -3 -2
292.415985107 -3 -3
r
293.217987061 2 2
293.860992432 1 2
294.721984863 2 2
295.411987305 1 2
296.015991211 2 2
296.630004883 1 2
297.268005371 0 2
298.063995361 0 1
298.786987305 0 0
299.552001953 0 -1
300.191009521 -1 -1
300.95199585 -2 -1
301.785003662 -3 -1
302.445007324 -3 -2
303.058990479 -3 -3
r
303.891998291 -2 -2
304.567993164 -3 -2
305.186004639 -3 -3
r
305.82800293 2 -2
306.45199585 1 -2
307.242004395 0 -2
308.036987305 -1 -2
308.765991211 -2 -2
309.455993652 -3 -2
310.213012695 -3 -3
r
310.835998535 -2 2
311.527008057 -2 1
312.307006836 -2 0
312.910003662 -2 -1
313.778015137 -2 -2
314.473999023 -3 -2
315.113006592 -3 -3
r
315.802001953 2 2
316.561004639 1 2
317.412994385 0 2
318.119995117 0 1
318.727996826 0 0
319.593994141 0 -1
320.24798584 -1 -1
321.005004883 -2 -1
321.648010254 -2 -2
322.257995605 -3 -2
323.105010986 -3 -3
r
323.79699707 -2 -2
324.398010254 -3 -2
325.276000977 -3 -3
r
326.157012939 2 -2
326.808990479 1 -2
327.472991943 0 -2
328.141998291 -1 -2
329.010986328 -2 -2
329.75 -3 -2
330.640991211 -3 -3
r
331.399993896 -2 2
332.183990479 -2 1
333.053985596 -2 0
333.678009033 -2 -1
334.420013428 -3 -1
335.213012695 -3 -2
336.019012451 -3 -3
r
336.838012695 2 2
337.57901001 1 2
338.385986328 0 2
339.027008057 0 1
339.914001465 0 0
340.545013428 -1 0
341.37399292 -1 -1
342.057006836 -2 -1
342.730987549 -3 -1
343.459014893 -3 -2
344.220001221 -3 -3
r
345.04800415 -2 -2
345.721008301 -3 -2
346.593994141 -3 -3
r
347.386993408 2 -2
348.276000977 1 -2
348.990997314 0 -2
349.882995605 -1 -2
350.631011963 -2 -2
351.231994629 -3 -2
352.00100708 -3 -3
r
352.778991699 -2 2
353.657012939 -2 1
354.32699585 -2 0
355.019012451 -2 -1
355.852996826 -3 -1
356.591003418 -3 -2
357.324005127 -3 -3
r
358.121002197 2 2
358.805999756 1 2
359.450012207 0 2
360.069000244 -1 2
360.691009521 -1 1
361.37399292 -1 0
362.006988525 -1 -1
362.705993652 -2 -1
363.558013916 -3 -1
364.287994385 -3 -2
365.066009521 -3 -3
r
365.807006836 -2 -2
366.455993652 -3 -2
367.108001709 -3 -3
r
367.717010498 2 -2
368.54800415 1 -2
369.419006348 0 -2
370.221008301 -1 -2
371.091003418 -2 -2
371.839996338 -3 -2
372.458007812 -3 -3
r
373.236999512 -2 2
373.968994141 -2 1
374.718994141 -2 0
375.510986328 -2 -1
376.239013672 -3 -1
376.863006592 -3 -2
377.62298584 -3 -3
r
378.240997314 2 2
379.04800415 2 3
379.734985352 1 3
380.410003662 0 3
381.130004883 -1 3
381.82699585 -2 3
382.720001221 -2 2
383.335998535 -2 1
384.227996826 -2 0
385.113006592 -2 -1
385.973999023 -3 -1
386.871002197 -3 -2
387.563995361 -3 -3
r
388.407989502 -2 -2
389.118988037 -3 -2
389.781005859 -3 -3
r
390.493988037 2 -2
391.309997559 1 -2
391.985992432 0 -2
392.734985352 -1 -2
393.367004395 -2 -2
394.096008301 -3 -2
394.740997314 -3 -3
r
395.596008301 -2 2
396.359985352 -2 1
397.101989746 -2 0
397.760009766 -2 -1
398.382995605 -3 -1
399.20199585 -3 -2
399.992004395 -3 -3
r
400.709014893 2 2
401.584991455 2 3
402.274993896 1 3
403.156005859 0 3
403.843994141 -1 3
404.555999756 -2 3
405.174987793 -2 2
405.842010498 -2 1
406.493988037 -2 0
407.17098999 -2 -1
407.868988037 -3 -1
408.511993408 -3 -2
409.290008545 -3 -3
r
410.054992676 -2 -2
410.809997559 -3 -2
411.605987549 -3 -3
r
412.346984863 2 -2
413.031005859 1 -2
413.854003906 0 -2
414.727996826 -1 -2
415.583007812 -2 -2
416.291992188 -3 -2
416.992004395 -3 -3
r
417.846008301 -2 2
418.604003906 -2 1
419.242004395 -2 0
420.12399292 -2 -1
420.855987549 -3 -1
421.515991211 -3 -2
422.372009277 -3 -3
r
423.216003418 2 2
423.904998779 1 2
424.644989014 0 2
425.292999268 -1 2
425.898986816 -2 2
426.772003174 -2 1
427.657989502 -2 0
428.457000732 -2 -1
429.303009033 -3 -1
430.054992676 -3 -2
430.683990479 -3 -3
r
431.557006836 -2 -2
432.24798584 -3 -2
432.963012695 -3 -3
r
433.774993896 2 -2
434.450012207 1 -2
435.128997803 0 -2
435.772003174 -1 -2
436.410003662 -2 -2
437.289001465 -3 -2
438.121002197 -3 -3
r
438.816009521 -2 2
439.433013916 -2 1
440.178985596 -2 0
440.917999268 -2 -1
441.638000488 -3 -1
442.32699585 -3 -2
442.95401001 -3 -3
r
443.670013428 2 2
444.42098999 3 2
445.186004639 3 1
445.910003662 3 0
446.675994873 2 0
447.407989502 1 0
448.039001465 0 0
448.717987061 -1 0
449.515991211 -2 0
450.196014404 -2 -1
451.006011963 -3 -1
451.640014648 -3 -2
452.333007812 -3 -3
r
453.218994141 -2 -2
453.859008789 -3 -2
454.605010986 -3 -3
r
455.489013672 2 -2
456.152008057 1 -2
456.803009033 0 -2
457.411010742 -1 -2
458.049987793 -2 -2
458.696990967 -3 -2
459.351989746 -3 -3
r
459.959991455 -2 2
460.645996094 -2 1
461.511993408 -2 0
462.256011963 -2 -1
462.895996094 -3 -1
463.787994385 -3 -2
464.634002686 -3 -3
r
465.444000244 2 2
466.312011719 1 2
467.148986816 0 2
467.774993896 -1 2
468.619995117 -2 2
469.468994141 -2 1
470.229003906 -2 0
470.851989746 -3 0
471.509002686 -3 -1
472.347991943 -3 -2
473.216003418 -3 -3
r
474.037994385 -2 -2
474.886993408 -3 -2
475.618011475 -3 -3
r
476.503997803 2 -2
477.157012939 1 -2
477.946990967 0 -2
478.717010498 -1 -2
479.320007324 -2 -2
480.088012695 -3 -2
480.822998047 -3 -3
r
481.618011475 -2 2
482.468994141 -2 1
483.192993164 -2 0
483.821990967 -3 0
484.562011719 -3 -1
485.255004883 -3 -2
486.12600708 -3 -3
r
486.769989014 2 2
487.493011475 1 2
488.20199585 0 2
489.04699707 -1 2
489.648010254 -2 2
490.266998291 -2 1
491.096984863 -2 0
491.855987549 -3 0
492.507995605 -3 -1
493.384002686 -3 -2
494.213012695 -3 -3
r
494.955993652 -2 -2
495.803009033 -3 -2
496.532012939 -3 -3
r
497.324005127 2 -2
497.988006592 1 -2
498.791992188 0 -2
499.654998779 -1 -2
500.406005859 -2 -2
501.152008057 -3 -2
501.789001465 -3 -3
r
502.669006348 -2 2
503.278991699 -2 1
503.989990234 -2 0
504.817993164 -2 -1
505.455993652 -3 -1
506.316986084 -3 -2
507.178985596 -3 -3
r
507.842010498 2 2
508.707000732 1 2
509.375 0 2
510.028991699 -1 2
510.868011475 -1 1
511.537994385 -1 0
512.388977051 -2 0
513.007995605 -2 -1
513.859008789 -3 -1
514.681030273 -3 -2
515.543029785 -3 -3
r
516.398986816 -2 -2
517.218017578 -3 -2
518.051025391 -3 -3
r
518.776000977 2 -2
519.591003418 1 -2
520.403015137 0 -2
521.219970703 -1 -2
521.92199707 -2 -2
522.531982422 -3 -2
523.140014648 -3 -3
r
523.835021973 -2 2
524.687988281 -3 2
525.57800293 -3 1
526.395019531 -3 0
527.281005859 -3 -1
528.090026855 -3 -2
528.833007812 -3 -3
r
529.588012695 2 2
530.283996582 1 2
530.984008789 0 2
531.708007812 -1 2
532.380004883 -2 2
533.140014648 -3 2
533.789978027 -3 1
534.53302002 -3 0
535.258972168 -3 -1
536.015014648 -3 -2
536.684997559 -3 -3
r
537.405029297 -2 -2
538.231018066 -3 -2
538.880004883 -3 -3
r
539.497009277 2 -2
540.315979004 1 -2
540.961975098 0 -2
541.718994141 -1 -2
542.565002441 -2 -2
543.297973633 -3 -2
544.130004883 -3 -3
r
544.783996582 -2 2
545.530029297 -3 2
546.297973633 -3 1
547.125976562 -3 0
547.901000977 -3 -1
548.518981934 -3 -2
549.367980957 -3 -3
r
550.229980469 2 2
550.880981445 1 2
551.599975586 0 2
552.416992188 -1 2
553.043029785 -2 2
553.901977539 -3 2
554.526977539 -3 2
555.34197998 -3 2
555.960021973 -3 1
556.708984375 -3 0
557.510009766 -3 -1
558.174987793 -3 -2
558.786987305 -3 -3
r
559.583984375 -2 -2
560.24597168 -3 -2
560.937988281 -3 -3
r
561.554016113 2 -2
562.273986816 1 -2
562.984008789 0 -2
563.815002441 -1 -2
564.565979004 -2 -2
565.267028809 -3 -2
566.077026367 -3 -3
r
566.95300293 -2 2
567.578979492 -3 2
568.346008301 -3 1
569.062011719 -3 0
569.960021973 -3 -1
570.799987793 -3 -2
571.411987305 -3 -3
r
572.232971191 2 2
572.835998535 1 2
573.513977051 0 2
574.166992188 -1 2
574.791015625 -2 2
575.49597168 -3 2
576.323974609 -3 2
577.012023926 -3 1
577.640991211 -3 0
578.374023438 -3 -1
579.182983398 -3 -2
579.807006836 -3 -3
r
580.580993652 -2 -2
581.301025391 -3 -2
582.12902832 -3 -3
r
582.784973145 2 -2
583.580993652 1 -2
584.369995117 0 -2
585.231018066 -1 -2
585.934020996 -2 -2
586.810974121 -3 -2
587.710998535 -3 -3
r
588.416015625 -2 2
589.229003906 -3 2
590.03302002 -3 1
590.723022461 -3 0
591.606018066 -3 -1
592.323974609 -3 -2
592.984985352 -3 -3
r
593.716003418 2 2
594.395019531 1 2
595.116027832 0 2
595.867980957 -1 2
596.468994141 -2 2
597.077026367 -3 2
597.892028809 -3 1
598.593994141 -3 0
599.37701416 -3 -1
600.267028809 -3 -2
601.0 -3 -3
r
601.62298584 -2 -2
602.411010742 -3 -2
603.184997559 -3 -3
r
603.937988281 2 -2
604.596008301 1 -2
605.434997559 0 -2
606.051025391 -1 -2
606.883972168 -2 -2
607.604003906 -3 -2
608.367980957 -3 -3
r
609.104980469 -2 2
609.982971191 -3 2
610.62097168 -3 1
611.40802002 -3 0
612.039978027 -3 -1
612.931030273 -3 -2
613.534973145 -3 -3
r
614.184997559 2 2
614.872009277 1 2
615.716003418 0 2
616.380981445 -1 2
617.041015625 -2 2
617.900024414 -3 2
618.750976562 -3 2
619.611999512 -3 2
620.502990723 -3 1
621.164001465 -3 0
621.778015137 -3 -1
622.601013184 -3 -2
623.396972656 -3 -3
r
624.226989746 -2 -2
624.849975586 -3 -2
625.54699707 -3 -3
r
626.249023438 2 -2
626.869995117 1 -2
627.718994141 0 -2
628.515991211 -1 -2
629.237976074 -2 -2
629.929016113 -3 -2
630.655029297 -3 -3
r
631.29498291 -2 2
632.130004883 -3 2
632.969970703 -3 1
633.758972168 -3 0
634.393981934 -3 -1
634.997009277 -3 -2
635.796020508 -3 -3
r
636.408996582 2 2
637.184020996 1 2
637.87701416 0 2
638.578979492 -1 2
639.356018066 -2 2
640.062988281 -3 2
640.776000977 -3 1
641.554016113 -3 0
642.236022949 -3 -1
642.906982422 -3 -2
643.530029297 -3 -3
r
644.255004883 -2 -2
645.020019531 -3 -2
645.75 -3 -3
r
646.541992188 2 -2
647.314025879 1 -2
648.150024414 0 -2
649.010986328 -1 -2
649.791015625 -2 -2
650.45300293 -3 -2
651.083007812 -3 -3
r
651.869018555 -2 2
652.502990723 -2 1
653.280029297 -2 0
654.143981934 -3 0
654.914978027 -3 -1
655.543029785 -3 -2
656.265991211 -3 -3
r
656.929016113 2 2
657.67401123 1 2
658.564025879 0 2
659.223999023 -1 2
659.968017578 -2 2
660.612976074 -3 2
661.440002441 -3 1
662.177001953 -3 0
662.901977539 -3 -1
663.791992188 -3 -2
664.583984375 -3 -3
r
665.375 -2 -2
666.271972656 -3 -2
666.947021484 -3 -3
r
667.572998047 2 -2
668.422973633 1 -2
669.202026367 0 -2
670.085998535 -1 -2
670.728027344 -2 -2
671.366027832 -3 -2
672.008972168 -3 -3
r
672.854980469 -2 2
673.609985352 -3 2
674.42401123 -3 1
675.263977051 -3 0
675.903015137 -3 -1
676.698974609 -3 -2
677.518981934 -3 -3
r
678.241027832 2 2
679.111999512 1 2
680.000976562 0 2
680.721008301 -1 2
681.523986816 -2 2
682.195007324 -3 2
682.859985352 -3 1
683.557983398 -3 0
684.369995117 -3 -1
685.219970703 -3 -2
685.836975098 -3 -3
r
686.525024414 -2 -2
687.268005371 -3 -2
688.119018555 -3 -3
r
688.817993164 2 -2
689.575012207 1 -2
690.309020996 0 -2
691.00402832 -1 -2
691.666015625 -2 -2
692.372009277 -3 -2
693.166992188 -3 -3
r
693.861022949 -2 2
694.679992676 -3 2
695.5 -3 2
696.119018555 -3 1
697.018005371 -3 0
697.833007812 -3 -1
698.513000488 -3 -2
699.265014648 -3 -3
r
700.103027344 2 2
700.940002441 1 2
701.716003418 0 2
702.520996094 -1 2
703.262023926 -2 2
704.039978027 -3 2
704.885009766 -3 1
705.645996094 -3 0
706.25 -3 -1
706.901000977 -3 -2
707.62298584 -3 -3
r
708.390991211 -2 -2
709.250976562 -3 -2
710.096984863 -3 -3
r
710.75 2 -2
711.41998291 1 -2
712.163024902 0 -2
712.984985352 -1 -2
713.75201416 -2 -2
714.458007812 -3 -2
715.190002441 -3 -3
r
715.846008301 -2 2
716.463012695 -3 2
717.250976562 -3 1
717.96697998 -3 0
718.833984375 -3 -1
719.651977539 -3 -2
720.396972656 -3 -3
r
721.234985352 2 2
722.130004883 1 2
723.028991699 0 2
723.877990723 -1 2
724.523986816 -2 2
725.348022461 -3 2
726.117004395 -3 2
726.728027344 -3 1
727.534973145 -3 0
728.16998291 -3 -1
728.830993652 -3 -2
729.512023926 -3 -3
r
730.271972656 -2 -2
731.145019531 -3 -2
731.799987793 -3 -3
r
732.409973145 2 -2
733.184020996 1 -2
733.929992676 0 -2
734.749023438 -1 -2
735.491027832 -2 -2
736.283996582 -3 -2
737.094970703 -3 -3
r
737.835998535 -2 2
738.440002441 -3 2
739.114990234 -3 1
739.911987305 -3 0
740.78302002 -3 -1
741.538024902 -3 -2
742.268981934 -3 -3
r
742.906005859 2 2
743.568969727 3 2
744.236022949 3 1
744.92199707 3 2
745.573974609 3 1
746.249023438 3 0
747.018981934 2 0
747.729003906 1 0
748.603027344 0 0
749.335998535 -1 0
750.20098877 -2 0
750.874023438 -3 0
751.494018555 -3 -1
752.219970703 -3 -2
752.846008301 -3 -3
r
753.541992188 -2 -2
754.276000977 -3 -2
755.057983398 -3 -3
r
755.750976562 2 -2
756.546020508 1 -2
757.257995605 0 -2
758.091003418 -1 -2
758.874023438 -2 -2
759.505981445 -3 -2
760.223022461 -3 -3
r
760.924987793 -2 2
761.791015625 -3 2
762.489990234 -3 2
763.309020996 -3 1
764.111022949 -3 0
764.778991699 -3 -1
765.674987793 -3 -2
766.374023438 -3 -3
r
766.979980469 2 2
767.62298584 2 1
768.411010742 2 0
769.124023438 1 0
769.903991699 0 0
770.544006348 0 -1
771.166992188 -1 -1
771.997009277 -2 -1
772.718017578 -3 -1
773.450012207 -3 -2
774.200012207 -3 -3
r
774.827026367 -2 -2
775.642028809 -3 -2
776.505981445 -3 -3
r
777.306030273 2 -2
777.973999023 1 -2
778.862976074 0 -2
779.469970703 -1 -2
780.24798584 -2 -2
781.12902832 -3 -2
781.864990234 -3 -3
r
782.536010742 -2 2
783.340026855 -2 1
784.057006836 -3 1
784.887023926 -3 0
785.616027832 -3 -1
786.443969727 -3 -2
787.296020508 -3 -3
r
787.945983887 2 2
788.760009766 2 1
789.625976562 2 0
790.356994629 2 -1
791.24597168 1 -1
792.00402832 0 -1
792.794006348 -1 -1
793.487976074 -2 -1
794.117980957 -3 -1
794.789001465 -3 -2
795.564025879 -3 -3
r
796.184997559 -2 -2
796.87701416 -3 -2
797.679992676 -3 -3
r
798.340026855 2 -2
799.218994141 1 -2
799.836975098 0 -2
800.585021973 -1 -2
801.432983398 -2 -2
802.296020508 -3 -2
802.958984375 -3 -3
r
803.791992188 -2 2
804.543029785 -3 2
805.242980957 -3 1
806.023986816 -3 0
806.895996094 -3 -1
807.643981934 -3 -2
808.543029785 -3 -3
r
809.223999023 2 2
809.875976562 2 1
810.75402832 2 0
811.606018066 2 -1
812.403015137 1 -1
813.098999023 0 -1
813.901977539 -1 -1
814.581970215 -2 -1
815.273010254 -3 -1
816.09197998 -3 -2
816.895019531 -3 -3
r
817.49597168 -2 -2
818.335021973 -3 -2
819.174987793 -3 -3
r
819.843994141 2 -2
820.534973145 1 -2
821.210021973 0 -2
821.965026855 -1 -2
822.682983398 -2 -2
823.473999023 -3 -2
824.281982422 -3 -3
r
824.937011719 -2 2
825.687988281 -3 2
826.348999023 -3 1
827.122009277 -3 0
827.992004395 -3 -1
828.607971191 -3 -2
829.257995605 -3 -3
r
829.982971191 2 2
830.643005371 2 1
831.398010254 2 0
832.237976074 2 -1
833.127990723 1 -1
833.744018555 0 -1
834.518981934 -1 -1
835.221984863 -2 -1
835.992980957 -3 -1
836.711975098 -3 -2
837.354003906 -3 -3
r
838.156005859 -2 -2
838.893981934 -3 -2
839.515991211 -3 -3
r
840.351989746 2 -2
841.151000977 1 -2
841.895996094 0 -2
842.536010742 -1 -2
843.153991699 -2 -2
843.862976074 -3 -2
844.567993164 -3 -3
r
845.255981445 -2 2
846.036987305 -3 2
846.650024414 -3 1
847.541015625 -3 0
848.249023438 -3 -1
849.012023926 -3 -2
849.747009277 -3 -3
r
850.476989746 2 2
851.221984863 2 1
852.041992188 2 0
852.807983398 2 -1
853.499023438 1 -1
854.103027344 0 -1
854.804992676 -1 -1
855.549987793 -2 -1
856.293029785 -3 -1
857.187011719 -3 -2
857.82800293 -3 -3
r
858.525024414 -2 -2
859.257995605 -3 -2
859.908996582 -3 -3
r
860.562011719 2 -2
861.435974121 1 -2
862.041015625 0 -2
862.932983398 -1 -2
863.543029785 -2 -2
864.403015137 -3 -2
865.218994141 -3 -3
r
865.924987793 -2 2
866.736999512 -3 2
867.482971191 -3 1
868.317016602 -3 0
869.054016113 -3 -1
869.736999512 -3 -2
870.478027344 -3 -3
r
871.202026367 2 2
871.978027344 2 1
872.848022461 2 0
873.684997559 2 -1
874.398010254 1 -1
875.184997559 0 -1
875.885986328 -1 -1
876.601013184 -2 -1
877.208984375 -3 -1
877.840026855 -3 -2
878.494995117 -3 -3
r
879.362976074 -2 -2
879.994018555 -3 -2
880.797973633 -3 -3
r
881.468017578 2 -2
882.354980469 1 -2
882.992980957 0 -2
883.844970703 -1 -2
884.70098877 -2 -2
885.382995605 -3 -2
886.262023926 -3 -3
r
886.965026855 -2 2
887.604003906 -3 2
888.491027832 -3 1
889.114013672 -3 0
889.732971191 -3 -1
890.5 -3 -2
891.236022949 -3 -3
r
891.854003906 2 2
892.611022949 2 1
893.344970703 2 0
894.159973145 2 -1
894.775024414 1 -1
895.612976074 0 -1
896.468994141 -1 -1
897.094970703 -2 -1
897.87298584 -3 -1
898.760009766 -3 -2
899.575012207 -3 -3
r
900.432983398 -2 -2
901.062011719 -3 -2
901.931030273 -3 -3
r
902.588989258 2 -2
903.293029785 1 -2
903.960021973 0 -2
904.789001465 -1 -2
905.551025391 -2 -2
906.364990234 -3 -2
907.028991699 -3 -3
r
907.913024902 -2 2
908.74597168 -3 2
909.62701416 -3 2
910.231994629 -3 2
910.901977539 -3 1
911.596008301 -3 0
912.403991699 -3 -1
913.202026367 -3 -2
913.882019043 -3 -3
r
914.523010254 2 2
915.12902832 2 1
915.911010742 2 0
916.596984863 2 -1
917.400024414 1 -1
918.080993652 0 -1
918.973022461 -1 -1
919.807006836 -2 -1
920.54699707 -3 -1
921.413024902 -3 -2
922.148986816 -3 -3
r
922.874023438 -2 -2
923.706970215 -3 -2
924.392028809 -3 -3
r
925.111022949 2 -2
925.869018555 1 -2
926.75201416 0 -2
927.414001465 -1 -2
928.307983398 -2 -2
928.926025391 -3 -2
929.767028809 -3 -3
r
930.58001709 -2 2
931.403015137 -3 2
932.29498291 -3 1
933.088012695 -3 0
933.726013184 -3 -1
934.526000977 -3 -2
935.341003418 -3 -3
r
936.078979492 2 2
936.729980469 2 1
937.585998535 2 0
938.349975586 2 -1
939.182006836 1 -1
939.961975098 0 -1
940.713989258 -1 -1
941.393005371 -2 -1
942.064025879 -3 -1
942.895019531 -3 -2
943.541992188 -3 -3
r
944.42401123 -2 -2
945.114013672 -3 -2
945.916015625 -3 -3
r
946.62902832 2 -2
947.307006836 1 -2
948.117980957 0 -2
948.741027832 -1 -2
949.361999512 -2 -2
950.0 -3 -2
950.66998291 -3 -3
r
951.473999023 -2 2
952.12701416 -3 2
952.788024902 -3 1
953.439025879 -3 0
954.127990723 -3 -1
954.776000977 -3 -2
955.442993164 -3 -3
r
956.077026367 2 2
956.817016602 2 1
957.669006348 2 0
958.281005859 2 -1
959.013977051 1 -1
959.903015137 0 -1
960.604980469 -1 -1
961.353027344 -2 -1
962.096984863 -3 -1
962.760009766 -3 -2
963.53302002 -3 -3
r
964.252990723 -2 -2
965.010986328 -3 -2
965.831970215 -3 -3
r
966.596984863 2 -2
967.270996094 1 -2
967.981018066 0 -2
968.693969727 -1 -2
969.570007324 -2 -2
970.265991211 -3 -2
971.005981445 -3 -3
r
971.62902832 -2 2
972.424987793 -3 2
973.145996094 -3 1
973.770996094 -3 0
974.638000488 -3 -1
975.375 -3 -2
976.109008789 -3 -3
r
976.926025391 2 2
977.79699707 2 1
978.541992188 2 0
979.414001465 2 -1
980.273986816 1 -1
981.059997559 0 -1
981.74597168 -1 -1
982.348999023 -2 -1
983.179992676 -3 -1
983.945007324 -3 -2
984.650024414 -3 -3
r
985.359008789 -2 -2
985.994995117 -3 -2
986.794006348 -3 -3
r
987.583984375 2 -2
988.192993164 1 -2
989.025024414 0 -2
989.786987305 -1 -2
990.5 -2 -2
991.250976562 -3 -2
991.958007812 -3 -3
r
992.588989258 -2 2
993.229980469 -3 2
993.989013672 -3 1
994.760009766 -3 0
995.37701416 -3 -1
996.112976074 -3 -2
996.835021973 -3 -3
r
997.447998047 2 2
998.106018066 2 1
998.916992188 2 0
999.742004395 2 -1
1000.4329834 1 -1
1001.07598877 0 -1
1001.91101074 -1 -1
1002.66998291 -2 -1
1003.5579834 -3 -1
1004.20202637 -3 -2
1004.80700684 -3 -3
r
1005.59698486 -2 -2
1006.32598877 -3 -2
1007.2119751 -3 -3
r
1007.86798096 2 -2
1008.4710083 1 -2
1009.30999756 0 -2
1010.20898438 -1 -2
1010.82501221 -2 -2
1011.44799805 -3 -2
1012.33001709 -3 -3
r
1013.11401367 -2 2
1013.92700195 -3 2
1014.76898193 -3 1
1015.39599609 -3 0
1016.04302979 -3 -1
1016.69702148 -3 -2
1017.50598145 -3 -3
r
1018.11401367 2 2
1018.86901855 2 1
1019.52801514 2 0
1020.30297852 2 -1
1021.10998535 1 -1
1021.92999268 0 -1
1022.74499512 -1 -1
1023.37799072 -2 -1
1024.14599609 -3 -1
1024.78796387 -3 -2
1025.64404297 -3 -3
r
1026.38500977 -2 -2
1027.10595703 -3 -2
1027.9029541 -3 -3
r
1028.51403809 2 -2
1029.11694336 1 -2
1029.72705078 0 -2
1030.52404785 -1 -2
1031.41394043 -2 -2
1032.03295898 -3 -2
1032.78503418 -3 -3
r
1033.43395996 -2 2
1034.19604492 -3 2
1034.94702148 -3 1
1035.8260498 -3 0
1036.70397949 -3 -1
1037.39501953 -3 -2
1038.08398438 -3 -3
r
1038.75097656 2 2
1039.43603516 2 1
1040.08203125 2 0
1040.83300781 2 -1
1041.62097168 1 -1
1042.43505859 0 -1
1043.30505371 -1 -1
1043.93395996 -2 -1
1044.65600586 -3 -1
1045.33496094 -3 -2
1045.97497559 -3 -3
r
1046.61694336 -2 -2
1047.29003906 -3 -2
1047.93200684 -3 -3
r
1048.58300781 2 -2
1049.44604492 1 -2
1050.34594727 0 -2
1050.99304199 -1 -2
1051.68994141 -2 -2
1052.4329834 -3 -2
1053.07897949 -3 -3
r
1053.90600586 -2 2
1054.69604492 -3 2
1055.39697266 -3 1
1056.00805664 -3 0
1056.9029541 -3 -1
1057.55895996 -3 -2
1058.16503906 -3 -3
r
1059.06494141 2 2
1059.87805176 2 1
1060.67602539 2 0
1061.31799316 2 -1
1061.98706055 1 -1
1062.63793945 0 -1
1063.30200195 -1 -1
1064.13696289 -2 -1
1064.85705566 -3 -1
1065.73803711 -3 -2
1066.33898926 -3 -3
r
1067.04003906 -2 -2
1067.76696777 -3 -2
1068.42700195 -3 -3
r
1069.19799805 2 -2
1070.06396484 1 -2
1070.90002441 0 -2
1071.60498047 -1 -2
1072.23095703 -2 -2
1073.05297852 -3 -2
1073.78295898 -3 -3
r
1074.59094238 -2 2
1075.20703125 -3 2
1076.10595703 -3 1
1076.99902344 -3 0
1077.71105957 -3 -1
1078.37902832 -3 -2
1079.13500977 -3 -3
r
1079.76904297 2 2
1080.46105957 2 1
1081.2869873 2 0
1081.90100098 2 -1
1082.6340332 1 -1
1083.35900879 0 -1
1084.06103516 -1 -1
1084.88793945 -2 -1
1085.66601562 -3 -1
1086.32397461 -3 -2
1087.20202637 -3 -3
r
1087.81396484 -2 -2
1088.52905273 -3 -2
1089.14599609 -3 -3
r
1089.97595215 2 -2
1090.80395508 1 -2
1091.4239502 0 -2
1092.31005859 -1 -2
1092.92700195 -2 -2
1093.80603027 -3 -2
1094.43200684 -3 -3
r
1095.03894043 -2 2
1095.7199707 -3 2
1096.4050293 -3 1
1097.18798828 -3 0
1097.85803223 -3 -1
1098.48303223 -3 -2
1099.32397461 -3 -3
r
1099.96704102 2 2
1100.66003418 2 1
1101.37402344 2 0
1101.99694824 2 -1
1102.83898926 1 -1
1103.58105469 0 -1
1104.24304199 -1 -1
1105.11096191 -2 -1
1105.86999512 -3 -1
1106.75500488 -3 -2
1107.51904297 -3 -3
r
1108.21594238 -2 -2
1108.89904785 -3 -2
1109.62805176 -3 -3
r
1110.48706055 2 -2
1111.15002441 1 -2
1111.9329834 0 -2
1112.61804199 -1 -2
1113.48400879 -2 -2
1114.35400391 -3 -2
1115.04797363 -3 -3
r
1115.7869873 -2 2
1116.59802246 -3 2
1117.40698242 -3 2
1118.17895508 -3 1
1119.02600098 -3 0
1119.75195312 -3 -1
1120.52099609 -3 -2
1121.19104004 -3 -3
r
1122.02294922 2 2
1122.82202148 2 1
1123.50805664 2 0
1124.37194824 2 -1
1125.26000977 1 -1
1125.88500977 0 -1
1126.61804199 -1 -1
1127.27197266 -2 -1
1128.17199707 -3 -1
1128.92700195 -3 -2
1129.60095215 -3 -3
r
1130.40405273 -2 -2
1131.04003906 -3 -2
1131.92504883 -3 -3
r
1132.67004395 2 -2
1133.40100098 1 -2
1134.27001953 0 -2
1135.00805664 -1 -2
1135.81005859 -2 -2
1136.51196289 -3 -2
1137.17895508 -3 -3
r
1137.89697266 -2 2
1138.70300293 -3 2
1139.46203613 -3 1
1140.0760498 -3 0
1140.85595703 -3 -1
1141.46899414 -3 -2
1142.22302246 -3 -3
r
1142.94396973 2 2
1143.59802246 2 1
1144.29394531 2 0
1145.0880127 2 -1
1145.90698242 1 -1
1146.63696289 0 -1
1147.27905273 -1 -1
1147.98596191 -2 -1
1148.72094727 -3 -1
1149.52697754 -3 -2
1150.25805664 -3 -3
r
1150.91101074 -2 -2
1151.6619873 -3 -2
1152.4699707 -3 -3
r
1153.32397461 2 -2
1154.19104004 1 -2
1154.90698242 0 -2
1155.72900391 -1 -2
1156.43701172 -2 -2
1157.1529541 -3 -2
1157.77197266 -3 -3
r
1158.40698242 -2 2
1159.16796875 -3 2
1159.93798828 -3 1
1160.57897949 -3 0
1161.41503906 -3 -1
1162.31298828 -3 -2
1163.07202148 -3 -3
r
1163.80004883 2 2
1164.69799805 2 1
1165.32299805 2 0
1166.09094238 2 -1
1166.76794434 1 -1
1167.48095703 0 -1
1168.11206055 -1 -1
1168.9909668 -2 -1
1169.75598145 -3 -1
1170.54797363 -3 -2
1171.37304688 -3 -3
r
1172.07104492 -2 -2
1172.69104004 -3 -2
1173.34301758 -3 -3
r
1174.22094727 2 -2
1175.05700684 1 -2
1175.92700195 0 -2
1176.55004883 -1 -2
1177.28503418 -2 -2
1178.01196289 -3 -2
1178.85205078 -3 -3
r
1179.7409668 -2 2
1180.57104492 -2 1
1181.41003418 -3 1
1182.18603516 -3 0
1182.94799805 -3 -1
1183.58605957 -3 -2
1184.41296387 -3 -3
r
1185.1619873 2 2
1185.88098145 2 1
1186.60803223 2 0
1187.45703125 2 -1
1188.07995605 1 -1
1188.89001465 0 -1
1189.57202148 -1 -1
1190.34399414 -2 -1
1191.18505859 -3 -1
1191.9119873 -3 -2
1192.69897461 -3 -3
r
1193.3659668 -2 -2
1194.15002441 -3 -2
1194.93505859 -3 -3
r
1195.78796387 2 -2
1196.67700195 1 -2
1197.5489502 0 -2
1198.34399414 -1 -2
1199.1739502 -2 -2
1199.90405273 -3 -2
1200.76000977 -3 -3
r
1201.62194824 -2 2
1202.23498535 -3 2
1203.0579834 -3 1
1203.73095703 -3 0
1204.35998535 -3 -1
1205.17297363 -3 -2
1205.82397461 -3 -3
r
1206.52404785 2 2
1207.23596191 2 1
1208.06994629 2 0
1208.92102051 2 -1
1209.74694824 1 -1
1210.36303711 0 -1
1211.07495117 -1 -1
1211.72802734 -2 -1
1212.55603027 -3 -1
1213.38598633 -3 -2
1214.20605469 -3 -3
r
1215.00097656 -2 -2
1215.82800293 -3 -2
1216.44396973 -3 -3
r
1217.1529541 2 -2
1217.8470459 1 -2
1218.54504395 0 -2
1219.2989502 -1 -2
1220.00695801 -2 -2
1220.61096191 -3 -2
1221.44494629 -3 -3
r
1222.08203125 -2 2
1222.97094727 -3 2
1223.76098633 -3 2
1224.49401855 -3 1
1225.37805176 -3 0
1226.06201172 -3 -1
1226.86401367 -3 -2
1227.73303223 -3 -3
r
1228.5880127 2 2
1229.22302246 2 1
1229.98706055 2 0
1230.76904297 2 -1
1231.37304688 1 -1
1232.22595215 0 -1
1232.95996094 -1 -1
1233.66894531 -2 -1
1234.55004883 -3 -1
1235.24304199 -3 -2
1235.93896484 -3 -3
r
1236.64697266 -2 -2
1237.3659668 -3 -2
1238.21594238 -3 -3
r
1238.95300293 2 -2
1239.7590332 1 -2
1240.42895508 0 -2
1241.16101074 -1 -2
1241.90600586 -2 -2
1242.66394043 -3 -2
1243.34204102 -3 -3
r
1244.12805176 -2 2
1244.76696777 -3 2
1245.47802734 -3 1
1246.22497559 -3 0
1246.85302734 -3 -1
1247.71801758 -3 -2
1248.35205078 -3 -3
r
1249.21398926 2 2
1249.87402344 2 1
1250.72900391 2 0
1251.61206055 2 -1
1252.29101562 1 -1
1253.13793945 0 -1
1253.87805176 -1 -1
1254.67797852 -2 -1
1255.50097656 -3 -1
1256.38598633 -3 -2
1257.11303711 -3 -3
r
1257.73901367 -2 -2
1258.55895996 -3 -2
1259.26196289 -3 -3
r
1259.87597656 2 -2
1260.75695801 1 -2
1261.38598633 0 -2
1261.99304199 -1 -2
1262.82397461 -2 -2
1263.6920166 -3 -2
1264.40905762 -3 -3
r
1265.22399902 -2 2
1266.00097656 -3 2
1266.62597656 -3 1
1267.47302246 -3 0
1268.28295898 -3 -1
1269.03894043 -3 -2
1269.83203125 -3 -3
r
1270.67602539 2 2
1271.57202148 2 1
1272.41894531 2 0
1273.2779541 2 -1
1273.94104004 1 -1
1274.59399414 0 -1
1275.31201172 -1 -1
1276.08203125 -2 -1
1276.98095703 -3 -1
1277.82299805 -3 -2
1278.47998047 -3 -3
r
1279.22302246 -2 -2
1279.84301758 -3 -2
1280.60205078 -3 -3
r
1281.3659668 2 -2
1282.11901855 1 -2
1282.7199707 0 -2
1283.61999512 -1 -2
1284.35400391 -2 -2
1284.96398926 -3 -2
1285.59594727 -3 -3
r
1286.46496582 -2 2
1287.15002441 -3 2
1287.89599609 -3 1
1288.74597168 -3 0
1289.39294434 -3 -1
1290.11303711 -3 -2
1290.9510498 -3 -3
r
1291.74597168 2 2
1292.36901855 2 1
1293.20703125 2 0
1293.95703125 2 -1
1294.80297852 1 -1
1295.59594727 0 -1
1296.38195801 -1 -1
1297.18603516 -2 -1
1297.79797363 -3 -1
1298.4329834 -3 -2
1299.28503418 -3 -3
r
1299.92700195 -2 -2
1300.8079834 -3 -2
1301.60998535 -3 -3
r
1302.25305176 2 -2
1303.06298828 1 -2
1303.7590332 0 -2
1304.53295898 -1 -2
1305.29602051 -2 -2
1306.14501953 -3 -2
1306.99401855 -3 -3
r
1307.68200684 -2 2
1308.41296387 -3 2
1309.08898926 -3 1
1309.70800781 -3 0
1310.4699707 -3 -1
1311.27099609 -3 -2
1312.09094238 -3 -3
r
1312.83105469 2 2
1313.56298828 2 1
1314.21801758 2 0
1314.96801758 2 -1
1315.69494629 1 -1
1316.4510498 0 -1
1317.07800293 -1 -1
1317.88500977 -2 -1
1318.68395996 -3 -1
1319.40405273 -3 -2
1320.19494629 -3 -3
r
1320.86499023 -2 -2
1321.69799805 -3 -2
1322.57495117 -3 -3
r
1323.27099609 2 -2
1324.08703613 1 -2
1324.98400879 0 -2
1325.7010498 -1 -2
1326.49304199 -2 -2
1327.37805176 -3 -2
1328.13305664 -3 -3
r
1328.93701172 -2 2
1329.63098145 -3 2
1330.49597168 -3 1
1331.30505371 -3 0
1331.90698242 -3 -1
1332.66894531 -3 -2
1333.29003906 -3 -3
r
1334.1619873 2 2
1334.79199219 2 1
1335.65600586 2 0
1336.44995117 2 -1
1337.26599121 1 -1
1338.11206055 0 -1
1338.87402344 -1 -1
1339.61499023 -2 -1
1340.2220459 -3 -1
1340.89196777 -3 -2
1341.62597656 -3 -3
r
1342.51501465 -2 -2
1343.39599609 -3 -2
1344.10803223 -3 -3
r
1344.80102539 2 -2
1345.64404297 1 -2
1346.30004883 0 -2
1346.95898438 -1 -2
1347.85705566 -2 -2
1348.68103027 -3 -2
1349.33105469 -3 -3
r
1350.01293945 -2 2
1350.86694336 -3 2
1351.55603027 -3 1
1352.29394531 -3 0
1352.9699707 -3 -1
1353.69799805 -3 -2
1354.42895508 -3 -3
r
1355.2130127 2 2
1355.88500977 2 1
1356.75598145 2 0
1357.61901855 2 -1
1358.23596191 1 -1
1359.02001953 0 -1
1359.83105469 -1 -1
1360.68395996 -2 -1
1361.51293945 -3 -1
1362.18505859 -3 -2
1362.93603516 -3 -3
r
1363.54003906 -2 -2
1364.3659668 -3 -2
1365.04003906 -3 -3
r
1365.76403809 2 -2
1366.50805664 1 -2
1367.38500977 0 -2
1368.01794434 -1 -2
1368.71398926 -2 -2
1369.46398926 -3 -2
1370.27001953 -3 -3
r
1370.92602539 -2 2
1371.74401855 -3 2
1372.35302734 -3 1
1373.22302246 -3 0
1373.89294434 -3 -1
1374.78894043 -3 -2
1375.39294434 -3 -3
r
1376.01904297 2 2
1376.64904785 2 1
1377.51403809 2 0
1378.32702637 2 -1
1379.08105469 1 -1
1379.74694824 0 -1
1380.52197266 -1 -1
1381.21899414 -2 -1
1382.06396484 -3 -1
1382.69299316 -3 -2
1383.4630127 -3 -3
r
1384.25305176 -2 -2
1385.1340332 -3 -2
1385.93994141 -3 -3
r
1386.79699707 2 -2
1387.50695801 1 -2
1388.35803223 0 -2
1388.97595215 -1 -2
1389.85205078 -2 -2
1390.59301758 -3 -2
1391.22595215 -3 -3
r
1391.98205566 -2 2
1392.875 -3 2
1393.66796875 -3 1
1394.53503418 -3 0
1395.43395996 -3 -1
1396.04199219 -3 -2
1396.93200684 -3 -3
r
1397.71801758 2 2
1398.38793945 2 1
1399.23095703 2 0
1400.00598145 2 -1
1400.62695312 1 -1
1401.26904297 0 -1
1401.89294434 -1 -1
1402.54199219 -2 -1
1403.40405273 -3 -1
1404.10498047 -3 -2
1404.72094727 -3 -3
r
1405.57800293 -2 -2
1406.1920166 -3 -2
1407.0489502 -3 -3
r
1407.82897949 2 -2
1408.5369873 1 -2
1409.27502441 0 -2
1410.11499023 -1 -2
1410.93701172 -2 -2
1411.78198242 -3 -2
1412.41699219 -3 -3
r
1413.17602539 -2 2
1413.89794922 -3 2
1414.5369873 -3 1
1415.41894531 -3 0
1416.03405762 -3 -1
1416.89599609 -3 -2
1417.64904785 -3 -3
r
1418.36499023 2 2
1418.97595215 2 1
1419.64196777 2 0
1420.54003906 2 -1
1421.30895996 1 -1
1421.92602539 0 -1
1422.61499023 -1 -1
1423.49804688 -2 -1
1424.30297852 -3 -1
1425.03894043 -3 -2
1425.66101074 -3 -3
r
1426.41894531 -2 -2
1427.20495605 -3 -2
1427.93896484 -3 -3
r
1428.83898926 2 -2
1429.60498047 1 -2
1430.22802734 0 -2
1430.85302734 -1 -2
1431.73205566 -2 -2
1432.63000488 -3 -2
1433.34094238 -3 -3
r
1434.1619873 -2 2
1434.90100098 -3 2
1435.52404785 -3 1
1436.14196777 -3 0
1436.74694824 -3 -1
1437.39697266 -3 -2
1438.23498535 -3 -3
r
1439.08605957 2 2
1439.71801758 2 1
1440.55200195 2 0
1441.22302246 2 -1
1442.05700684 1 -1
1442.87805176 0 -1
1443.7409668 -1 -1
1444.43994141 -2 -1
1445.2989502 -3 -1
1445.97998047 -3 -2
1446.76696777 -3 -3
r
1447.6619873 -2 -2
1448.5279541 -3 -2
1449.28601074 -3 -3
r
1449.90698242 2 -2
1450.53405762 1 -2
1451.20300293 0 -2
1451.93005371 -1 -2
1452.62902832 -2 -2
1453.2800293 -3 -2
1454.14099121 -3 -3
r
1454.94494629 -2 2
1455.61804199 -3 2
1456.51403809 -3 1
1457.32897949 -3 0
1458.01501465 -3 -1
1458.80297852 -3 -2
1459.67602539 -3 -3
r
1460.56604004 2 2
1461.39697266 2 1
1462.29602051 2 0
1462.99499512 2 -1
1463.72900391 1 -1
1464.54504395 0 -1
1465.38793945 -1 -1
1465.99804688 -2 -1
1466.89599609 -3 -1
1467.64294434 -3 -2
1468.39501953 -3 -3
r
1469.27502441 -2 -2
1470.13305664 -3 -2
1470.87194824 -3 -3
r
1471.58605957 2 -2
1472.2800293 1 -2
1473.08605957 0 -2
1473.92102051 -1 -2
1474.56799316 -2 -2
1475.23303223 -3 -2
1475.875 -3 -3
r
1476.75805664 -2 2
1477.49194336 -3 2
1478.23095703 -3 1
1478.96105957 -3 0
1479.66003418 -3 -1
1480.44104004 -3 -2
1481.14904785 -3 -3
r
1481.75305176 2 2
1482.41894531 2 1
1483.14501953 2 0
1483.74902344 2 -1
1484.48596191 1 -1
1485.25805664 0 -1
1485.86804199 -1 -1
1486.71105957 -2 -1
1487.35705566 -3 -1
1488.10205078 -3 -2
1488.94104004 -3 -3
r
1489.71899414 -2 -2
1490.5579834 -3 -2
1491.41394043 -3 -3
r
1492.15600586 2 -2
1492.97302246 1 -2
1493.77197266 0 -2
1494.5949707 -1 -2
1495.19995117 -2 -2
1495.87402344 -3 -2
1496.69799805 -3 -3
r
1497.40100098 -2 2
1498.09399414 -3 2
1498.73901367 -3 1
1499.45300293 -3 0
1500.21899414 -3 -1
1501.05297852 -3 -2
1501.87805176 -3 -3
r
1502.62805176 2 2
1503.47900391 2 1
1504.2220459 2 0
1504.83703613 2 -1
1505.71899414 1 -1
1506.58996582 0 -1
1507.26196289 -1 -1
1507.90100098 -2 -1
1508.55700684 -3 -1
1509.34899902 -3 -2
1510.21899414 -3 -3
r
1510.93896484 -2 -2
1511.79101562 -3 -2
1512.60400391 -3 -3
r
1513.4909668 2 -2
1514.33398438 1 -2
1515.11401367 0 -2
1515.72094727 -1 -2
1516.37597656 -2 -2
1516.9909668 -3 -2
1517.88793945 -3 -3
r
1518.62597656 -2 2
1519.39904785 -3 2
1520.01501465 -3 2
1520.68200684 -3 1
1521.29394531 -3 0
1522.08398438 -3 -1
1522.69299316 -3 -2
1523.4239502 -3 -3
r
1524.30700684 2 2
1525.0760498 2 1
1525.89294434 2 0
1526.61804199 2 -1
1527.42895508 1 -1
1528.04797363 0 -1
1528.79797363 -1 -1
1529.47802734 -2 -1
1530.12805176 -3 -1
1530.88098145 -3 -2
1531.61303711 -3 -3
r
1532.46704102 -2 -2
1533.29101562 -3 -2
1533.90600586 -3 -3
r
1534.66601562 2 -2
1535.53503418 1 -2
1536.39501953 0 -2
1537.23303223 -1 -2
1538.04003906 -2 -2
1538.78796387 -3 -2
1539.54199219 -3 -3
r
1540.29797363 -2 2
1541.02294922 -3 2
1541.69299316 -3 1
1542.35095215 -3 0
1543.14294434 -3 -1
1543.88500977 -3 -2
1544.75 -3 -3
r
1545.56005859 2 2
1546.41296387 2 1
1547.0670166 2 0
1547.79003906 2 -1
1548.54504395 1 -1
1549.40002441 0 -1
1550.15405273 -1 -1
1550.85595703 -2 -1
1551.74194336 -3 -1
1552.59594727 -3 -2
1553.34899902 -3 -3
r
1553.9720459 -2 -2
1554.69396973 -3 -2
1555.52600098 -3 -3
r
1556.17895508 2 -2
1556.88903809 1 -2
1557.67797852 0 -2
1558.40002441 -1 -2
1559.09094238 -2 -2
1559.83300781 -3 -2
1560.50500488 -3 -3
r
1561.17504883 -2 2
1561.94604492 -3 2
1562.70800781 -3 1
1563.3470459 -3 0
1564.10205078 -3 -1
1564.83496094 -3 -2
1565.66699219 -3 -3
r
1566.56604004 2 2
1567.32897949 2 1
1568.06494141 2 0
1568.80102539 2 -1
1569.58996582 1 -1
1570.19799805 0 -1
1570.98803711 -1 -1
1571.70397949 -2 -1
1572.35803223 -3 -1
1573.19604492 -3 -2
1574.0970459 -3 -3
r
1574.88500977 -2 -2
1575.55004883 -3 -2
1576.26904297 -3 -3
r
1576.9699707 2 -2
1577.62805176 1 -2
1578.51196289 0 -2
1579.11901855 -1 -2
1579.86999512 -2 -2
1580.59399414 -3 -2
1581.38305664 -3 -3
r
1582.04602051 -2 2
1582.68701172 -3 2
1583.58496094 -3 1
1584.44396973 -3 0
1585.05395508 -3 -1
1585.81005859 -3 -2
1586.50305176 -3 -3
r
1587.14904785 2 2
1587.83605957 2 1
1588.46496582 2 0
1589.23205566 2 -1
1590.09204102 1 -1
1590.94604492 0 -1
1591.59399414 -1 -1
1592.25695801 -2 -1
1592.98205566 -3 -1
1593.76696777 -3 -2
1594.64501953 -3 -3
r
1595.26501465 -2 -2
1595.97998047 -3 -2
1596.62902832 -3 -3
r
1597.34594727 2 -2
1598.09802246 1 -2
1598.71398926 0 -2
1599.43994141 -1 -2
1600.04504395 -2 -2
1600.91296387 -3 -2
1601.70800781 -3 -3
r
1602.40100098 -2 2
1603.19396973 -3 2
1603.82397461 -3 1
1604.5949707 -3 0
1605.2409668 -3 -1
1606.04602051 -3 -2
1606.92102051 -3 -3
r
1607.72705078 2 2
1608.45495605 2 1
1609.0760498 2 0
1609.87902832 2 -1
1610.72595215 1 -1
1611.39294434 0 -1
1612.03796387 -1 -1
1612.91101074 -2 -1
1613.66003418 -3 -1
1614.26794434 -3 -2
1614.93200684 -3 -3
r
1615.78601074 -2 -2
1616.6619873 -3 -2
1617.45898438 -3 -3
r
1618.0949707 2 -2
1618.89404297 1 -2
1619.62402344 0 -2
1620.26403809 -1 -2
1620.8659668 -2 -2
1621.46704102 -3 -2
1622.22900391 -3 -3
r
1622.85400391 -2 2
1623.75 -3 2
1624.59899902 -3 1
1625.4329834 -3 0
1626.19604492 -3 -1
1626.87194824 -3 -2
1627.76403809 -3 -3
r
1628.64001465 2 2
1629.4630127 2 1
1630.35900879 2 0
1631.18005371 2 -1
1632.07995605 1 -1
1632.68701172 0 -1
1633.32104492 -1 -1
1634.17700195 -2 -1
1634.7800293 -3 -1
1635.49804688 -3 -2
1636.36999512 -3 -3
r
1637.15795898 -2 -2
1637.83300781 -3 -2
1638.57397461 -3 -3
r
1639.23901367 2 -2
1640.01196289 1 -2
1640.7779541 0 -2
1641.45898438 -1 -2
1642.08703613 -2 -2
1642.69494629 -3 -2
1643.30297852 -3 -3
r
1643.99194336 -2 2
1644.70300293 -3 2
1645.33105469 -3 1
1645.95800781 -3 0
1646.72094727 -3 -1
1647.5949707 -3 -2
1648.27099609 -3 -3
r
1648.90197754 2 2
1649.68701172 2 1
1650.30200195 2 0
1650.97399902 2 -1
1651.62304688 1 -1
1652.49804688 0 -1
1653.36499023 -1 -1
1654.04199219 -2 -1
1654.67504883 -3 -1
1655.56494141 -3 -2
1656.2010498 -3 -3
r
1657.00598145 -2 -2
1657.66394043 -3 -2
1658.33898926 -3 -3
r
1658.98901367 2 -2
1659.67004395 1 -2
1660.38793945 0 -2
1661.18200684 -1 -2
1661.92297363 -2 -2
1662.66503906 -3 -2
1663.50305176 -3 -3
r
1664.22900391 -2 2
1664.84802246 -3 2
1665.45605469 -3 2
1666.07299805 -3 1
1666.95397949 -3 0
1667.70605469 -3 -1
1668.34204102 -3 -2
1669.10498047 -3 -3
r
1669.93896484 2 2
1670.77600098 2 1
1671.5090332 2 0
1672.18994141 2 -1
1673.00500488 1 -1
1673.81103516 0 -1
1674.48498535 -1 -1
1675.22302246 -2 -1
1676.0970459 -3 -1
1676.90100098 -3 -2
1677.52404785 -3 -3
r
1678.2010498 -2 -2
1678.89794922 -3 -2
1679.66796875 -3 -3
r
1680.32202148 2 -2
1681.11694336 1 -2
1681.8840332 0 -2
1682.62097168 -1 -2
1683.44897461 -2 -2
1684.22705078 -3 -2
1685.01000977 -3 -3
r
1685.61206055 -2 2
1686.23706055 -3 2
1687.12097168 -3 1
1687.99194336 -3 0
1688.70300293 -3 -1
1689.36096191 -3 -2
1690.15698242 -3 -3
r
1690.92504883 2 2
1691.67797852 2 1
1692.41894531 2 0
1693.16503906 2 -1
1693.95495605 1 -1
1694.64099121 0 -1
1695.36303711 -1 -1
1696.08105469 -2 -1
1696.95703125 -3 -1
1697.82104492 -3 -2
1698.48205566 -3 -3
r
1699.23803711 -2 -2
1699.95397949 -3 -2
1700.55895996 -3 -3
r
1701.27001953 2 -2
1702.10803223 1 -2
1702.92700195 0 -2
1703.71398926 -1 -2
1704.41003418 -2 -2
1705.28601074 -3 -2
1706.05297852 -3 -3
r
1706.80004883 -2 2
1707.45397949 -3 2
1708.24804688 -3 1
1709.05297852 -3 0
1709.90002441 -3 -1
1710.58105469 -3 -2
1711.23095703 -3 -3
r
1712.00500488 2 2
1712.76098633 2 1
1713.54003906 2 0
1714.28894043 2 -1
1715.08996582 1 -1
1715.7989502 0 -1
1716.53894043 -1 -1
1717.38903809 -2 -1
1718.02197266 -3 -1
1718.72302246 -3 -2
1719.57202148 -3 -3
r
1720.45397949 -2 -2
1721.06604004 -3 -2
1721.90002441 -3 -3
r
1722.54797363 2 -2
1723.37597656 1 -2
1724.21105957 0 -2
1724.83203125 -1 -2
1725.69799805 -2 -2
1726.47900391 -3 -2
1727.17199707 -3 -3
r
1727.80004883 -2 2
1728.42297363 -3 2
1729.17297363 -3 1
1729.89794922 -3 0
1730.76293945 -3 -1
1731.62097168 -3 -2
1732.35900879 -3 -3
r
1733.08496094 2 2
1733.7989502 2 1
1734.49902344 2 0
1735.3170166 2 -1
1736.18005371 1 -1
1736.91796875 0 -1
1737.81005859 -1 -1
1738.51293945 -2 -1
1739.34899902 -3 -1
1740.24597168 -3 -2
1741.01293945 -3 -3
r
1741.81005859 -2 -2
1742.69494629 -3 -2
1743.59204102 -3 -3
r
1744.27099609 2 -2
1745.11901855 1 -2
1745.92700195 0 -2
1746.70800781 -1 -2
1747.38000488 -2 -2
1748.18505859 -3 -2
1749.06896973 -3 -3
r
1749.94995117 -2 2
1750.61206055 -3 2
1751.44494629 -3 2
1752.28503418 -3 1
1753.06494141 -3 0
1753.88000488 -3 -1
1754.72302246 -3 -2
1755.59301758 -3 -3
r
1756.23400879 2 2
1757.04199219 2 1
1757.72900391 2 0
1758.58105469 2 -1
1759.29101562 1 -1
1759.99194336 0 -1
1760.75097656 -1 -1
1761.51098633 -2 -1
1762.14001465 -3 -1
1762.7779541 -3 -2
1763.63098145 -3 -3
r
1764.44799805 -2 -2
1765.21899414 -3 -2
1766.03295898 -3 -3
r
1766.7130127 2 -2
1767.44104004 1 -2
1768.1920166 0 -2
1768.96704102 -1 -2
1769.79797363 -2 -2
1770.59301758 -3 -2
1771.34594727 -3 -3
r
1771.97998047 -2 2
1772.73999023 -3 2
1773.34094238 -3 1
1774.02905273 -3 0
1774.70605469 -3 -1
1775.4630127 -3 -2
1776.35400391 -3 -3
r
1776.96203613 2 2
1777.66394043 2 1
1778.37902832 2 0
1779.0670166 2 -1
1779.92199707 1 -1
1780.73303223 0 -1
1781.4029541 -1 -1
1782.26403809 -2 -1
1783.07104492 -3 -1
1783.89099121 -3 -2
1784.75305176 -3 -3
r
1785.52697754 -2 -2
1786.15905762 -3 -2
1786.9239502 -3 -3
r
1787.69494629 2 -2
1788.32800293 1 -2
1788.9630127 0 -2
1789.5949707 -1 -2
1790.35705566 -2 -2
1791.07495117 -3 -2
1791.88000488 -3 -3
r
1792.68103027 -2 2
1793.55895996 -3 2
1794.28405762 -3 1
1795.09802246 -3 0
1795.91394043 -3 -1
1796.56396484 -3 -2
1797.30297852 -3 -3
r
1797.99804688 2 2
1798.61804199 2 1
1799.32702637 2 0
1800.00402832 2 -1
1800.66796875 1 -1
1801.46704102 0 -1
1802.16601562 -1 -1
1802.94799805 -2 -1
1803.60498047 -3 -1
1804.46801758 -3 -2
1805.35400391 -3 -3
r
1805.97094727 -2 -2
1806.79101562 -3 -2
1807.45300293 -3 -3
r
1808.19299316 2 -2
1808.97399902 1 -2
1809.85803223 0 -2
1810.55004883 -1 -2
1811.25195312 -2 -2
1811.90405273 -3 -2
1812.58703613 -3 -3
r
1813.19104004 -2 2
1813.93994141 -3 2
1814.72094727 -3 1
1815.46594238 -3 0
1816.18005371 -3 -1
1816.99499512 -3 -2
1817.62097168 -3 -3
r
1818.48706055 2 2
1819.16503906 2 1
1819.83105469 2 0
1820.61096191 2 -1
1821.45605469 1 -1
1822.28796387 0 -1
1823.05004883 -1 -1
1823.85205078 -2 -1
1824.71496582 -3 -1
1825.33398438 -3 -2
1825.94702148 -3 -3
r
1826.83898926 -2 -2
1827.62097168 -3 -2
1828.28796387 -3 -3
r
1829.08898926 2 -2
1829.85095215 1 -2
1830.70397949 0 -2
1831.53503418 -1 -2
1832.34899902 -2 -2
1833.01403809 -3 -2
1833.65698242 -3 -3
r
1834.31005859 -2 2
1835.13305664 -3 2
1835.95703125 -3 1
1836.67297363 -3 0
1837.56799316 -3 -1
1838.20800781 -3 -2
1838.88598633 -3 -3
r
1839.7409668 2 2
1840.55395508 2 1
1841.44299316 2 0
1842.1619873 2 -1
1842.98803711 1 -1
1843.70996094 0 -1
1844.45397949 -1 -1
1845.07104492 -2 -1
1845.87097168 -3 -1
1846.73706055 -3 -2
1847.54394531 -3 -3
r
1848.43005371 -2 -2
1849.27502441 -3 -2
1850.13696289 -3 -3
r
1850.7800293 2 -2
1851.48803711 1 -2
1852.33300781 0 -2
1852.9630127 -1 -2
1853.68200684 -2 -2
1854.35998535 -3 -2
1854.9909668 -3 -3
r
1855.63000488 -2 2
1856.29003906 -3 2
1857.13598633 -3 1
1857.98303223 -3 0
1858.59204102 -3 -1
1859.47399902 -3 -2
1860.24304199 -3 -3
r
1861.08703613 2 2
1861.76501465 2 1
1862.51403809 2 0
1863.35998535 2 -1
1864.20495605 1 -1
1864.88500977 0 -1
1865.5579834 -1 -1
1866.18505859 -2 -1
1867.08300781 -3 -1
1867.92199707 -3 -2
1868.6829834 -3 -3
r
1869.50305176 -2 -2
1870.23706055 -3 -2
1871.0760498 -3 -3
r
1871.90698242 2 -2
1872.79296875 1 -2
1873.49597168 0 -2
1874.36999512 -1 -2
1875.17602539 -2 -2
1875.92199707 -3 -2
1876.52294922 -3 -3
r
1877.35803223 -2 2
1878.08300781 -3 2
1878.80505371 -3 1
1879.5 -3 0
1880.18505859 -3 -1
1880.93005371 -3 -2
1881.70605469 -3 -3
r
1882.45703125 2 2
1883.19299316 2 1
1884.01000977 2 0
1884.83996582 2 -1
1885.58703613 1 -1
1886.32104492 0 -1
1886.92797852 -1 -1
1887.54394531 -2 -1
1888.39697266 -3 -1
1889.28503418 -3 -2
1890.03198242 -3 -3
r
1890.78198242 -2 -2
1891.48706055 -3 -2
1892.31103516 -3 -3
r
1893.11096191 2 -2
1893.97802734 1 -2
1894.68603516 0 -2
1895.44299316 -1 -2
1896.11096191 -2 -2
1896.80200195 -3 -2
1897.69299316 -3 -3
r
1898.37805176 -2 2
1899.16503906 -3 2
1900.06298828 -3 1
1900.75500488 -3 0
1901.44494629 -3 -1
1902.05603027 -3 -2
1902.70300293 -3 -3
r
1903.38195801 2 2
1904.09204102 2 1
1904.72399902 2 0
1905.53295898 2 -1
1906.16503906 1 -1
1906.96398926 0 -1
1907.80700684 -1 -1
1908.61499023 -2 -1
1909.43896484 -3 -1
1910.15905762 -3 -2
1910.78894043 -3 -3
r
1911.49194336 -2 -2
1912.21704102 -3 -2
1913.09802246 -3 -3
r
1913.95703125 2 -2
1914.67004395 1 -2
1915.27502441 0 -2
1915.94702148 -1 -2
1916.84204102 -2 -2
1917.59594727 -3 -2
1918.31005859 -3 -3
r
1919.13305664 -2 2
1919.86096191 -3 2
1920.55102539 -3 1
1921.25695801 -3 0
1921.97900391 -3 -1
1922.72802734 -3 -2
1923.59594727 -3 -3
r
1924.35400391 2 2
1925.09594727 2 1
1925.86096191 2 0
1926.64404297 2 -1
1927.30297852 1 -1
1928.13195801 0 -1
1928.98596191 -1 -1
1929.84301758 -2 -1
1930.52099609 -3 -1
1931.30200195 -3 -2
1932.01501465 -3 -3
r
1932.88305664 -2 -2
1933.59094238 -3 -2
1934.31994629 -3 -3
r
1935.19396973 2 -2
1935.86694336 1 -2
1936.73803711 0 -2
1937.57495117 -1 -2
1938.4329834 -2 -2
1939.32702637 -3 -2
1940.00195312 -3 -3
r
1940.64599609 -2 2
1941.49304199 -3 2
1942.37695312 -3 1
1943.17700195 -3 0
1943.78503418 -3 -1
1944.48095703 -3 -2
1945.09899902 -3 -3
r
1945.84301758 2 2
1946.53894043 2 1
1947.2590332 2 0
1947.93103027 2 -1
1948.56201172 1 -1
1949.24499512 0 -1
1949.99194336 -1 -1
1950.59802246 -2 -1
1951.38000488 -3 -1
1952.11499023 -3 -2
1952.79296875 -3 -3
r
1953.39697266 -2 -2
1954.24401855 -3 -2
1954.9510498 -3 -3
r
1955.81604004 2 -2
1956.53601074 1 -2
1957.40002441 0 -2
1958.20495605 -1 -2
1958.96105957 -2 -2
1959.64904785 -3 -2
1960.43505859 -3 -3
r
1961.0369873 -2 2
1961.83703613 -3 2
1962.56201172 -3 1
1963.23999023 -3 0
1964.05200195 -3 -1
1964.76904297 -3 -2
1965.59301758 -3 -3
r
1966.26000977 2 2
1966.9699707 2 1
1967.68103027 2 0
1968.55895996 2 -1
1969.18994141 1 -1
1969.85205078 0 -1
1970.50598145 -1 -1
1971.125 -2 -1
1971.82299805 -3 -1
1972.53503418 -3 -2
1973.16503906 -3 -3
r
1973.83898926 -2 -2
1974.50097656 -3 -2
1975.28295898 -3 -3
r
1976.01098633 2 -2
1976.7199707 1 -2
1977.51904297 0 -2
1978.3470459 -1 -2
1978.97302246 -2 -2
1979.6529541 -3 -2
1980.30895996 -3 -3
r
1981.15795898 -2 2
1981.8079834 -3 2
1982.42504883 -3 1
1983.08605957 -3 0
1983.87902832 -3 -1
1984.71105957 -3 -2
1985.38000488 -3 -3
r
1986.07995605 2 2
1986.75598145 2 1
1987.55004883 2 0
1988.39294434 2 -1
1989.23095703 1 -1
1990.10705566 0 -1
1990.92504883 -1 -1
1991.55505371 -2 -1
1992.28405762 -3 -1
1992.94299316 -3 -2
1993.81103516 -3 -3
r
1994.57495117 -2 -2
1995.42297363 -3 -2
1996.31201172 -3 -3
r
1996.93798828 2 -2
1997.67895508 1 -2
1998.33703613 0 -2
1999.07897949 -1 -2
1999.96899414 -2 -2
2000.74694824 -3 -2
2001.55603027 -3 -3
r
2002.24694824 -2 2
2002.95996094 -3 2
2003.65905762 -3 1
2004.35095215 -3 0
2005.23999023 -3 -1
2006.10595703 -3 -2
2006.8380127 -3 -3
r
2007.49499512 2 2
2008.18603516 2 1
2009.03796387 2 0
2009.70495605 2 -1
2010.3659668 1 -1
2011.02600098 0 -1
2011.76196289 -1 -1
2012.58398438 -2 -1
2013.19299316 -3 -1
2013.80505371 -3 -2
2014.59594727 -3 -3
r
2015.36206055 -2 -2
2015.98205566 -3 -2
2016.69897461 -3 -3
r
2017.44799805 2 -2
2018.18603516 1 -2
2018.86499023 0 -2
2019.71801758 -1 -2
2020.49401855 -2 -2
2021.13793945 -3 -2
2021.96105957 -3 -3
r
2022.69104004 -2 2
2023.38903809 -3 2
2024.10205078 -3 1
2024.75195312 -3 0
2025.42602539 -3 -1
2026.11401367 -3 -2
2026.78601074 -3 -3
r
2027.52697754 2 2
2028.35900879 2 1
2029.05395508 2 0
2029.72998047 2 -1
2030.58996582 1 -1
2031.28100586 0 -1
2032.12097168 -1 -1
2032.89099121 -2 -1
2033.69299316 -3 -1
2034.36694336 -3 -2
2035.25402832 -3 -3
r
2035.9909668 -2 -2
2036.85998535 -3 -2
2037.60998535 -3 -3
r
2038.25097656 2 -2
2038.90795898 1 -2
2039.56896973 0 -2
2040.22094727 -1 -2
2041.06994629 -2 -2
2041.92199707 -3 -2
2042.61694336 -3 -3
r
2043.43395996 -2 2
2044.15905762 -3 2
2044.82995605 -3 1
2045.65905762 -3 0
2046.37304688 -3 -1
2047.05700684 -3 -2
2047.68701172 -3 -3
r
2048.33789062 2 2
2048.9440918 2 1
2049.64599609 2 0
2050.46606445 2 -1
2051.19604492 1 -1
2052.0859375 0 -1
2052.91992188 -1 -1
2053.81689453 -2 -1
2054.52709961 -3 -1
2055.17089844 -3 -2
2055.83691406 -3 -3
r
2056.47290039 -2 -2
2057.22509766 -3 -2
2058.09008789 -3 -3
r
2058.76293945 2 -2
2059.38500977 1 -2
2060.08398438 0 -2
2060.69604492 -1 -2
2061.58398438 -2 -2
2062.24609375 -3 -2
2062.86108398 -3 -3
r
2063.67993164 -2 2
2064.51489258 -3 2
2065.39111328 -3 1
2066.26391602 -3 0
2067.10498047 -3 -1
2067.87109375 -3 -2
2068.66601562 -3 -3
r
2069.53491211 2 2
2070.23291016 2 1
2071.04003906 2 0
2071.9050293 2 -1
2072.63891602 1 -1
2073.49511719 0 -1
2074.10205078 -1 -1
2074.74804688 -2 -1
2075.35791016 -3 -1
2076.23193359 -3 -2
2077.01708984 -3 -3
r
2077.89111328 -2 -2
2078.49389648 -3 -2
2079.15209961 -3 -3
r
2080.02587891 2 -2
2080.63305664 1 -2
2081.39599609 0 -2
2082.02490234 -1 -2
2082.69189453 -2 -2
2083.29711914 -3 -2
2083.93798828 -3 -3
r
2084.56591797 -2 2
2085.37988281 -3 2
2086.21704102 -3 1
2086.97509766 -3 0
2087.83105469 -3 -1
2088.66699219 -3 -2
2089.35888672 -3 -3
r
2090.15795898 2 2
2090.93994141 2 1
2091.7980957 2 0
2092.68798828 2 -1
2093.51806641 1 -1
2094.18896484 0 -1
2094.9519043 -1 -1
2095.79101562 -2 -1
2096.51708984 -3 -1
2097.31201172 -3 -2
2097.95996094 -3 -3
r
2098.62988281 -2 -2
2099.23291016 -3 -2
2100.0090332 -3 -3
r
2100.83691406 2 -2
2101.54003906 1 -2
2102.40893555 0 -2
2103.19702148 -1 -2
2104.03710938 -2 -2
2104.7980957 -3 -2
2105.41796875 -3 -3
r
2106.12792969 -2 2
2106.95800781 -3 2
2107.6730957 -3 1
2108.32006836 -3 0
2109.16601562 -3 -1
2109.85888672 -3 -2
2110.75097656 -3 -3
r
2111.41210938 2 2
2112.3059082 2 1
2113.05102539 2 0
2113.77709961 2 -1
2114.56298828 1 -1
2115.17089844 0 -1
2115.7980957 -1 -1
2116.51708984 -2 -1
2117.26489258 -3 -1
2117.90991211 -3 -2
2118.57006836 -3 -3
r
2119.28198242 -2 -2
2120.02001953 -3 -2
2120.65893555 -3 -3
r
2121.3840332 2 -2
2122.01708984 1 -2
2122.63598633 0 -2
2123.44604492 -1 -2
2124.21606445 -2 -2
2124.88110352 -3 -2
2125.70996094 -3 -3
r
2126.50195312 -2 2
2127.10693359 -3 2
2127.74389648 -3 1
2128.47998047 -3 0
2129.34106445 -3 -1
2129.97290039 -3 -2
2130.74389648 -3 -3
r
2131.5480957 2 2
2132.25390625 2 1
2133.04003906 2 0
2133.88598633 2 -1
2134.63305664 1 -1
2135.37402344 0 -1
2136.18896484 -1 -1
2136.84106445 -2 -1
2137.50708008 -3 -1
2138.30493164 -3 -2
2138.93603516 -3 -3
r
2139.83398438 -2 -2
2140.55908203 -3 -2
2141.31396484 -3 -3
r
2142.18994141 2 -2
2142.89306641 1 -2
2143.62011719 0 -2
2144.28393555 -1 -2
2144.91796875 -2 -2
2145.70092773 -3 -2
2146.35107422 -3 -3
r
2146.99707031 -2 2
2147.86499023 -3 2
2148.73388672 -3 1
2149.35205078 -3 0
2150.21704102 -3 -1
2150.90087891 -3 -2
2151.73803711 -3 -3
r
2152.34594727 2 2
2153.24194336 2 1
2153.98291016 2 0
2154.625 2 -1
2155.25195312 1 -1
2155.94311523 0 -1
2156.66992188 -1 -1
2157.51000977 -2 -1
2158.13110352 -3 -1
2158.7800293 -3 -2
2159.58789062 -3 -3
r
2160.45507812 -2 -2
2161.21191406 -3 -2
2161.92895508 -3 -3
r
2162.64111328 2 -2
2163.27392578 1 -2
2163.91088867 0 -2
2164.75488281 -1 -2
2165.54394531 -2 -2
2166.33105469 -3 -2
2167.06494141 -3 -3
r
2167.86010742 -2 2
2168.54101562 -3 2
2169.37109375 -3 1
2170.01196289 -3 0
2170.81298828 -3 -1
2171.54296875 -3 -2
2172.20898438 -3 -3
r
2172.90209961 2 2
2173.55200195 2 1
2174.2980957 2 0
2175.09790039 2 -1
2175.75610352 1 -1
2176.6550293 0 -1
2177.54907227 -1 -1
2178.42895508 -2 -1
2179.2590332 -3 -1
2180.01806641 -3 -2
2180.78295898 -3 -3
r
2181.51708984 -2 -2
2182.29492188 -3 -2
2182.93994141 -3 -3
r
2183.68408203 2 -2
2184.43505859 1 -2
2185.23388672 0 -2
2185.88989258 -1 -2
2186.69799805 -2 -2
2187.33203125 -3 -2
2188.13891602 -3 -3
r
2188.85302734 -2 2
2189.73095703 -3 2
2190.50292969 -3 1
2191.39111328 -3 0
2192.26489258 -3 -1
2193.1340332 -3 -2
2193.91210938 -3 -3
r
2194.64404297 2 2
2195.46191406 2 1
2196.14892578 2 0
2196.99389648 2 -1
2197.80395508 1 -1
2198.52294922 0 -1
2199.29907227 -1 -1
2200.15405273 -2 -1
2200.99902344 -3 -1
2201.625 -3 -2
2202.46191406 -3 -3
r
2203.19311523 -2 -2
2203.87402344 -3 -2
2204.51806641 -3 -3
r
2205.21801758 2 -2
2205.89794922 1 -2
2206.67993164 0 -2
2207.5300293 -1 -2
2208.33300781 -2 -2
2209.22290039 -3 -2
2209.99804688 -3 -3
r
2210.6550293 -2 2
2211.31201172 -3 2
2212.01806641 -3 1
2212.67089844 -3 0
2213.43408203 -3 -1
2214.14306641 -3 -2
2214.8840332 -3 -3
r
2215.77905273 2 2
2216.47290039 2 1
2217.23901367 2 0
2217.87207031 2 -1
2218.5480957 1 -1
2219.36303711 0 -1
2220.20410156 -1 -1
2220.99804688 -2 -1
2221.87402344 -3 -1
2222.70800781 -3 -2
2223.51489258 -3 -3
r
2224.26293945 -2 -2
2225.11694336 -3 -2
2225.8840332 -3 -3
r
2226.625 2 -2
2227.35009766 1 -2
2228.16308594 0 -2
2228.99511719 -1 -2
2229.67407227 -2 -2
2230.53295898 -3 -2
2231.35888672 -3 -3
r
2232.02001953 -2 2
2232.73608398 -3 2
2233.62207031 -3 1
2234.52099609 -3 0
2235.13110352 -3 -1
2235.89404297 -3 -2
2236.60498047 -3 -3
r
2237.3190918 2 2
2238.20507812 2 1
2239.09106445 2 0
2239.77197266 2 -1
2240.56811523 1 -1
2241.2890625 0 -1
2241.93188477 -1 -1
2242.71899414 -2 -1
2243.55810547 -3 -1
2244.26611328 -3 -2
2245.0559082 -3 -3
r
2245.90209961 -2 -2
2246.58105469 -3 -2
2247.2590332 -3 -3
r
2247.98388672 2 -2
2248.625 1 -2
2249.28198242 0 -2
2249.97412109 -1 -2
2250.77490234 -2 -2
2251.60498047 -3 -2
2252.33789062 -3 -3
r
2252.95092773 -2 2
2253.82397461 -3 2
2254.53491211 -3 1
2255.19702148 -3 0
2255.91210938 -3 -1
2256.6340332 -3 -2
2257.46801758 -3 -3
r
2258.25195312 2 2
2258.97290039 2 1
2259.71508789 2 0
2260.41992188 2 -1
2261.27587891 1 -1
2261.93310547 0 -1
2262.81494141 -1 -1
2263.59204102 -2 -1
2264.19311523 -3 -1
2264.97412109 -3 -2
2265.86010742 -3 -3
r
2266.53198242 -2 -2
2267.39404297 -3 -2
2268.10791016 -3 -3
r
2268.73510742 2 -2
2269.53100586 1 -2
2270.42089844 0 -2
2271.08911133 -1 -2
2271.84594727 -2 -2
2272.53491211 -3 -2
2273.38696289 -3 -3
r
2274.15405273 -2 2
2275.04907227 -3 2
2275.84008789 -3 1
2276.72412109 -3 0
2277.43896484 -3 -1
2278.07104492 -3 -2
2278.69189453 -3 -3
r
2279.39990234 2 2
2280.12402344 2 1
2280.93505859 2 0
2281.70898438 2 -1
2282.48999023 1 -1
2283.35302734 0 -1
2284.09912109 -1 -1
2284.95288086 -2 -1
2285.59106445 -3 -1
2286.37695312 -3 -2
2287.2199707 -3 -3
r
2288.10595703 -2 -2
2289.00610352 -3 -2
2289.62988281 -3 -3
r
2290.52001953 2 -2
2291.31591797 1 -2
2292.12304688 0 -2
2292.84301758 -1 -2
2293.65600586 -2 -2
2294.54394531 -3 -2
2295.38793945 -3 -3
r
2296.12402344 -2 2
2296.94897461 -3 2
2297.63891602 -3 1
2298.31298828 -3 0
2299.16601562 -3 -1
2299.7980957 -3 -2
2300.63696289 -3 -3
r
2301.53393555 2 2
2302.4309082 2 1
2303.14111328 2 0
2303.83398438 2 -1
2304.66210938 1 -1
2305.35205078 0 -1
2305.97900391 -1 -1
2306.80297852 -2 -1
2307.49902344 -3 -1
2308.39208984 -3 -2
2309.24389648 -3 -3
r
2310.06396484 -2 -2
2310.73193359 -3 -2
2311.47802734 -3 -3
r
2312.24902344 2 -2
2312.93603516 1 -2
2313.78393555 0 -2
2314.64990234 -1 -2
2315.37011719 -2 -2
2316.01611328 -3 -2
2316.89599609 -3 -3
r
2317.53491211 -2 2
2318.16088867 -3 2
2318.94897461 -3 1
2319.84106445 -3 0
2320.53198242 -3 -1
2321.41503906 -3 -2
2322.12695312 -3 -3
r
2323.01293945 2 2
2323.67895508 2 1
2324.34912109 2 0
2325.02807617 2 -1
2325.64306641 1 -1
2326.27807617 0 -1
2327.04589844 -1 -1
2327.84106445 -2 -1
2328.5300293 -3 -1
2329.2199707 -3 -2
2329.88208008 -3 -3
r
2330.66210938 -2 -2
2331.34106445 -3 -2
2332.09106445 -3 -3
r
2332.92993164 2 -2
2333.65893555 1 -2
2334.38793945 0 -2
2335.07397461 -1 -2
2335.74902344 -2 -2
2336.54907227 -3 -2
2337.27099609 -3 -3
r
2337.97607422 -2 2
2338.72509766 -3 2
2339.59912109 -3 1
2340.21899414 -3 0
2341.04711914 -3 -1
2341.92993164 -3 -2
2342.65087891 -3 -3
r
2343.27807617 2 2
2343.92407227 2 1
2344.64404297 2 0
2345.5390625 2 -1
2346.27807617 1 -1
2347.10498047 0 -1
2347.90698242 -1 -1
2348.55493164 -2 -1
2349.43994141 -3 -1
2350.20898438 -3 -2
2351.05688477 -3 -3
r
2351.73510742 -2 -2
2352.5300293 -3 -2
2353.26806641 -3 -3
r
2354.07910156 2 -2
2354.7800293 1 -2
2355.47509766 0 -2
2356.10400391 -1 -2
2356.73388672 -2 -2
2357.43701172 -3 -2
2358.11206055 -3 -3
r
2358.81396484 -2 2
2359.61694336 -3 2
2360.30395508 -3 1
2360.96289062 -3 0
2361.77001953 -3 -1
2362.54711914 -3 -2
2363.30102539 -3 -3
r
2364.16992188 2 2
2364.96191406 2 1
2365.70507812 2 0
2366.59399414 2 -1
2367.38500977 1 -1
2368.02001953 0 -1
2368.76806641 -1 -1
2369.49389648 -2 -1
2370.20507812 -3 -1
2370.88208008 -3 -2
2371.71411133 -3 -3
r
2372.56494141 -2 -2
2373.40087891 -3 -2
2374.13696289 -3 -3
r
2374.96411133 2 -2
2375.73510742 1 -2
2376.625 0 -2
2377.34912109 -1 -2
2378.16210938 -2 -2
2378.81811523 -3 -2
2379.47607422 -3 -3
r
2380.09912109 -2 2
2380.9140625 -3 2
2381.6940918 -3 1
2382.50488281 -3 0
2383.30810547 -3 -1
2384.05688477 -3 -2
2384.88110352 -3 -3
r
2385.54492188 2 2
2386.42211914 2 1
2387.13793945 2 0
2387.94897461 2 -1
2388.66796875 1 -1
2389.32495117 0 -1
2390.2019043 -1 -1
2390.86401367 -2 -1
2391.6159668 -3 -1
2392.5090332 -3 -2
2393.26806641 -3 -3
r
2394.05810547 -2 -2
2394.87890625 -3 -2
2395.54907227 -3 -3
r
2396.16210938 2 -2
2396.83203125 1 -2
2397.45092773 0 -2
2398.11791992 -1 -2
2398.96411133 -2 -2
2399.61206055 -3 -2
