0.500999987125 1 1
1.16100001335 1 0
1.85500001907 1 -1
2.61899995804 1 -2
3.36999988556 1 -3
4.01900005341 1 -3
4.64900016785 1 -3
5.40100002289 0 -3
6.29500007629 -1 -3
6.94099998474 0 -3
7.60500001907 1 -3
8.45699977875 2 -3
9.09799957275 2 -2
9.83699989319 2 -3
10.6529998779 2 -2
11.4189996719 2 -1
12.1000003815 1 -1
12.8809995651 0 -1
13.5830001831 -1 -1
14.3509998322 -1 0
15.1940002441 -1 -1
16.0520000458 -1 -2
16.6660003662 -1 -3
17.4249992371 -1 -3
18.2730007172 -2 -3
19.1660003662 -3 -3
r
19.9570007324 -2 -2
20.8129997253 -3 -2
21.5499992371 -3 -2
22.3120002747 -3 -3
r
23.0160007477 2 -2
23.7980003357 2 -3
24.5079994202 2 -3
25.408000946 1 -3
26.0629997253 1 -3
26.7339992523 1 -3
27.341999054 1 -3
28.1410007477 1 -3
28.861000061 1 -3
29.7439994812 1 -3
30.5690002441 0 -3
31.2919998169 0 -3
32.0810012817 0 -3
32.8390007019 0 -3
33.6150016785 0 -3
34.311000824 0 -3
35.0810012817 -1 -3
35.9249992371 -1 -3
36.5480003357 -1 -3
37.408000946 -1 -3
38.2130012512 -1 -3
39.0060005188 -1 -3
39.7589988708 -2 -3
40.6230010986 -2 -3
41.3689994812 -2 -3
42.2109985352 -2 -3
43.0200004578 -2 -3
43.9119987488 -3 -3
r
44.7779998779 -2 2
45.4420013428 -2 1
46.2270011902 -2 0
47.0439987183 -2 -1
47.9010009766 -2 -2
48.5379981995 -3 -2
49.1980018616 -3 -3
r
49.9560012817 2 2
50.6380004883 2 1
51.2789993286 1 1
51.9739990234 1 0
52.7540016174 0 0
53.6199989319 -1 0
54.3079986572 -1 -1
55.0880012512 -1 -2
55.8009986877 -1 -3
56.5989990234 -1 -3
57.3790016174 -1 -3
58.0229988098 -2 -3
58.6619987488 -2 -3
59.3909988403 -2 -3
60.2610015869 -2 -3
60.8930015564 -2 -3
61.641998291 -3 -3
r
62.422000885 -2 -2
63.0839996338 -3 -2
63.7659988403 -3 -3
r
64.4260025024 2 -2
65.2850036621 1 -2
65.9140014648 0 -2
66.6070022583 -1 -2
67.2689971924 -1 -3
67.9649963379 -2 -3
68.6139984131 -3 -3
r
69.4599990845 -2 2
70.1380004883 -2 1
70.7910003662 -2 0
71.3939971924 -2 -1
72.1989974976 -2 -2
72.986000061 -3 -2
73.6259994507 -3 -3
r
74.4430007935 2 2
75.0749969482 1 2
75.908996582 1 1
76.7900009155 1 0
77.4929962158 0 0
78.2910003662 -1 0
79.1050033569 -1 -1
79.7509994507 -1 -2
80.4479980469 -2 -2
81.0999984741 -2 -3
81.8000030518 -3 -3
r
82.6969985962 -2 -2
83.5080032349 -2 -3
84.3249969482 -3 -3
r
85.1149978638 2 -2
85.8050003052 1 -2
86.4349975586 0 -2
87.0749969482 -1 -2
87.7119979858 -2 -2
88.3450012207 -3 -2
89.1139984131 -3 -2
89.7969970703 -3 -2
90.4479980469 -3 -3
r
91.3300018311 -2 2
92.1529998779 -2 1
92.841003418 -2 0
93.7119979858 -2 -1
94.6070022583 -2 -2
95.4430007935 -2 -3
96.1129989624 -3 -3
r
96.8539962769 2 2
97.6399993896 3 2
98.4960021973 3 2
99.0999984741 3 3
r
99.8730010986 -2 -2
100.527000427 -3 -2
101.184997559 -3 -3
r
101.948997498 2 -2
102.660003662 1 -2
103.489997864 0 -2
104.175003052 -1 -2
105.01499939 -2 -2
105.901000977 -2 -3
106.517997742 -3 -3
r
107.291000366 -2 2
107.949996948 -2 1
108.557998657 -2 0
109.253997803 -2 -1
109.880996704 -3 -1
110.505996704 -3 -2
111.238998413 -3 -3
r
112.050003052 2 2
112.682998657 2 3
113.369003296 2 3
114.174003601 2 3
114.956001282 2 3
115.593002319 2 3
116.388000488 2 2
117.193000793 2 3
117.907997131 2 2
118.549003601 2 1
119.23500061 2 2
120.043998718 2 1
120.943000793 2 2
121.656997681 2 1
122.480003357 2 0
123.178001404 1 0
123.808998108 0 0
124.615997314 -1 0
125.399002075 -1 -1
126.071998596 -1 -2
126.711997986 -2 -2
127.480003357 -2 -3
128.149993896 -3 -3
r
128.914001465 -2 -2
129.587005615 -2 -3
130.279006958 -3 -3
r
130.880004883 2 -2
131.563995361 1 -2
132.384994507 0 -2
133.158996582 -1 -2
133.884002686 -2 -2
134.770996094 -3 -2
135.48500061 -3 -3
r
136.363006592 -2 2
137.106994629 -2 1
137.917007446 -2 0
138.610992432 -2 -1
139.488006592 -2 -2
140.182998657 -2 -3
141.080001831 -3 -3
r
141.902999878 2 2
142.505004883 2 1
143.332992554 2 0
144.154998779 3 0
144.837005615 3 1
145.445007324 3 2
146.218002319 3 3
r
147.110992432 -2 -2
147.996002197 -3 -2
148.615005493 -3 -3
r
149.350006104 2 -2
149.979995728 1 -2
150.651992798 0 -2
151.309005737 -1 -2
151.994003296 -2 -2
152.718994141 -3 -2
153.595001221 -3 -3
r
154.296005249 -2 2
155.020004272 -2 1
155.714004517 -2 0
156.503005981 -2 -1
157.29800415 -2 -2
157.998001099 -2 -3
158.664993286 -3 -3
r
159.307998657 2 2
159.988998413 2 3
160.619003296 2 3
161.322998047 2 2
162.138000488 2 1
162.964996338 2 0
163.621994019 2 1
164.490997314 2 0
165.307998657 2 1
166.195007324 2 0
167.01499939 2 1
167.75100708 2 0
168.585006714 2 1
169.339996338 2 0
169.968994141 2 1
170.856994629 2 0
171.697998047 3 0
172.552001953 3 1
173.352005005 3 2
174.179992676 3 1
174.809005737 3 2
175.660003662 3 1
176.307006836 3 2
176.925994873 3 1
177.638000488 3 2
178.31199646 3 1
179.003005981 3 2
179.641998291 3 1
180.481002808 3 0
181.160003662 3 0
181.99899292 3 0
182.776992798 3 0
183.531997681 2 0
184.276992798 3 0
184.98399353 2 0
185.656005859 2 -1
186.524002075 1 -1
187.143997192 0 -1
187.908996582 -1 -1
188.73500061 -2 -1
189.514007568 -3 -1
190.341003418 -3 -2
191.057998657 -3 -3
r
191.949005127 -2 -2
192.554000854 -2 -3
193.43800354 -3 -3
r
194.089004517 2 -2
194.796005249 1 -2
195.690002441 0 -2
196.29699707 -1 -2
197.158996582 -2 -2
197.912994385 -3 -2
198.697998047 -3 -3
r
199.518005371 -2 2
200.268005371 -2 1
201.130004883 -2 0
201.804000854 -2 -1
202.539993286 -2 -2
203.207992554 -3 -2
204.039001465 -3 -3
r
204.850997925 2 2
205.692993164 2 1
206.481994629 2 0
207.222000122 3 0
207.824996948 2 0
208.513000488 3 0
209.289001465 2 0
209.89100647 3 0
210.606994629 3 -1
211.261001587 2 -1
211.929992676 1 -1
212.82699585 0 -1
213.667007446 -1 -1
214.332992554 -2 -1
215.003997803 -2 -2
215.848007202 -3 -2
216.667007446 -3 -3
r
217.395004272 -2 -2
218.044998169 -3 -2
218.725006104 -3 -3
r
219.516998291 2 -2
220.25 1 -2
221.136993408 0 -2
221.973007202 -1 -2
222.807006836 -2 -2
223.669006348 -3 -2
224.477005005 -3 -3
r
225.10899353 -2 2
225.776000977 -2 1
226.432998657 -2 0
227.253997803 -2 -1
228.024993896 -2 -2
228.841003418 -3 -2
229.68699646 -3 -3
r
230.54800415 2 2
231.391998291 2 1
232.259002686 2 0
232.960006714 3 0
233.742004395 3 1
234.375 3 0
235.113998413 3 1
235.899993896 3 0
236.511001587 3 1
237.177993774 3 0
238.0 3 1
238.692001343 3 0
239.449996948 3 1
240.12399292 2 1
240.800994873 1 1
241.677993774 1 0
242.412002563 2 0
243.152999878 3 0
243.945999146 3 1
244.688995361 2 1
245.466003418 1 1
246.089004517 1 0
246.699005127 0 0
247.434005737 1 0
248.147003174 0 0
248.76600647 1 0
249.651992798 0 0
250.470993042 1 0
251.360992432 0 0
252.152999878 0 -1
252.917999268 -1 -1
253.817001343 -1 -2
254.529006958 -2 -2
255.410995483 -2 -3
256.058013916 -3 -3
r
256.941009521 -2 -2
257.652008057 -3 -2
258.514007568 -3 -3
r
259.309997559 2 -2
260.109985352 1 -2
260.829986572 0 -2
261.600006104 -1 -2
262.455993652 -2 -2
263.196014404 -3 -2
264.085998535 -3 -3
r
264.955993652 -2 2
265.589996338 -2 1
266.317993164 -2 0
266.938995361 -2 -1
267.631011963 -2 -2
268.437988281 -3 -2
269.312011719 -3 -3
r
270.20401001 2 2
270.838012695 1 2
271.713989258 0 2
272.476013184 0 1
273.152008057 0 0
273.92199707 0 -1
274.588989258 -1 -1
275.444000244 -2 -1
276.17401123 -2 -2
276.95199585 -3 -2
277.842987061 -3 -3
r
278.57901001 -2 -2
279.378997803 -3 -2
280.130004883 -3 -3
r
280.967010498 2 -2
281.617004395 1 -2
282.470001221 0 -2
283.307006836 -1 -2
284.058990479 -2 -2
284.712005615 -3 -2
285.402008057 -3 -3
r
286.069000244 -2 2
286.937988281 -2 1
287.609008789 -2 0
288.407012939 -2 -1
289.195007324 -3 -1
290.041992188 -3 -2
290.730987549 -3 -3
r
291.571990967 2 2
292.415985107 1 2
293.217987061 0 2
293.860992432 0 1
294.721984863 0 0
295.411987305 0 -1
296.015991211 -1 -1
296.630004883 -2 -1
297.268005371 -2 -2
298.063995361 -3 -2
298.786987305 -3 -3
r
299.552001953 -2 -2
300.191009521 -3 -2
300.95199585 -3 -3
r
301.785003662 2 -2
302.445007324 1 -2
303.058990479 0 -2
303.891998291 -1 -2
304.567993164 -2 -2
305.186004639 -3 -2
305.82800293 -3 -3
r
306.45199585 -2 2
307.242004395 -2 1
308.036987305 -2 0
308.765991211 -2 -1
309.455993652 -2 -2
310.213012695 -3 -2
310.835998535 -3 -3
r
311.527008057 2 2
312.307006836 1 2
312.910003662 0 2
313.778015137 1 2
314.473999023 0 2
315.113006592 1 2
315.802001953 0 2
316.561004639 -1 2
317.412994385 -1 1
318.119995117 -1 0
318.727996826 -1 -1
319.593994141 -2 -1
320.24798584 -3 -1
321.005004883 -3 -2
321.648010254 -3 -3
r
322.257995605 -2 -2
323.105010986 -3 -2
323.79699707 -3 -3
r
324.398010254 2 -2
325.276000977 1 -2
326.157012939 0 -2
326.808990479 -1 -2
327.472991943 -2 -2
328.141998291 -3 -2
329.010986328 -3 -3
r
329.75 -2 2
330.640991211 -2 1
331.399993896 -2 0
332.183990479 -2 -1
333.053985596 -2 -2
333.678009033 -3 -2
334.420013428 -3 -3
r
335.213012695 2 2
336.019012451 1 2
336.838012695 0 2
337.57901001 -1 2
338.385986328 -1 1
339.027008057 -1 0
339.914001465 -1 -1
340.545013428 -2 -1
341.37399292 -2 -2
342.057006836 -3 -2
342.730987549 -3 -3
r
343.459014893 -2 -2
344.220001221 -3 -2
345.04800415 -3 -3
r
345.721008301 2 -2
346.593994141 2 -1
347.386993408 3 -1
348.276000977 3 0
348.990997314 3 0
349.882995605 3 0
350.631011963 3 0
351.231994629 3 1
352.00100708 2 1
352.778991699 2 0
353.657012939 3 0
354.32699585 3 1
355.019012451 3 2
355.852996826 2 2
356.591003418 1 2
357.324005127 0 2
358.121002197 -1 2
358.805999756 -1 1
359.450012207 -1 0
360.069000244 -1 -1
360.691009521 -2 -1
361.37399292 -2 -2
362.006988525 -3 -2
362.705993652 -3 -3
r
363.558013916 -2 2
364.287994385 -2 1
365.066009521 -2 0
365.807006836 -2 -1
366.455993652 -3 -1
367.108001709 -3 -2
367.717010498 -3 -3
r
368.54800415 2 2
369.419006348 1 2
370.221008301 0 2
371.091003418 -1 2
371.839996338 -1 1
372.458007812 -1 0
373.236999512 -2 0
373.968994141 -2 -1
374.718994141 -3 -1
375.510986328 -3 -2
376.239013672 -3 -3
r
376.863006592 -2 -2
377.62298584 -3 -2
378.240997314 -3 -3
r
379.04800415 2 -2
379.734985352 1 -2
380.410003662 0 -2
381.130004883 -1 -2
381.82699585 -2 -2
382.720001221 -3 -2
383.335998535 -3 -3
r
384.227996826 -2 2
385.113006592 -2 1
385.973999023 -2 0
386.871002197 -2 -1
387.563995361 -3 -1
388.407989502 -3 -2
389.118988037 -3 -3
r
389.781005859 2 2
390.493988037 1 2
391.309997559 0 2
391.985992432 -1 2
392.734985352 -2 2
393.367004395 -2 1
394.096008301 -2 0
394.740997314 -3 0
395.596008301 -3 -1
396.359985352 -3 -2
397.101989746 -3 -3
r
397.760009766 -2 -2
398.382995605 -3 -2
399.20199585 -3 -3
r
399.992004395 2 -2
400.709014893 3 -2
401.584991455 3 -1
402.274993896 3 0
403.156005859 3 -1
403.843994141 3 -1
404.555999756 3 -1
405.174987793 3 -1
405.842010498 3 0
406.493988037 3 -1
407.17098999 3 0
407.868988037 3 -1
408.511993408 3 0
409.290008545 3 -1
410.054992676 3 0
410.809997559 3 -1
411.605987549 3 0
412.346984863 3 -1
413.031005859 3 -1
413.854003906 3 -1
414.727996826 2 -1
415.583007812 3 -1
416.291992188 3 0
416.992004395 2 0
417.846008301 2 -1
418.604003906 1 -1
419.242004395 0 -1
420.12399292 -1 -1
420.855987549 -2 -1
421.515991211 -3 -1
422.372009277 -3 -2
423.216003418 -3 -3
r
423.904998779 -2 2
424.644989014 -2 1
425.292999268 -2 0
425.898986816 -3 0
426.772003174 -3 -1
427.657989502 -3 -2
428.457000732 -3 -3
r
429.303009033 2 2
430.054992676 1 2
430.683990479 0 2
431.557006836 -1 2
432.24798584 -2 2
432.963012695 -2 1
433.774993896 -2 0
434.450012207 -3 0
435.128997803 -3 -1
435.772003174 -3 -2
436.410003662 -3 -3
r
437.289001465 -2 -2
438.121002197 -3 -2
438.816009521 -3 -2
439.433013916 -3 -2
440.178985596 -3 -3
r
440.917999268 2 -2
441.638000488 1 -2
442.32699585 0 -2
442.95401001 -1 -2
443.670013428 -2 -2
444.42098999 -3 -2
445.186004639 -3 -3
r
445.910003662 -2 2
446.675994873 -2 1
447.407989502 -2 0
448.039001465 -3 0
448.717987061 -3 -1
449.515991211 -3 -2
450.196014404 -3 -3
r
451.006011963 2 2
451.640014648 1 2
452.333007812 0 2
453.218994141 -1 2
453.859008789 -2 2
454.605010986 -3 2
455.489013672 -3 1
456.152008057 -3 0
456.803009033 -3 -1
457.411010742 -3 -2
458.049987793 -3 -3
r
458.696990967 -2 -2
459.351989746 -3 -2
459.959991455 -3 -2
460.645996094 -3 -3
r
461.511993408 2 -2
462.256011963 2 -1
462.895996094 2 0
463.787994385 2 -1
464.634002686 2 0
465.444000244 2 -1
466.312011719 2 0
467.148986816 2 -1
467.774993896 2 0
468.619995117 2 -1
469.468994141 2 0
470.229003906 2 -1
470.851989746 2 0
471.509002686 2 1
472.347991943 1 1
473.216003418 0 1
474.037994385 1 1
474.886993408 0 1
475.618011475 1 1
476.503997803 0 1
477.157012939 1 1
477.946990967 0 1
478.717010498 1 1
479.320007324 0 1
480.088012695 1 1
480.822998047 0 1
481.618011475 1 1
482.468994141 0 1
483.192993164 1 1
483.821990967 2 1
484.562011719 1 1
485.255004883 2 1
486.12600708 1 1
486.769989014 2 1
487.493011475 1 1
488.20199585 2 1
489.04699707 1 1
489.648010254 2 1
490.266998291 1 1
491.096984863 2 1
491.855987549 1 1
492.507995605 2 1
493.384002686 1 1
494.213012695 2 1
494.955993652 1 1
495.803009033 1 2
496.532012939 0 2
497.324005127 1 2
497.988006592 0 2
498.791992188 0 3
499.654998779 0 3
500.406005859 -1 3
501.152008057 0 3
501.789001465 -1 3
502.669006348 -2 3
503.278991699 -3 3
503.989990234 -3 2
504.817993164 -3 1
505.455993652 -3 0
506.316986084 -3 -1
507.178985596 -3 -2
507.842010498 -3 -2
508.707000732 -3 -2
509.375 -3 -3
r
510.028991699 -2 2
510.868011475 -3 2
511.537994385 -3 1
512.388977051 -3 0
513.007995605 -3 -1
513.859008789 -3 -2
514.681030273 -3 -2
515.543029785 -3 -2
516.398986816 -3 -3
r
517.218017578 2 2
518.051025391 1 2
518.776000977 0 2
519.591003418 -1 2
520.403015137 -2 2
521.219970703 -3 2
521.92199707 -3 2
522.531982422 -3 1
523.140014648 -3 0
523.835021973 -3 -1
524.687988281 -3 -2
525.57800293 -3 -2
526.395019531 -3 -2
527.281005859 -3 -3
r
528.090026855 -2 -2
528.833007812 -3 -2
529.588012695 -3 -2
530.283996582 -3 -2
530.984008789 -3 -2
531.708007812 -3 -3
r
532.380004883 2 -2
533.140014648 2 -1
533.789978027 2 0
534.53302002 2 1
535.258972168 1 1
536.015014648 0 1
536.684997559 -1 1
537.405029297 -2 1
538.231018066 -3 1
538.880004883 -3 0
539.497009277 -3 -1
540.315979004 -3 -2
540.961975098 -3 -3
r
541.718994141 -2 2
542.565002441 -2 3
543.297973633 -2 3
544.130004883 -1 3
544.783996582 -2 3
545.530029297 -1 3
546.297973633 -2 3
547.125976562 -2 3
547.901000977 -3 3
548.518981934 -3 2
549.367980957 -3 1
550.229980469 -3 0
550.880981445 -3 -1
551.599975586 -3 -1
552.416992188 -3 -1
553.043029785 -3 -1
553.901977539 -3 -2
554.526977539 -3 -2
555.34197998 -3 -2
555.960021973 -3 -2
556.708984375 -3 -3
r
557.510009766 2 2
558.174987793 1 2
558.786987305 0 2
559.583984375 -1 2
560.24597168 -2 2
560.937988281 -3 2
561.554016113 -2 2
562.273986816 -2 3
562.984008789 -2 3
563.815002441 -3 3
564.565979004 -3 2
565.267028809 -3 1
566.077026367 -3 0
566.95300293 -3 -1
567.578979492 -3 -2
568.346008301 -3 -2
569.062011719 -3 -2
569.960021973 -3 -2
570.799987793 -3 -2
571.411987305 -3 -3
r
572.232971191 -2 -2
572.835998535 -3 -2
573.513977051 -3 -2
574.166992188 -3 -2
574.791015625 -3 -2
575.49597168 -3 -1
576.323974609 -3 -2
577.012023926 -3 -1
577.640991211 -3 -2
578.374023438 -3 -1
579.182983398 -3 0
579.807006836 -3 1
580.580993652 -2 1
581.301025391 -3 1
582.12902832 -2 1
582.784973145 -3 1
583.580993652 -2 1
584.369995117 -3 1
585.231018066 -2 1
585.934020996 -2 0
586.810974121 -3 0
587.710998535 -2 0
588.416015625 -3 0
589.229003906 -2 0
590.03302002 -3 0
590.723022461 -2 0
591.606018066 -3 0
592.323974609 -2 0
592.984985352 -3 0
593.716003418 -2 0
594.395019531 -3 0
595.116027832 -3 -1
595.867980957 -3 -2
596.468994141 -3 -1
597.077026367 -3 -2
597.892028809 -3 -1
598.593994141 -2 -1
599.37701416 -3 -1
600.267028809 -2 -1
601.0 -3 -1
601.62298584 -2 -1
602.411010742 -3 -1
603.184997559 -3 0
603.937988281 -3 1
604.596008301 -2 1
605.434997559 -1 1
606.051025391 0 1
606.883972168 0 0
607.604003906 0 -1
608.367980957 -1 -1
609.104980469 -2 -1
609.982971191 -3 -1
610.62097168 -2 -1
611.40802002 -3 -1
612.039978027 -2 -1
612.931030273 -3 -1
613.534973145 -2 -1
614.184997559 -3 -1
614.872009277 -2 -1
615.716003418 -3 -1
616.380981445 -2 -1
617.041015625 -3 -1
617.900024414 -2 -1
618.750976562 -3 -1
619.611999512 -2 -1
620.502990723 -3 -1
621.164001465 -2 -1
621.778015137 -3 -1
622.601013184 -2 -1
623.396972656 -3 -1
624.226989746 -2 -1
624.849975586 -3 -1
625.54699707 -2 -1
626.249023438 -1 -1
626.869995117 -2 -1
627.718994141 -1 -1
628.515991211 -2 -1
629.237976074 -1 -1
629.929016113 -2 -1
630.655029297 -1 -1
631.29498291 -2 -1
632.130004883 -1 -1
632.969970703 -2 -1
633.758972168 -1 -1
634.393981934 -2 -1
634.997009277 -2 0
635.796020508 -2 -1
636.408996582 -2 0
637.184020996 -2 -1
637.87701416 -2 0
638.578979492 -2 -1
639.356018066 -2 0
640.062988281 -1 0
640.776000977 -1 -1
641.554016113 -2 -1
642.236022949 -1 -1
642.906982422 -2 -1
643.530029297 -1 -1
644.255004883 -2 -1
645.020019531 -1 -1
645.75 -2 -1
646.541992188 -1 -1
647.314025879 0 -1
648.150024414 -1 -1
649.010986328 0 -1
649.791015625 -1 -1
650.45300293 0 -1
651.083007812 -1 -1
651.869018555 0 -1
652.502990723 -1 -1
653.280029297 -1 0
654.143981934 -1 -1
654.914978027 -1 0
655.543029785 -1 -1
656.265991211 -1 0
656.929016113 -1 -1
657.67401123 -1 0
658.564025879 -1 -1
659.223999023 -1 0
659.968017578 -1 -1
660.612976074 -1 0
661.440002441 -1 -1
662.177001953 -1 0
662.901977539 -1 -1
663.791992188 -2 -1
664.583984375 -1 -1
665.375 -2 -1
666.271972656 -1 -1
666.947021484 -2 -1
667.572998047 -1 -1
668.422973633 -2 -1
669.202026367 -1 -1
670.085998535 0 -1
670.728027344 -1 -1
671.366027832 0 -1
672.008972168 -1 -1
672.854980469 0 -1
673.609985352 -1 -1
674.42401123 0 -1
675.263977051 -1 -1
675.903015137 0 -1
676.698974609 -1 -1
677.518981934 0 -1
678.241027832 -1 -1
679.111999512 0 -1
680.000976562 -1 -1
680.721008301 -1 -2
681.523986816 -2 -2
682.195007324 -2 -1
682.859985352 -2 -2
683.557983398 -2 -1
684.369995117 -2 -2
685.219970703 -2 -1
685.836975098 -2 0
686.525024414 -2 -1
687.268005371 -2 0
688.119018555 -2 -1
688.817993164 -2 0
689.575012207 -2 -1
690.309020996 -2 0
691.00402832 -2 1
691.666015625 -1 1
692.372009277 0 1
693.166992188 0 0
693.861022949 0 -1
694.679992676 0 0
695.5 0 1
696.119018555 0 0
697.018005371 0 -1
697.833007812 0 0
698.513000488 0 1
699.265014648 0 0
700.103027344 0 -1
700.940002441 0 0
701.716003418 0 1
702.520996094 0 0
703.262023926 0 -1
704.039978027 0 0
704.885009766 0 1
705.645996094 0 0
706.25 0 -1
706.901000977 0 0
707.62298584 0 1
708.390991211 0 0
709.250976562 0 -1
710.096984863 0 0
710.75 0 1
711.41998291 0 0
712.163024902 0 -1
712.984985352 0 0
713.75201416 1 0
714.458007812 1 -1
715.190002441 1 0
715.846008301 1 -1
716.463012695 2 -1
717.250976562 2 0
717.96697998 2 -1
718.833984375 2 0
719.651977539 2 -1
720.396972656 3 -1
721.234985352 3 0
722.130004883 2 0
723.028991699 1 0
723.877990723 1 -1
724.523986816 2 -1
725.348022461 3 -1
726.117004395 2 -1
726.728027344 1 -1
727.534973145 0 -1
728.16998291 -1 -1
728.830993652 -2 -1
729.512023926 -2 0
730.271972656 -1 0
731.145019531 -1 -1
731.799987793 -2 -1
732.409973145 -1 -1
733.184020996 -2 -1
733.929992676 -1 -1
734.749023438 -2 -1
735.491027832 -1 -1
736.283996582 -2 -1
737.094970703 -1 -1
737.835998535 0 -1
738.440002441 -1 -1
739.114990234 0 -1
739.911987305 -1 -1
740.78302002 0 -1
741.538024902 -1 -1
742.268981934 0 -1
742.906005859 -1 -1
743.568969727 0 -1
744.236022949 -1 -1
744.92199707 0 -1
745.573974609 -1 -1
746.249023438 -1 -2
747.018981934 -2 -2
747.729003906 -1 -2
748.603027344 -2 -2
749.335998535 -1 -2
750.20098877 -2 -2
750.874023438 -1 -2
751.494018555 -2 -2
752.219970703 -2 -1
752.846008301 -2 -2
753.541992188 -2 -1
754.276000977 -2 -2
755.057983398 -2 -1
755.750976562 -2 0
756.546020508 -1 0
757.257995605 0 0
758.091003418 0 -1
758.874023438 1 -1
759.505981445 2 -1
760.223022461 2 0
760.924987793 1 0
761.791015625 1 -1
762.489990234 2 -1
763.309020996 2 0
764.111022949 1 0
764.778991699 1 -1
765.674987793 1 0
766.374023438 1 -1
766.979980469 1 0
767.62298584 1 -1
768.411010742 1 0
769.124023438 1 -1
769.903991699 1 0
770.544006348 1 -1
771.166992188 1 0
771.997009277 1 -1
772.718017578 1 0
773.450012207 1 -1
774.200012207 1 0
774.827026367 1 -1
775.642028809 1 0
776.505981445 1 -1
777.306030273 1 0
777.973999023 1 -1
778.862976074 1 0
779.469970703 1 -1
780.24798584 1 0
781.12902832 1 -1
781.864990234 1 -2
782.536010742 1 -1
783.340026855 1 -2
784.057006836 1 -1
784.887023926 1 0
785.616027832 1 -1
786.443969727 1 0
787.296020508 1 -1
787.945983887 1 0
788.760009766 1 -1
789.625976562 1 0
790.356994629 1 -1
791.24597168 1 0
792.00402832 1 -1
792.794006348 2 -1
793.487976074 2 0
794.117980957 2 -1
794.789001465 2 0
795.564025879 1 0
796.184997559 1 -1
796.87701416 2 -1
797.679992676 2 0
798.340026855 1 0
799.218994141 1 -1
799.836975098 1 0
800.585021973 1 -1
801.432983398 1 0
802.296020508 1 -1
802.958984375 1 0
803.791992188 1 -1
804.543029785 1 0
805.242980957 1 -1
806.023986816 1 0
806.895996094 1 -1
807.643981934 1 0
808.543029785 1 -1
809.223999023 1 0
809.875976562 1 -1
810.75402832 1 0
811.606018066 1 -1
812.403015137 0 -1
813.098999023 0 -2
813.901977539 -1 -2
814.581970215 -2 -2
815.273010254 -2 -1
816.09197998 -2 0
816.895019531 -1 0
817.49597168 0 0
818.335021973 0 -1
819.174987793 0 -2
819.843994141 -1 -2
820.534973145 -1 -1
821.210021973 -1 -2
821.965026855 -1 -1
822.682983398 -1 0
823.473999023 0 0
824.281982422 0 -1
824.937011719 1 -1
825.687988281 1 0
826.348999023 1 -1
827.122009277 1 0
827.992004395 1 -1
828.607971191 1 0
829.257995605 1 -1
829.982971191 1 0
830.643005371 1 -1
831.398010254 2 -1
832.237976074 2 0
833.127990723 1 0
833.744018555 1 -1
834.518981934 2 -1
835.221984863 2 0
835.992980957 1 0
836.711975098 1 -1
837.354003906 1 0
838.156005859 1 -1
838.893981934 1 0
839.515991211 1 -1
840.351989746 1 0
841.151000977 1 -1
841.895996094 1 0
842.536010742 1 -1
843.153991699 1 0
843.862976074 1 -1
844.567993164 1 0
845.255981445 1 -1
846.036987305 1 0
846.650024414 1 -1
847.541015625 1 0
848.249023438 1 -1
849.012023926 1 0
849.747009277 1 -1
850.476989746 2 -1
851.221984863 2 0
852.041992188 1 0
852.807983398 1 -1
853.499023438 2 -1
854.103027344 1 -1
854.804992676 1 0
855.549987793 1 -1
856.293029785 0 -1
857.187011719 0 -2
857.82800293 0 -1
858.525024414 0 -2
859.257995605 0 -1
859.908996582 0 -2
860.562011719 0 -1
861.435974121 0 -2
862.041015625 0 -1
862.932983398 0 -2
863.543029785 0 -1
864.403015137 0 -2
865.218994141 0 -1
865.924987793 0 -2
866.736999512 0 -1
867.482971191 0 0
868.317016602 0 -1
869.054016113 0 0
869.736999512 0 -1
870.478027344 0 0
871.202026367 0 -1
871.978027344 1 -1
872.848022461 1 0
873.684997559 1 -1
874.398010254 1 0
875.184997559 1 -1
875.885986328 0 -1
876.601013184 1 -1
877.208984375 0 -1
877.840026855 1 -1
878.494995117 0 -1
879.362976074 1 -1
879.994018555 0 -1
880.797973633 1 -1
881.468017578 0 -1
882.354980469 1 -1
882.992980957 0 -1
883.844970703 1 -1
884.70098877 0 -1
885.382995605 0 -2
886.262023926 0 -1
886.965026855 1 -1
887.604003906 0 -1
888.491027832 1 -1
889.114013672 0 -1
889.732971191 1 -1
890.5 0 -1
891.236022949 1 -1
891.854003906 0 -1
892.611022949 1 -1
893.344970703 0 -1
894.159973145 1 -1
894.775024414 0 -1
895.612976074 0 -2
896.468994141 0 -1
897.094970703 1 -1
897.87298584 0 -1
898.760009766 1 -1
899.575012207 0 -1
900.432983398 0 -2
901.062011719 0 -1
901.931030273 1 -1
902.588989258 0 -1
903.293029785 1 -1
903.960021973 1 0
904.789001465 1 -1
905.551025391 1 0
906.364990234 1 -1
907.028991699 1 0
907.913024902 1 -1
908.74597168 1 0
909.62701416 1 -1
910.231994629 1 0
910.901977539 1 -1
911.596008301 1 0
912.403991699 1 -1
913.202026367 1 0
913.882019043 1 -1
914.523010254 1 0
915.12902832 1 -1
915.911010742 1 0
916.596984863 1 -1
917.400024414 1 0
918.080993652 1 -1
918.973022461 1 0
919.807006836 1 -1
920.54699707 1 0
921.413024902 1 -1
922.148986816 2 -1
922.874023438 1 -1
923.706970215 2 -1
924.392028809 1 -1
925.111022949 1 0
925.869018555 1 -1
926.75201416 0 -1
927.414001465 0 -2
928.307983398 0 -1
928.926025391 0 -2
929.767028809 0 -1
930.58001709 0 -2
931.403015137 0 -1
932.29498291 1 -1
933.088012695 1 0
933.726013184 1 -1
934.526000977 0 -1
935.341003418 1 -1
936.078979492 0 -1
936.729980469 1 -1
937.585998535 0 -1
938.349975586 1 -1
939.182006836 0 -1
939.961975098 1 -1
940.713989258 0 -1
941.393005371 0 -2
942.064025879 0 -1
942.895019531 1 -1
943.541992188 1 0
944.42401123 1 -1
945.114013672 1 0
945.916015625 1 -1
946.62902832 1 0
947.307006836 1 -1
948.117980957 1 0
948.741027832 1 -1
949.361999512 1 0
950.0 1 -1
950.66998291 1 0
951.473999023 1 -1
952.12701416 1 0
952.788024902 1 -1
953.439025879 1 0
954.127990723 1 -1
954.776000977 1 0
955.442993164 1 -1
956.077026367 1 0
956.817016602 1 -1
957.669006348 1 0
958.281005859 1 -1
959.013977051 1 0
959.903015137 1 -1
960.604980469 1 0
961.353027344 1 -1
962.096984863 0 -1
962.760009766 1 -1
963.53302002 0 -1
964.252990723 1 -1
965.010986328 0 -1
965.831970215 1 -1
966.596984863 0 -1
967.270996094 1 -1
967.981018066 0 -1
968.693969727 1 -1
969.570007324 0 -1
970.265991211 1 -1
971.005981445 0 -1
971.62902832 1 -1
972.424987793 0 -1
973.145996094 1 -1
973.770996094 1 0
974.638000488 1 -1
975.375 1 0
976.109008789 1 -1
976.926025391 1 0
977.79699707 1 -1
978.541992188 1 0
979.414001465 1 -1
980.273986816 1 0
981.059997559 1 -1
981.74597168 1 0
982.348999023 1 -1
983.179992676 1 0
983.945007324 1 -1
984.650024414 1 0
985.359008789 1 -1
985.994995117 1 0
986.794006348 1 -1
987.583984375 1 0
988.192993164 1 -1
989.025024414 1 0
989.786987305 1 -1
990.5 1 0
991.250976562 1 -1
991.958007812 1 0
992.588989258 1 -1
993.229980469 1 0
993.989013672 1 -1
994.760009766 1 0
995.37701416 1 -1
996.112976074 1 0
996.835021973 1 -1
997.447998047 1 0
998.106018066 1 -1
998.916992188 1 0
999.742004395 1 -1
1000.4329834 1 0
1001.07598877 1 -1
1001.91101074 0 -1
1002.66998291 1 -1
1003.5579834 0 -1
1004.20202637 1 -1
1004.80700684 0 -1
1005.59698486 1 -1
1006.32598877 0 -1
1007.2119751 1 -1
1007.86798096 0 -1
1008.4710083 1 -1
1009.30999756 0 -1
1010.20898438 1 -1
1010.82501221 0 -1
1011.44799805 0 -2
1012.33001709 0 -1
1013.11401367 0 -2
1013.92700195 0 -1
1014.76898193 0 -2
1015.39599609 0 -1
1016.04302979 0 0
1016.69702148 0 -1
1017.50598145 0 0
1018.11401367 0 -1
1018.86901855 0 0
1019.52801514 0 -1
1020.30297852 0 0
1021.10998535 0 -1
1021.92999268 0 0
1022.74499512 0 -1
1023.37799072 1 -1
1024.14599609 1 0
1024.78796387 1 -1
1025.64404297 1 0
1026.38500977 1 -1
1027.10595703 0 -1
1027.9029541 1 -1
1028.51403809 0 -1
1029.11694336 1 -1
1029.72705078 0 -1
1030.52404785 1 -1
1031.41394043 0 -1
1032.03295898 1 -1
1032.78503418 0 -1
1033.43395996 1 -1
1034.19604492 0 -1
1034.94702148 1 -1
1035.8260498 0 -1
1036.70397949 1 -1
1037.39501953 0 -1
1038.08398438 1 -1
1038.75097656 0 -1
1039.43603516 1 -1
1040.08203125 0 -1
1040.83300781 1 -1
1041.62097168 0 -1
1042.43505859 0 -2
1043.30505371 0 -1
1043.93395996 0 -2
1044.65600586 0 -1
1045.33496094 0 -2
1045.97497559 0 -1
1046.61694336 0 -2
1047.29003906 0 -1
1047.93200684 1 -1
1048.58300781 0 -1
1049.44604492 1 -1
1050.34594727 0 -1
1050.99304199 1 -1
1051.68994141 0 -1
1052.4329834 1 -1
1053.07897949 0 -1
1053.90600586 1 -1
1054.69604492 0 -1
1055.39697266 1 -1
1056.00805664 1 0
1056.9029541 1 -1
1057.55895996 1 0
1058.16503906 1 -1
1059.06494141 1 0
1059.87805176 1 -1
1060.67602539 1 0
1061.31799316 1 -1
1061.98706055 1 0
1062.63793945 1 -1
1063.30200195 1 0
1064.13696289 1 -1
1064.85705566 1 0
1065.73803711 1 -1
1066.33898926 1 0
1067.04003906 1 -1
1067.76696777 1 0
1068.42700195 1 -1
1069.19799805 1 0
1070.06396484 1 -1
1070.90002441 1 0
1071.60498047 1 -1
1072.23095703 1 0
1073.05297852 1 -1
1073.78295898 1 0
1074.59094238 1 -1
1075.20703125 1 0
1076.10595703 1 -1
1076.99902344 1 0
1077.71105957 1 -1
1078.37902832 1 0
1079.13500977 1 -1
1079.76904297 1 0
1080.46105957 1 -1
1081.2869873 1 0
1081.90100098 1 -1
1082.6340332 1 0
1083.35900879 1 -1
1084.06103516 1 0
1084.88793945 1 -1
1085.66601562 1 0
1086.32397461 1 -1
1087.20202637 1 0
1087.81396484 1 -1
1088.52905273 1 0
1089.14599609 1 -1
1089.97595215 1 0
1090.80395508 1 -1
1091.4239502 1 0
1092.31005859 1 -1
1092.92700195 1 0
1093.80603027 1 -1
1094.43200684 1 0
1095.03894043 1 -1
1095.7199707 2 -1
1096.4050293 2 0
1097.18798828 1 0
1097.85803223 1 -1
1098.48303223 2 -1
1099.32397461 2 0
1099.96704102 1 0
1100.66003418 0 0
1101.37402344 0 -1
1101.99694824 1 -1
1102.83898926 1 0
1103.58105469 0 0
1104.24304199 0 -1
1105.11096191 1 -1
1105.86999512 1 0
1106.75500488 0 0
1107.51904297 0 -1
1108.21594238 0 0
1108.89904785 0 -1
1109.62805176 0 0
1110.48706055 0 -1
1111.15002441 0 0
1111.9329834 0 -1
1112.61804199 0 0
1113.48400879 0 -1
1114.35400391 0 0
1115.04797363 0 -1
1115.7869873 0 0
1116.59802246 0 -1
1117.40698242 0 0
1118.17895508 0 -1
1119.02600098 1 -1
1119.75195312 1 0
1120.52099609 0 0
1121.19104004 0 -1
1122.02294922 1 -1
1122.82202148 0 -1
1123.50805664 -1 -1
1124.37194824 -1 0
1125.26000977 -1 1
1125.88500977 0 1
1126.61804199 0 2
1127.27197266 0 3
1128.17199707 0 3
1128.92700195 0 3
1129.60095215 1 3
1130.40405273 0 3
1131.04003906 1 3
1131.92504883 0 3
1132.67004395 1 3
1133.40100098 0 3
1134.27001953 0 3
1135.00805664 0 3
1135.81005859 -1 3
1136.51196289 0 3
1137.17895508 -1 3
1137.89697266 -1 3
1138.70300293 -1 3
1139.46203613 -1 3
1140.0760498 -1 2
1140.85595703 0 2
1141.46899414 -1 2
1142.22302246 0 2
1142.94396973 -1 2
1143.59802246 0 2
1144.29394531 -1 2
1145.0880127 0 2
1145.90698242 -1 2
1146.63696289 0 2
1147.27905273 -1 2
1147.98596191 0 2
1148.72094727 -1 2
1149.52697754 0 2
1150.25805664 -1 2
1150.91101074 0 2
1151.6619873 0 1
1152.4699707 1 1
1153.32397461 0 1
1154.19104004 1 1
1154.90698242 0 1
1155.72900391 1 1
1156.43701172 0 1
1157.1529541 1 1
1157.77197266 0 1
1158.40698242 1 1
1159.16796875 0 1
1159.93798828 1 1
1160.57897949 0 1
1161.41503906 1 1
1162.31298828 0 1
1163.07202148 1 1
1163.80004883 0 1
1164.69799805 1 1
1165.32299805 0 1
1166.09094238 1 1
1166.76794434 0 1
1167.48095703 1 1
1168.11206055 0 1
1168.9909668 1 1
1169.75598145 0 1
1170.54797363 1 1
1171.37304688 1 2
1172.07104492 0 2
1172.69104004 1 2
1173.34301758 2 2
1174.22094727 1 2
1175.05700684 1 3
1175.92700195 1 2
1176.55004883 2 2
1177.28503418 1 2
1178.01196289 1 1
1178.85205078 1 0
1179.7409668 1 -1
1180.57104492 1 0
1181.41003418 1 -1
1182.18603516 1 0
1182.94799805 1 -1
1183.58605957 2 -1
1184.41296387 2 0
1185.1619873 1 0
1185.88098145 1 -1
1186.60803223 2 -1
1187.45703125 2 0
1188.07995605 1 0
1188.89001465 1 -1
1189.57202148 0 -1
1190.34399414 -1 -1
1191.18505859 -1 0
1191.9119873 -1 -1
1192.69897461 -1 0
1193.3659668 -1 -1
1194.15002441 -1 0
1194.93505859 -1 -1
1195.78796387 -1 0
1196.67700195 -1 -1
1197.5489502 -1 0
1198.34399414 -1 -1
1199.1739502 -1 0
1199.90405273 -1 -1
1200.76000977 -1 0
1201.62194824 -1 -1
1202.23498535 -1 0
1203.0579834 -1 -1
1203.73095703 -1 0
1204.35998535 -1 -1
1205.17297363 -1 0
1205.82397461 -1 -1
1206.52404785 -1 0
1207.23596191 -1 -1
1208.06994629 -1 0
1208.92102051 -1 -1
1209.74694824 -1 0
1210.36303711 -1 -1
1211.07495117 -1 0
1211.72802734 -1 -1
1212.55603027 -1 0
1213.38598633 -1 1
1214.20605469 0 1
1215.00097656 0 0
1215.82800293 0 -1
1216.44396973 -1 -1
1217.1529541 -1 0
1217.8470459 -1 1
1218.54504395 0 1
1219.2989502 0 0
1220.00695801 0 -1
1220.61096191 -1 -1
1221.44494629 -1 0
1222.08203125 -1 1
1222.97094727 0 1
1223.76098633 0 0
1224.49401855 0 -1
1225.37805176 -1 -1
1226.06201172 -2 -1
1226.86401367 -2 0
1227.73303223 -2 1
1228.5880127 -2 2
1229.22302246 -2 3
1229.98706055 -2 2
1230.76904297 -2 3
1231.37304688 -2 2
1232.22595215 -1 2
1232.95996094 -1 1
1233.66894531 -1 0
1234.55004883 -1 1
1235.24304199 -1 0
1235.93896484 -1 1
1236.64697266 -1 0
1237.3659668 -1 1
1238.21594238 -1 0
1238.95300293 -1 1
1239.7590332 -1 0
1240.42895508 -1 1
1241.16101074 0 1
1241.90600586 0 0
1242.66394043 0 -1
1243.34204102 -1 -1
1244.12805176 -2 -1
1244.76696777 -2 0
1245.47802734 -2 1
1246.22497559 -1 1
1246.85302734 0 1
1247.71801758 0 0
1248.35205078 0 -1
1249.21398926 -1 -1
1249.87402344 -2 -1
1250.72900391 -2 0
1251.61206055 -2 1
1252.29101562 -1 1
1253.13793945 0 1
1253.87805176 0 0
1254.67797852 0 -1
1255.50097656 -1 -1
1256.38598633 -1 0
1257.11303711 0 0
1257.73901367 1 0
1258.55895996 1 -1
1259.26196289 0 -1
1259.87597656 -1 -1
1260.75695801 -1 0
1261.38598633 0 0
1261.99304199 1 0
1262.82397461 1 -1
1263.6920166 0 -1
1264.40905762 -1 -1
1265.22399902 -1 0
1266.00097656 0 0
1266.62597656 1 0
1267.47302246 1 -1
1268.28295898 0 -1
1269.03894043 -1 -1
1269.83203125 -1 0
1270.67602539 0 0
1271.57202148 1 0
1272.41894531 1 -1
1273.2779541 0 -1
1273.94104004 -1 -1
1274.59399414 -1 0
1275.31201172 0 0
1276.08203125 1 0
1276.98095703 1 -1
1277.82299805 0 -1
1278.47998047 -1 -1
1279.22302246 -1 0
1279.84301758 0 0
1280.60205078 1 0
1281.3659668 1 -1
1282.11901855 0 -1
1282.7199707 -1 -1
1283.61999512 -1 0
1284.35400391 -1 1
1284.96398926 0 1
1285.59594727 0 0
1286.46496582 0 -1
1287.15002441 -1 -1
1287.89599609 -1 0
1288.74597168 -1 1
1289.39294434 0 1
1290.11303711 0 0
1290.9510498 0 -1
1291.74597168 -1 -1
1292.36901855 -1 0
1293.20703125 -1 1
1293.95703125 -1 2
1294.80297852 0 2
1295.59594727 0 1
1296.38195801 0 2
1297.18603516 0 1
1297.79797363 0 2
1298.4329834 -1 2
1299.28503418 -1 3
1299.92700195 -1 2
1300.8079834 0 2
1301.60998535 0 1
1302.25305176 0 0
1303.06298828 1 0
1303.7590332 1 -1
1304.53295898 0 -1
1305.29602051 0 -2
1306.14501953 -1 -2
1306.99401855 -1 -1
1307.68200684 -1 0
1308.41296387 -1 1
1309.08898926 0 1
1309.70800781 0 0
1310.4699707 1 0
1311.27099609 1 -1
1312.09094238 1 0
1312.83105469 1 -1
1313.56298828 1 0
1314.21801758 1 -1
1314.96801758 1 0
1315.69494629 1 -1
1316.4510498 1 0
1317.07800293 1 -1
1317.88500977 1 0
1318.68395996 1 -1
1319.40405273 1 0
1320.19494629 1 -1
1320.86499023 1 0
1321.69799805 1 -1
1322.57495117 1 0
1323.27099609 1 -1
1324.08703613 1 0
1324.98400879 1 -1
1325.7010498 1 0
1326.49304199 1 1
1327.37805176 1 2
1328.13305664 0 2
1328.93701172 1 2
1329.63098145 0 2
1330.49597168 1 2
1331.30505371 0 2
1331.90698242 1 2
1332.66894531 0 2
1333.29003906 1 2
1334.1619873 0 2
1334.79199219 0 3
1335.65600586 -1 3
1336.44995117 -1 2
1337.26599121 -1 1
1338.11206055 -1 0
1338.87402344 -1 -1
1339.61499023 -1 0
1340.2220459 -1 -1
1340.89196777 -1 0
1341.62597656 -1 -1
1342.51501465 -1 0
1343.39599609 -1 -1
1344.10803223 -1 0
1344.80102539 -1 -1
1345.64404297 -1 0
1346.30004883 -1 1
1346.95898438 -1 0
1347.85705566 -1 1
1348.68103027 -1 0
1349.33105469 -1 1
1350.01293945 -1 0
1350.86694336 -1 1
1351.55603027 -1 0
1352.29394531 -1 1
1352.9699707 -1 0
1353.69799805 -1 1
1354.42895508 -1 0
1355.2130127 -1 1
1355.88500977 -1 0
1356.75598145 -1 1
1357.61901855 -1 0
1358.23596191 -1 1
1359.02001953 -1 2
1359.83105469 -1 1
1360.68395996 -1 2
1361.51293945 -1 1
1362.18505859 -1 0
1362.93603516 -1 -1
1363.54003906 -1 0
1364.3659668 -1 -1
1365.04003906 -1 0
1365.76403809 -1 -1
1366.50805664 -1 0
1367.38500977 -1 -1
1368.01794434 -1 0
1368.71398926 -1 -1
1369.46398926 -1 0
1370.27001953 -1 -1
1370.92602539 -1 0
1371.74401855 -1 -1
1372.35302734 -1 0
1373.22302246 -1 -1
1373.89294434 -1 0
1374.78894043 -1 -1
1375.39294434 -1 0
1376.01904297 -1 -1
1376.64904785 -1 0
1377.51403809 -1 -1
1378.32702637 -1 0
1379.08105469 -1 1
1379.74694824 -1 0
1380.52197266 -1 1
1381.21899414 -1 0
1382.06396484 -2 0
1382.69299316 -2 1
1383.4630127 -1 1
1384.25305176 0 1
1385.1340332 -1 1
1385.93994141 0 1
1386.79699707 -1 1
1387.50695801 0 1
1388.35803223 -1 1
1388.97595215 0 1
1389.85205078 -1 1
1390.59301758 0 1
1391.22595215 -1 1
1391.98205566 0 1
1392.875 -1 1
1393.66796875 0 1
1394.53503418 -1 1
1395.43395996 0 1
1396.04199219 -1 1
1396.93200684 0 1
1397.71801758 -1 1
1398.38793945 0 1
1399.23095703 -1 1
1400.00598145 0 1
1400.62695312 -1 1
1401.26904297 0 1
1401.89294434 -1 1
1402.54199219 0 1
1403.40405273 -1 1
1404.10498047 -1 2
1404.72094727 -2 2
1405.57800293 -1 2
1406.1920166 -1 1
1407.0489502 -1 0
1407.82897949 -1 1
1408.5369873 -1 0
1409.27502441 -2 0
1410.11499023 -2 1
1410.93701172 -1 1
1411.78198242 -1 0
1412.41699219 -1 -1
1413.17602539 -1 0
1413.89794922 -1 -1
1414.5369873 -1 0
1415.41894531 -1 -1
1416.03405762 -1 0
1416.89599609 -1 -1
1417.64904785 -1 0
1418.36499023 -1 -1
1418.97595215 -1 0
1419.64196777 -1 -1
1420.54003906 -1 0
1421.30895996 -1 1
1421.92602539 -1 0
1422.61499023 -2 0
1423.49804688 -2 1
1424.30297852 -1 1
1425.03894043 0 1
1425.66101074 -1 1
1426.41894531 0 1
1427.20495605 -1 1
1427.93896484 0 1
1428.83898926 -1 1
1429.60498047 0 1
1430.22802734 -1 1
1430.85302734 0 1
1431.73205566 -1 1
1432.63000488 0 1
1433.34094238 -1 1
1434.1619873 0 1
1434.90100098 -1 1
1435.52404785 0 1
1436.14196777 -1 1
1436.74694824 0 1
1437.39697266 -1 1
1438.23498535 0 1
1439.08605957 -1 1
1439.71801758 0 1
1440.55200195 -1 1
1441.22302246 0 1
1442.05700684 -1 1
1442.87805176 0 1
1443.7409668 -1 1
1444.43994141 0 1
1445.2989502 -1 1
1445.97998047 0 1
1446.76696777 -1 1
1447.6619873 -1 2
1448.5279541 -1 1
1449.28601074 -1 0
1449.90698242 -1 1
1450.53405762 -1 0
1451.20300293 -2 0
1451.93005371 -2 1
1452.62902832 -1 1
1453.2800293 -1 0
1454.14099121 -2 0
1454.94494629 -2 1
1455.61804199 -1 1
1456.51403809 -1 0
1457.32897949 0 0
1458.01501465 -1 0
1458.80297852 0 0
1459.67602539 -1 0
1460.56604004 0 0
1461.39697266 -1 0
1462.29602051 0 0
1462.99499512 -1 0
1463.72900391 0 0
1464.54504395 -1 0
1465.38793945 -1 -1
1465.99804688 -1 0
1466.89599609 -1 -1
1467.64294434 -1 0
1468.39501953 -2 0
1469.27502441 -2 1
1470.13305664 -1 1
1470.87194824 -1 0
1471.58605957 -1 -1
1472.2800293 -1 0
1473.08605957 -1 -1
1473.92102051 -1 0
1474.56799316 -1 -1
1475.23303223 -1 0
1475.875 -2 0
1476.75805664 -2 1
1477.49194336 -1 1
1478.23095703 -1 0
1478.96105957 -2 0
1479.66003418 -2 1
1480.44104004 -1 1
1481.14904785 -1 0
1481.75305176 0 0
1482.41894531 -1 0
1483.14501953 0 0
1483.74902344 -1 0
1484.48596191 0 0
1485.25805664 -1 0
1485.86804199 0 0
1486.71105957 -1 0
1487.35705566 0 0
1488.10205078 -1 0
1488.94104004 -1 -1
1489.71899414 -1 0
1490.5579834 -2 0
1491.41394043 -1 0
1492.15600586 -2 0
1492.97302246 -2 1
1493.77197266 -1 1
1494.5949707 -1 0
1495.19995117 -1 -1
1495.87402344 -1 0
1496.69799805 -1 -1
1497.40100098 -1 0
1498.09399414 -1 -1
1498.73901367 -1 0
1499.45300293 -1 -1
1500.21899414 -1 0
1501.05297852 -1 1
1501.87805176 -1 0
1502.62805176 -1 1
1503.47900391 -1 0
1504.2220459 -1 1
1504.83703613 -1 0
1505.71899414 -1 1
1506.58996582 -1 0
1507.26196289 -1 1
1507.90100098 -1 0
1508.55700684 -1 1
1509.34899902 -1 0
1510.21899414 -1 1
1510.93896484 -1 0
1511.79101562 -2 0
1512.60400391 -2 1
1513.4909668 -1 1
1514.33398438 0 1
1515.11401367 -1 1
1515.72094727 0 1
1516.37597656 -1 1
1516.9909668 0 1
1517.88793945 -1 1
1518.62597656 0 1
1519.39904785 -1 1
1520.01501465 0 1
1520.68200684 -1 1
1521.29394531 0 1
1522.08398438 -1 1
1522.69299316 0 1
1523.4239502 -1 1
1524.30700684 0 1
1525.0760498 -1 1
1525.89294434 0 1
1526.61804199 -1 1
1527.42895508 0 1
1528.04797363 -1 1
1528.79797363 0 1
1529.47802734 -1 1
1530.12805176 0 1
1530.88098145 -1 1
1531.61303711 0 1
1532.46704102 -1 1
1533.29101562 0 1
1533.90600586 -1 1
1534.66601562 0 1
1535.53503418 -1 1
1536.39501953 -1 2
1537.23303223 -1 1
1538.04003906 0 1
1538.78796387 -1 1
1539.54199219 -1 0
1540.29797363 -1 1
1541.02294922 -1 0
1541.69299316 -2 0
1542.35095215 -2 1
1543.14294434 -1 1
1543.88500977 -1 0
1544.75 -2 0
1545.56005859 -1 0
1546.41296387 -2 0
1547.0670166 -1 0
1547.79003906 -2 0
1548.54504395 -1 0
1549.40002441 0 0
1550.15405273 -1 0
1550.85595703 0 0
1551.74194336 -1 0
1552.59594727 0 0
1553.34899902 -1 0
1553.9720459 -1 -1
1554.69396973 -1 0
1555.52600098 -1 -1
1556.17895508 -1 0
1556.88903809 -1 -1
1557.67797852 -1 0
1558.40002441 -1 -1
1559.09094238 -1 0
1559.83300781 -1 -1
1560.50500488 -1 0
1561.17504883 -1 1
1561.94604492 -1 0
1562.70800781 -1 1
1563.3470459 -1 0
1564.10205078 -1 1
1564.83496094 -1 0
1565.66699219 -1 1
1566.56604004 -1 0
1567.32897949 -1 1
1568.06494141 -1 0
1568.80102539 -1 1
1569.58996582 -1 0
1570.19799805 -1 1
1570.98803711 -1 0
1571.70397949 -1 1
1572.35803223 -1 0
1573.19604492 -1 1
1574.0970459 -1 0
1574.88500977 -1 1
1575.55004883 -1 0
1576.26904297 -1 1
1576.9699707 -1 0
1577.62805176 -1 1
1578.51196289 -1 2
1579.11901855 -1 1
1579.86999512 0 1
1580.59399414 -1 1
1581.38305664 0 1
1582.04602051 -1 1
1582.68701172 0 1
1583.58496094 -1 1
1584.44396973 0 1
1585.05395508 -1 1
1585.81005859 0 1
1586.50305176 -1 1
1587.14904785 -1 0
1587.83605957 -1 1
1588.46496582 -1 0
1589.23205566 -1 1
1590.09204102 -1 0
1590.94604492 -2 0
1591.59399414 -1 0
1592.25695801 -2 0
1592.98205566 -1 0
1593.76696777 -2 0
1594.64501953 -1 0
1595.26501465 -2 0
1595.97998047 -1 0
1596.62902832 0 0
1597.34594727 -1 0
1598.09802246 0 0
1598.71398926 -1 0
1599.43994141 0 0
1600.04504395 -1 0
1600.91296387 0 0
1601.70800781 -1 0
1602.40100098 0 0
1603.19396973 -1 0
1603.82397461 0 0
1604.5949707 -1 0
1605.2409668 -1 -1
1606.04602051 -1 0
1606.92102051 -1 -1
1607.72705078 -1 0
1608.45495605 -1 -1
1609.0760498 -1 0
1609.87902832 -1 -1
1610.72595215 -1 0
1611.39294434 -1 -1
1612.03796387 -1 0
1612.91101074 -1 -1
1613.66003418 -1 0
1614.26794434 -1 1
1614.93200684 -1 0
1615.78601074 -1 1
1616.6619873 -1 0
1617.45898438 -1 1
1618.0949707 -1 0
1618.89404297 -1 1
1619.62402344 -1 0
1620.26403809 -1 1
1620.8659668 -1 0
1621.46704102 -1 1
1622.22900391 -1 0
1622.85400391 -1 1
1623.75 -1 0
1624.59899902 -1 1
1625.4329834 -1 0
1626.19604492 -1 1
1626.87194824 -1 0
1627.76403809 -1 1
1628.64001465 -1 0
1629.4630127 -1 1
1630.35900879 -1 0
1631.18005371 -1 1
1632.07995605 -1 0
1632.68701172 -1 1
1633.32104492 -1 0
1634.17700195 -1 1
1634.7800293 -1 2
1635.49804688 -1 1
1636.36999512 -1 0
1637.15795898 -1 1
1637.83300781 -1 0
1638.57397461 -2 0
1639.23901367 -1 0
1640.01196289 -2 0
1640.7779541 -1 0
1641.45898438 -2 0
1642.08703613 -1 0
1642.69494629 -2 0
1643.30297852 -1 0
1643.99194336 -2 0
1644.70300293 -1 0
1645.33105469 -2 0
1645.95800781 -1 0
1646.72094727 0 0
1647.5949707 -1 0
1648.27099609 0 0
1648.90197754 -1 0
1649.68701172 0 0
1650.30200195 -1 0
1650.97399902 -1 -1
1651.62304688 -1 0
1652.49804688 -1 -1
1653.36499023 -1 0
1654.04199219 -1 -1
1654.67504883 -1 0
1655.56494141 -1 -1
1656.2010498 -1 0
1657.00598145 -1 -1
1657.66394043 -1 0
1658.33898926 -1 -1
1658.98901367 -1 0
1659.67004395 -1 -1
1660.38793945 -1 0
1661.18200684 -1 -1
1661.92297363 -1 0
1662.66503906 -1 -1
1663.50305176 -1 0
1664.22900391 -1 1
1664.84802246 0 1
1665.45605469 -1 1
1666.07299805 0 1
1666.95397949 -1 1
1667.70605469 0 1
1668.34204102 -1 1
1669.10498047 0 1
1669.93896484 -1 1
1670.77600098 0 1
1671.5090332 -1 1
1672.18994141 0 1
1673.00500488 -1 1
1673.81103516 0 1
1674.48498535 -1 1
1675.22302246 0 1
1676.0970459 -1 1
1676.90100098 0 1
1677.52404785 -1 1
1678.2010498 0 1
1678.89794922 -1 1
1679.66796875 0 1
1680.32202148 -1 1
1681.11694336 0 1
1681.8840332 -1 1
1682.62097168 0 1
1683.44897461 -1 1
1684.22705078 0 1
1685.01000977 -1 1
1685.61206055 0 1
1686.23706055 -1 1
1687.12097168 0 1
1687.99194336 -1 1
1688.70300293 0 1
1689.36096191 -1 1
1690.15698242 0 1
1690.92504883 -1 1
1691.67797852 0 1
1692.41894531 -1 1
1693.16503906 0 1
1693.95495605 -1 1
1694.64099121 0 1
1695.36303711 0 2
1696.08105469 0 1
1696.95703125 0 2
1697.82104492 0 1
1698.48205566 0 0
1699.23803711 0 1
1699.95397949 0 0
1700.55895996 0 1
1701.27001953 0 0
1702.10803223 0 1
1702.92700195 0 0
1703.71398926 0 1
1704.41003418 0 0
1705.28601074 0 1
1706.05297852 0 0
1706.80004883 0 1
1707.45397949 0 0
1708.24804688 0 1
1709.05297852 0 0
1709.90002441 0 1
1710.58105469 0 0
1711.23095703 0 1
1712.00500488 0 0
1712.76098633 0 1
1713.54003906 0 2
1714.28894043 0 1
1715.08996582 0 2
1715.7989502 0 1
1716.53894043 0 2
1717.38903809 0 1
1718.02197266 0 2
1718.72302246 0 1
1719.57202148 0 2
1720.45397949 0 1
1721.06604004 0 2
1721.90002441 0 1
1722.54797363 0 2
1723.37597656 0 1
1724.21105957 0 2
1724.83203125 0 1
1725.69799805 0 2
1726.47900391 0 1
1727.17199707 1 1
1727.80004883 1 2
1728.42297363 2 2
1729.17297363 1 2
1729.89794922 1 1
1730.76293945 1 2
1731.62097168 1 1
1732.35900879 1 2
1733.08496094 1 1
1733.7989502 1 0
1734.49902344 1 1
1735.3170166 1 2
1736.18005371 1 1
1736.91796875 1 0
1737.81005859 2 0
1738.51293945 2 1
1739.34899902 1 1
1740.24597168 2 1
1741.01293945 1 1
1741.81005859 2 1
1742.69494629 1 1
1743.59204102 0 1
1744.27099609 0 0
1745.11901855 -1 0
1745.92700195 -1 1
1746.70800781 0 1
1747.38000488 -1 1
1748.18505859 0 1
1749.06896973 -1 1
1749.94995117 0 1
1750.61206055 -1 1
1751.44494629 0 1
1752.28503418 -1 1
1753.06494141 0 1
1753.88000488 -1 1
1754.72302246 0 1
1755.59301758 -1 1
1756.23400879 0 1
1757.04199219 -1 1
1757.72900391 0 1
1758.58105469 -1 1
1759.29101562 0 1
1759.99194336 -1 1
1760.75097656 0 1
1761.51098633 -1 1
1762.14001465 0 1
1762.7779541 -1 1
1763.63098145 0 1
1764.44799805 -1 1
1765.21899414 0 1
1766.03295898 -1 1
1766.7130127 -1 0
1767.44104004 -1 1
1768.1920166 -1 0
1768.96704102 -1 1
1769.79797363 -1 0
1770.59301758 -1 1
1771.34594727 -1 0
1771.97998047 -1 1
1772.73999023 -1 0
1773.34094238 -1 1
1774.02905273 -1 0
1774.70605469 -1 1
1775.4630127 -1 0
1776.35400391 -1 1
1776.96203613 -1 0
1777.66394043 -1 1
1778.37902832 -1 0
1779.0670166 -1 1
1779.92199707 -1 0
1780.73303223 -1 1
1781.4029541 -1 0
1782.26403809 -1 1
1783.07104492 -1 0
1783.89099121 -1 1
1784.75305176 -1 0
1785.52697754 -1 1
1786.15905762 -1 0
1786.9239502 -1 1
1787.69494629 -1 0
1788.32800293 -1 1
1788.9630127 -1 0
1789.5949707 -1 1
1790.35705566 -1 0
1791.07495117 -1 1
1791.88000488 -1 0
1792.68103027 -1 1
1793.55895996 -1 0
1794.28405762 -1 1
1795.09802246 -1 0
1795.91394043 -1 1
1796.56396484 -1 0
1797.30297852 -2 0
1797.99804688 -1 0
1798.61804199 -2 0
1799.32702637 -1 0
1800.00402832 -2 0
1800.66796875 -1 0
1801.46704102 0 0
1802.16601562 -1 0
1802.94799805 0 0
1803.60498047 -1 0
1804.46801758 0 0
1805.35400391 -1 0
1805.97094727 0 0
1806.79101562 -1 0
1807.45300293 0 0
1808.19299316 -1 0
1808.97399902 0 0
1809.85803223 -1 0
1810.55004883 -1 -1
1811.25195312 -1 0
1811.90405273 -1 -1
1812.58703613 -1 0
1813.19104004 -1 -1
1813.93994141 -1 0
1814.72094727 -1 -1
1815.46594238 -1 0
1816.18005371 -1 -1
1816.99499512 -1 0
1817.62097168 -1 -1
1818.48706055 -1 0
1819.16503906 -1 -1
1819.83105469 -1 0
1820.61096191 -1 -1
1821.45605469 -1 0
1822.28796387 -1 -1
1823.05004883 -1 0
1823.85205078 -1 -1
1824.71496582 -1 0
1825.33398438 -1 1
1825.94702148 0 1
1826.83898926 -1 1
1827.62097168 0 1
1828.28796387 -1 1
1829.08898926 0 1
1829.85095215 -1 1
1830.70397949 0 1
1831.53503418 -1 1
1832.34899902 0 1
1833.01403809 -1 1
1833.65698242 0 1
1834.31005859 -1 1
1835.13305664 0 1
1835.95703125 -1 1
1836.67297363 0 1
1837.56799316 -1 1
1838.20800781 0 1
1838.88598633 -1 1
1839.7409668 0 1
1840.55395508 -1 1
1841.44299316 0 1
1842.1619873 -1 1
1842.98803711 0 1
1843.70996094 -1 1
1844.45397949 0 1
1845.07104492 -1 1
1845.87097168 0 1
1846.73706055 -1 1
1847.54394531 -1 0
1848.43005371 -1 1
1849.27502441 -1 0
1850.13696289 -1 1
1850.7800293 -1 0
1851.48803711 -1 1
1852.33300781 -1 0
1852.9630127 -1 1
1853.68200684 -1 0
1854.35998535 -1 1
1854.9909668 -1 0
1855.63000488 -1 1
1856.29003906 -1 0
1857.13598633 -1 1
1857.98303223 -1 0
1858.59204102 -1 1
1859.47399902 -1 0
1860.24304199 -1 1
1861.08703613 -1 0
1861.76501465 -1 1
1862.51403809 -1 0
1863.35998535 -1 1
1864.20495605 -1 0
1864.88500977 -1 1
1865.5579834 -1 0
1866.18505859 -1 1
1867.08300781 -1 0
1867.92199707 -1 1
1868.6829834 -1 0
1869.50305176 -1 1
1870.23706055 -1 0
1871.0760498 -1 1
1871.90698242 -1 0
1872.79296875 -1 1
1873.49597168 -1 0
1874.36999512 -2 0
1875.17602539 -1 0
1875.92199707 -2 0
1876.52294922 -1 0
1877.35803223 -2 0
1878.08300781 -1 0
1878.80505371 -2 0
1879.5 -1 0
1880.18505859 0 0
1880.93005371 -1 0
1881.70605469 0 0
1882.45703125 -1 0
1883.19299316 0 0
1884.01000977 -1 0
1884.83996582 0 0
1885.58703613 -1 0
1886.32104492 0 0
1886.92797852 -1 0
1887.54394531 0 0
1888.39697266 -1 0
1889.28503418 0 0
1890.03198242 -1 0
1890.78198242 -1 -1
1891.48706055 -1 0
1892.31103516 -1 -1
1893.11096191 -1 0
1893.97802734 -1 -1
1894.68603516 -1 0
1895.44299316 -1 -1
1896.11096191 -1 0
1896.80200195 -1 -1
1897.69299316 -1 0
1898.37805176 -1 -1
1899.16503906 -1 0
1900.06298828 -1 -1
1900.75500488 -1 0
1901.44494629 -1 -1
1902.05603027 -1 0
1902.70300293 -1 -1
1903.38195801 -1 0
1904.09204102 -1 -1
1904.72399902 -1 0
1905.53295898 -1 -1
1906.16503906 -1 0
1906.96398926 -1 -1
1907.80700684 -1 0
1908.61499023 -1 1
1909.43896484 0 1
1910.15905762 -1 1
1910.78894043 0 1
1911.49194336 -1 1
1912.21704102 0 1
1913.09802246 -1 1
1913.95703125 0 1
1914.67004395 -1 1
1915.27502441 0 1
1915.94702148 -1 1
1916.84204102 0 1
1917.59594727 -1 1
1918.31005859 0 1
1919.13305664 -1 1
1919.86096191 0 1
1920.55102539 0 0
1921.25695801 -1 0
1921.97900391 -1 1
1922.72802734 0 1
1923.59594727 0 0
1924.35400391 -1 0
1925.09594727 -1 1
1925.86096191 0 1
1926.64404297 0 0
1927.30297852 -1 0
1928.13195801 -1 1
1928.98596191 0 1
1929.84301758 0 0
1930.52099609 -1 0
1931.30200195 -1 1
1932.01501465 0 1
1932.88305664 0 0
1933.59094238 -1 0
1934.31994629 -1 1
1935.19396973 0 1
1935.86694336 -1 1
1936.73803711 0 1
1937.57495117 -1 1
1938.4329834 0 1
1939.32702637 -1 1
1940.00195312 0 1
1940.64599609 -1 1
1941.49304199 0 1
1942.37695312 0 2
1943.17700195 0 1
1943.78503418 1 1
1944.48095703 2 1
1945.09899902 1 1
1945.84301758 2 1
1946.53894043 1 1
1947.2590332 2 1
1947.93103027 1 1
1948.56201172 1 2
1949.24499512 0 2
1949.99194336 0 1
1950.59802246 0 0
1951.38000488 0 1
1952.11499023 0 0
1952.79296875 0 1
1953.39697266 0 0
1954.24401855 0 1
1954.9510498 0 0
1955.81604004 0 1
1956.53601074 0 0
1957.40002441 0 1
1958.20495605 0 0
1958.96105957 0 1
1959.64904785 0 2
1960.43505859 0 1
1961.0369873 0 2
1961.83703613 0 1
1962.56201172 0 2
1963.23999023 0 1
1964.05200195 0 2
1964.76904297 0 1
1965.59301758 0 0
1966.26000977 0 1
1966.9699707 1 1
1967.68103027 2 1
1968.55895996 1 1
1969.18994141 1 2
1969.85205078 1 1
1970.50598145 1 2
1971.125 1 1
1971.82299805 1 0
1972.53503418 1 1
1973.16503906 1 0
1973.83898926 1 1
1974.50097656 1 0
1975.28295898 1 1
1976.01098633 1 0
1976.7199707 1 1
1977.51904297 1 0
1978.3470459 1 1
1978.97302246 0 1
1979.6529541 0 0
1980.30895996 0 1
1981.15795898 0 0
1981.8079834 0 1
1982.42504883 0 0
1983.08605957 0 1
1983.87902832 0 0
1984.71105957 0 1
1985.38000488 1 1
1986.07995605 0 1
1986.75598145 1 1
1987.55004883 0 1
1988.39294434 1 1
1989.23095703 0 1
1990.10705566 1 1
1990.92504883 0 1
1991.55505371 1 1
1992.28405762 0 1
1992.94299316 1 1
1993.81103516 0 1
1994.57495117 1 1
1995.42297363 2 1
1996.31201172 1 1
1996.93798828 2 1
1997.67895508 1 1
1998.33703613 0 1
1999.07897949 1 1
1999.96899414 0 1
2000.74694824 1 1
2001.55603027 0 1
2002.24694824 1 1
2002.95996094 2 1
2003.65905762 1 1
2004.35095215 1 2
2005.23999023 0 2
2006.10595703 0 1
2006.8380127 1 1
2007.49499512 1 0
2008.18603516 1 1
2009.03796387 1 0
2009.70495605 1 1
2010.3659668 1 0
2011.02600098 1 1
2011.76196289 1 0
2012.58398438 1 1
2013.19299316 1 0
2013.80505371 1 1
2014.59594727 1 0
2015.36206055 1 1
2015.98205566 1 2
2016.69897461 1 1
2017.44799805 1 0
2018.18603516 1 1
2018.86499023 1 0
2019.71801758 1 1
2020.49401855 1 0
2021.13793945 1 1
2021.96105957 1 0
2022.69104004 1 1
2023.38903809 1 0
2024.10205078 1 1
2024.75195312 1 0
2025.42602539 1 1
2026.11401367 1 0
2026.78601074 1 1
2027.52697754 1 0
2028.35900879 1 1
2029.05395508 0 1
2029.72998047 1 1
2030.58996582 0 1
2031.28100586 1 1
2032.12097168 2 1
2032.89099121 1 1
2033.69299316 0 1
2034.36694336 1 1
2035.25402832 0 1
2035.9909668 1 1
2036.85998535 0 1
2037.60998535 1 1
2038.25097656 2 1
2038.90795898 1 1
2039.56896973 2 1
2040.22094727 1 1
2041.06994629 0 1
2041.92199707 1 1
2042.61694336 0 1
2043.43395996 1 1
2044.15905762 1 2
2044.82995605 1 1
2045.65905762 1 2
2046.37304688 1 1
2047.05700684 1 0
2047.68701172 1 1
2048.33789062 1 0
2048.9440918 1 1
2049.64599609 1 0
2050.46606445 1 1
2051.19604492 1 0
2052.0859375 1 1
2052.91992188 1 0
2053.81689453 1 1
2054.52709961 1 0
2055.17089844 1 1
2055.83691406 1 0
2056.47290039 1 1
2057.22509766 1 0
2058.09008789 1 1
2058.76293945 1 0
2059.38500977 1 1
2060.08398438 1 0
2060.69604492 1 1
2061.58398438 1 0
2062.24609375 1 1
2062.86108398 1 0
2063.67993164 1 1
2064.51489258 1 0
2065.39111328 2 0
2066.26391602 1 0
2067.10498047 2 0
2067.87109375 1 0
2068.66601562 2 0
2069.53491211 1 0
2070.23291016 2 0
2071.04003906 1 0
2071.9050293 0 0
2072.63891602 1 0
2073.49511719 0 0
2074.10205078 1 0
2074.74804688 0 0
2075.35791016 1 0
2076.23193359 0 0
2077.01708984 1 0
2077.89111328 0 0
2078.49389648 1 0
2079.15209961 0 0
2080.02587891 1 0
2080.63305664 0 0
2081.39599609 1 0
2082.02490234 0 0
2082.69189453 1 0
2083.29711914 0 0
2083.93798828 1 0
2084.56591797 0 0
2085.37988281 1 0
2086.21704102 2 0
2086.97509766 1 0
2087.83105469 1 1
2088.66699219 1 0
2089.35888672 1 1
2090.15795898 1 0
2090.93994141 1 1
2091.7980957 1 0
2092.68798828 1 1
2093.51806641 1 0
2094.18896484 1 1
2094.9519043 1 0
2095.79101562 1 1
2096.51708984 1 0
2097.31201172 1 1
2097.95996094 1 0
2098.62988281 1 1
2099.23291016 1 2
2100.0090332 1 1
2100.83691406 1 0
2101.54003906 1 1
2102.40893555 1 0
2103.19702148 1 1
2104.03710938 1 0
2104.7980957 1 1
2105.41796875 1 0
2106.12792969 1 1
2106.95800781 1 0
2107.6730957 1 1
2108.32006836 1 2
2109.16601562 1 1
2109.85888672 1 0
2110.75097656 1 1
2111.41210938 1 0
2112.3059082 1 1
2113.05102539 1 0
2113.77709961 2 0
2114.56298828 1 0
2115.17089844 2 0
2115.7980957 1 0
2116.51708984 2 0
2117.26489258 1 0
2117.90991211 2 0
2118.57006836 1 0
2119.28198242 2 0
2120.02001953 1 0
2120.65893555 1 1
2121.3840332 1 0
2122.01708984 1 1
2122.63598633 1 0
2123.44604492 1 1
2124.21606445 1 0
2124.88110352 1 1
2125.70996094 1 0
2126.50195312 1 1
2127.10693359 1 0
2127.74389648 1 1
2128.47998047 1 0
2129.34106445 1 1
2129.97290039 1 0
2130.74389648 1 1
2131.5480957 1 0
2132.25390625 1 1
2133.04003906 1 0
2133.88598633 1 1
2134.63305664 1 0
2135.37402344 1 1
2136.18896484 2 1
2136.84106445 1 1
2137.50708008 0 1
2138.30493164 1 1
2138.93603516 0 1
2139.83398438 1 1
2140.55908203 0 1
2141.31396484 1 1
2142.18994141 0 1
2142.89306641 1 1
2143.62011719 0 1
2144.28393555 1 1
2144.91796875 0 1
2145.70092773 1 1
2146.35107422 0 1
2146.99707031 1 1
2147.86499023 0 1
2148.73388672 1 1
2149.35205078 2 1
2150.21704102 1 1
2150.90087891 0 1
2151.73803711 1 1
2152.34594727 2 1
2153.24194336 1 1
2153.98291016 0 1
2154.625 1 1
2155.25195312 1 2
2155.94311523 1 1
2156.66992188 1 2
2157.51000977 1 1
2158.13110352 1 0
2158.7800293 1 1
2159.58789062 1 0
2160.45507812 1 1
2161.21191406 1 0
2161.92895508 1 1
2162.64111328 1 0
2163.27392578 1 1
2163.91088867 1 0
2164.75488281 1 1
2165.54394531 1 0
2166.33105469 1 1
2167.06494141 1 0
2167.86010742 1 1
2168.54101562 1 0
2169.37109375 1 1
2170.01196289 1 0
2170.81298828 1 1
2171.54296875 1 0
2172.20898438 1 1
2172.90209961 1 0
2173.55200195 1 1
2174.2980957 1 0
2175.09790039 1 1
2175.75610352 1 0
2176.6550293 1 1
2177.54907227 1 0
2178.42895508 1 1
2179.2590332 1 0
2180.01806641 1 1
2180.78295898 1 0
2181.51708984 1 1
2182.29492188 0 1
2182.93994141 1 1
2183.68408203 0 1
2184.43505859 1 1
2185.23388672 0 1
2185.88989258 1 1
2186.69799805 2 1
2187.33203125 1 1
2188.13891602 0 1
2188.85302734 1 1
2189.73095703 2 1
2190.50292969 1 1
2191.39111328 0 1
2192.26489258 1 1
2193.1340332 0 1
2193.91210938 1 1
2194.64404297 0 1
2195.46191406 1 1
2196.14892578 0 1
2196.99389648 1 1
2197.80395508 0 1
2198.52294922 1 1
2199.29907227 0 1
2200.15405273 1 1
2200.99902344 1 2
2201.625 1 1
2202.46191406 1 2
2203.19311523 1 1
2203.87402344 1 0
2204.51806641 1 1
2205.21801758 1 0
2205.89794922 1 1
2206.67993164 1 0
2207.5300293 1 1
2208.33300781 1 0
2209.22290039 1 -1
2209.99804688 1 0
2210.6550293 1 -1
2211.31201172 1 0
2212.01806641 1 -1
2212.67089844 1 0
2213.43408203 1 -1
2214.14306641 1 0
2214.8840332 1 -1
2215.77905273 1 0
2216.47290039 1 -1
2217.23901367 1 0
2217.87207031 1 -1
2218.5480957 1 0
2219.36303711 1 -1
2220.20410156 1 0
2220.99804688 1 -1
2221.87402344 1 0
2222.70800781 1 -1
2223.51489258 1 0
2224.26293945 1 -1
2225.11694336 1 0
2225.8840332 1 -1
2226.625 1 0
2227.35009766 1 -1
2228.16308594 1 0
2228.99511719 1 -1
2229.67407227 1 0
2230.53295898 1 -1
2231.35888672 1 0
2232.02001953 1 -1
2232.73608398 1 0
2233.62207031 1 -1
2234.52099609 1 0
2235.13110352 2 0
2235.89404297 1 0
2236.60498047 2 0
2237.3190918 1 0
2238.20507812 2 0
2239.09106445 1 0
2239.77197266 2 0
2240.56811523 1 0
2241.2890625 2 0
2241.93188477 1 0
2242.71899414 2 0
2243.55810547 1 0
2244.26611328 1 1
2245.0559082 0 1
2245.90209961 1 1
2246.58105469 0 1
2247.2590332 1 1
2247.98388672 0 1
2248.625 1 1
2249.28198242 0 1
2249.97412109 1 1
2250.77490234 0 1
2251.60498047 1 1
2252.33789062 0 1
2252.95092773 1 1
2253.82397461 0 1
2254.53491211 1 1
2255.19702148 0 1
2255.91210938 1 1
2256.6340332 0 1
2257.46801758 1 1
2258.25195312 0 1
2258.97290039 1 1
2259.71508789 0 1
2260.41992188 1 1
2261.27587891 1 2
2261.93310547 1 1
2262.81494141 1 2
2263.59204102 1 1
2264.19311523 1 0
2264.97412109 1 1
2265.86010742 1 0
2266.53198242 1 1
2267.39404297 1 0
2268.10791016 1 1
2268.73510742 1 0
2269.53100586 1 1
2270.42089844 1 0
2271.08911133 1 1
2271.84594727 1 0
2272.53491211 1 1
2273.38696289 1 0
2274.15405273 1 1
2275.04907227 1 0
2275.84008789 1 1
2276.72412109 1 0
2277.43896484 2 0
2278.07104492 1 0
2278.69189453 1 1
2279.39990234 1 0
2280.12402344 1 1
2280.93505859 1 0
2281.70898438 2 0
2282.48999023 1 0
2283.35302734 1 1
2284.09912109 1 0
2284.95288086 1 1
2285.59106445 1 0
2286.37695312 1 1
2287.2199707 1 0
2288.10595703 1 1
2289.00610352 1 0
2289.62988281 1 1
2290.52001953 1 0
2291.31591797 1 1
2292.12304688 1 0
2292.84301758 1 1
2293.65600586 1 0
2294.54394531 1 1
2295.38793945 1 0
2296.12402344 2 0
2296.94897461 1 0
2297.63891602 0 0
2298.31298828 1 0
2299.16601562 0 0
2299.7980957 1 0
2300.63696289 0 0
2301.53393555 1 0
2302.4309082 0 0
2303.14111328 1 0
2303.83398438 0 0
2304.66210938 1 0
2305.35205078 0 0
2305.97900391 1 0
2306.80297852 0 0
2307.49902344 1 0
2308.39208984 0 0
2309.24389648 1 0
2310.06396484 0 0
2310.73193359 1 0
2311.47802734 0 0
2312.24902344 1 0
2312.93603516 1 1
2313.78393555 1 0
2314.64990234 1 1
2315.37011719 1 0
2316.01611328 1 1
2316.89599609 2 1
2317.53491211 1 1
2318.16088867 2 1
2318.94897461 1 1
2319.84106445 2 1
2320.53198242 1 1
2321.41503906 2 1
2322.12695312 1 1
2323.01293945 2 1
2323.67895508 1 1
2324.34912109 1 2
2325.02807617 1 1
2325.64306641 1 0
2326.27807617 1 1
2327.04589844 1 0
2327.84106445 1 1
2328.5300293 1 0
2329.2199707 1 1
2329.88208008 1 0
2330.66210938 1 1
2331.34106445 1 0
2332.09106445 1 1
2332.92993164 1 0
2333.65893555 1 1
2334.38793945 1 0
2335.07397461 1 1
2335.74902344 1 0
2336.54907227 1 1
2337.27099609 1 0
2337.97607422 1 1
2338.72509766 1 0
2339.59912109 1 1
2340.21899414 1 0
2341.04711914 1 1
2341.92993164 1 0
2342.65087891 1 1
2343.27807617 1 0
2343.92407227 1 1
2344.64404297 1 0
2345.5390625 1 1
2346.27807617 1 0
2347.10498047 1 1
2347.90698242 1 0
2348.55493164 1 1
2349.43994141 1 0
2350.20898438 1 1
2351.05688477 0 1
2351.73510742 1 1
2352.5300293 0 1
2353.26806641 1 1
2354.07910156 0 1
2354.7800293 1 1
2355.47509766 0 1
2356.10400391 1 1
2356.73388672 0 1
2357.43701172 1 1
2358.11206055 0 1
2358.81396484 1 1
2359.61694336 0 1
2360.30395508 1 1
2360.96289062 0 1
2361.77001953 1 1
2362.54711914 0 1
2363.30102539 1 1
2364.16992188 0 1
2364.96191406 1 1
2365.70507812 1 2
2366.59399414 1 1
2367.38500977 1 0
2368.02001953 1 1
2368.76806641 1 0
2369.49389648 1 1
2370.20507812 1 0
2370.88208008 1 1
2371.71411133 1 0
2372.56494141 1 1
2373.40087891 1 0
2374.13696289 1 1
2374.96411133 1 0
2375.73510742 1 1
2376.625 1 0
2377.34912109 1 1
2378.16210938 1 0
2378.81811523 1 1
2379.47607422 1 0
2380.09912109 1 1
2380.9140625 1 0
2381.6940918 1 1
2382.50488281 1 0
2383.30810547 1 1
2384.05688477 1 0
2384.88110352 1 1
2385.54492188 1 0
2386.42211914 1 1
2387.13793945 1 0
2387.94897461 1 1
2388.66796875 1 0
2389.32495117 1 1
2390.2019043 1 0
2390.86401367 1 1
2391.6159668 1 0
2392.5090332 1 1
2393.26806641 1 0
2394.05810547 1 1
2394.87890625 1 0
2395.54907227 1 1
2396.16210938 1 0
2396.83203125 1 1
2397.45092773 1 0
2398.11791992 1 1
2398.96411133 1 0
2399.61206055 2 0
