0.500999987125 0 -3
1.27600002289 0 -3
1.98800003529 -1 -3
2.72300004959 -2 -3
3.5680000782 -1 -3
4.38899993896 -2 -3
5.23000001907 -3 -3
r
5.94500017166 -2 -2
6.82800006866 -3 -2
7.44600009918 -3 -2
8.08399963379 -3 -2
8.77799987793 -3 -2
9.54599952698 -3 -2
10.1829996109 -3 -2
10.9530000687 -3 -2
11.8149995804 -3 -2
12.6339998245 -3 -2
13.248000145 -3 -2
14.0200004578 -3 -2
14.9029998779 -3 -3
r
15.7840003967 2 -2
16.3920001984 1 -2
17.0450000763 0 -2
17.718000412 0 -3
18.533000946 0 -3
19.4099998474 -1 -3
20.2339992523 -2 -3
21.1040000916 -3 -3
r
21.9799995422 -2 2
22.8010005951 -2 1
23.4370002747 -3 1
24.2220001221 -3 1
25.0979995728 -3 1
25.8600006104 -3 0
26.6989994049 -3 0
27.4430007935 -3 0
28.2399997711 -3 0
29.0389995575 -3 -1
29.857000351 -3 -1
30.7250003815 -3 -1
31.4950008392 -3 -1
32.3460006714 -3 -1
33.1800003052 -3 -2
34.0110015869 -3 -2
34.8569984436 -3 -2
35.6409988403 -3 -2
36.3950004578 -3 -2
37.2659988403 -3 -2
37.9109992981 -3 -3
r
38.7130012512 2 2
39.4280014038 1 2
40.1479988098 1 1
41.0239982605 1 0
41.7620010376 0 0
42.5909996033 -1 0
43.2379989624 -1 -1
44.0270004272 -1 -2
44.6710014343 -2 -2
45.4199981689 -2 -3
46.2060012817 -3 -3
r
46.8730010986 -2 -2
47.5509986877 -3 -2
48.4020004272 -3 -2
49.1500015259 -3 -3
r
49.7649993896 2 -2
50.6619987488 1 -2
51.4630012512 0 -2
52.2529983521 -1 -2
52.90599823 -2 -2
53.7799987793 -2 -3
54.658000946 -2 -3
55.2929992676 -3 -3
r
55.9210014343 -2 2
56.7900009155 -2 1
57.6699981689 -2 0
58.361000061 -2 -1
59.1279983521 -2 -2
59.9990005493 -2 -3
60.6839981079 -3 -3
r
61.5340003967 2 2
62.2579994202 2 1
63.111000061 3 1
63.8510017395 3 1
64.6429977417 3 2
65.4710006714 3 1
66.3079986572 2 1
66.9349975586 1 1
67.6699981689 1 0
68.5070037842 0 0
69.3259963989 -1 0
69.9469985962 -1 -1
70.7610015869 -1 -2
71.6269989014 -2 -2
72.3479995728 -3 -2
73.1090011597 -3 -3
r
73.90599823 -2 -2
74.6240005493 -2 -3
75.5120010376 -3 -3
r
76.2699966431 2 -2
77.1299972534 1 -2
77.8980026245 0 -2
78.7929992676 -1 -2
79.6340026855 -2 -2
80.5 -2 -3
81.31199646 -3 -3
r
82.1309967041 -2 2
82.7880020142 -2 1
83.5100021362 -2 0
84.31199646 -2 -1
85.1190032959 -2 -2
85.9980010986 -2 -3
86.8740005493 -3 -3
r
87.75 2 2
88.4039993286 2 1
89.141998291 2 2
89.7900009155 2 3
90.5230026245 2 3
91.1790008545 3 3
r
92.0329971313 -2 -2
92.7170028687 -2 -3
93.5729980469 -3 -3
r
94.375 2 -2
95.2630004883 1 -2
96.0059967041 0 -2
96.7600021362 -1 -2
97.4469985962 -2 -2
98.3450012207 -2 -3
99.1340026855 -3 -3
r
99.9390029907 -2 2
100.792999268 -2 1
101.569999695 -2 0
102.380996704 -2 -1
103.266998291 -2 -2
104.124000549 -2 -3
104.82900238 -3 -3
r
105.665000916 2 2
106.279998779 3 2
106.943000793 3 2
107.762001038 3 2
108.402000427 3 2
109.124000549 3 2
109.835998535 3 2
110.67199707 3 2
111.275001526 3 2
111.972000122 3 2
112.695999146 3 2
113.388000488 3 2
114.26499939 3 2
115.09400177 3 2
115.987998962 3 1
116.591003418 3 0
117.391998291 2 0
118.022003174 1 0
118.768997192 1 -1
119.522003174 0 -1
120.292999268 0 -2
120.906997681 0 -3
121.763999939 -1 -3
122.544998169 -2 -3
123.305999756 -3 -3
r
123.972999573 -2 -2
124.779998779 -2 -3
125.476997375 -3 -3
r
126.337997437 2 -2
127.069999695 1 -2
127.720001221 0 -2
128.580001831 -1 -2
129.236999512 -1 -3
130.095993042 -2 -3
130.901992798 -3 -3
r
131.557006836 -2 2
132.309997559 -2 1
133.100997925 -2 0
133.723007202 -2 -1
134.466995239 -2 -2
135.17300415 -2 -3
135.917007446 -3 -3
r
136.602996826 2 2
137.333999634 2 3
138.121002197 3 3
r
138.99899292 -2 -2
139.744995117 -2 -3
140.401000977 -3 -3
r
141.044998169 2 -2
141.858001709 1 -2
142.744003296 0 -2
143.464996338 -1 -2
144.080993652 -2 -2
144.891998291 -2 -3
145.636001587 -3 -3
r
146.248001099 -2 2
147.009002686 -2 1
147.753005981 -2 0
148.570007324 -2 -1
149.23500061 -2 -2
149.878005981 -2 -3
150.574996948 -3 -3
r
151.375 2 2
152.244995117 3 2
152.996002197 3 2
153.863006592 3 2
154.563995361 3 2
155.380996704 3 2
156.044998169 3 2
156.781997681 3 2
157.651992798 3 2
158.309005737 3 2
159.121994019 3 2
159.923995972 3 2
160.738998413 3 3
r
161.389007568 -2 -2
162.033996582 -2 -3
162.764007568 -3 -3
r
163.380996704 2 -2
164.029006958 1 -2
164.820999146 0 -2
165.507003784 -1 -2
166.123001099 -1 -3
166.843002319 -2 -3
167.656005859 -3 -3
r
168.302001953 -2 2
169.158996582 -2 1
169.796005249 -2 0
170.56300354 -2 -1
171.440994263 -2 -2
172.085006714 -2 -3
172.934997559 -3 -3
r
173.673995972 2 2
174.449005127 3 2
175.320007324 3 3
r
176.052001953 -2 -2
176.865997314 -2 -3
177.479003906 -3 -3
r
178.309005737 2 -2
179.039001465 1 -2
179.791000366 0 -2
180.684005737 -1 -2
181.412002563 -1 -3
182.063995361 -2 -3
182.863006592 -3 -3
r
183.488998413 -2 2
184.149002075 -1 2
184.863006592 0 2
185.565002441 1 2
186.225006104 2 2
186.951004028 3 2
187.774002075 3 3
r
188.56199646 2 2
189.352996826 3 2
190.020004272 3 3
r
190.710998535 -2 -2
191.483001709 -2 -3
192.367996216 -3 -3
r
193.009994507 2 -2
193.904006958 1 -2
194.576004028 0 -2
195.214996338 -1 -2
195.867996216 -1 -3
196.501998901 -2 -3
197.195007324 -3 -3
r
197.994003296 -2 2
198.643997192 -1 2
199.358001709 0 2
199.99899292 1 2
200.835006714 2 2
201.694000244 3 2
202.565002441 3 3
r
203.287002563 2 2
203.998001099 3 2
204.738998413 3 3
r
205.492996216 -2 -2
206.156005859 -2 -3
206.908004761 -3 -3
r
207.654006958 2 -2
208.38999939 1 -2
209.281005859 0 -2
210.158996582 -1 -2
210.82800293 -2 -2
211.679000854 -2 -3
212.43699646 -3 -3
r
213.277999878 -2 2
214.12399292 -1 2
214.785995483 0 2
215.610992432 1 2
216.281005859 2 2
216.975997925 2 3
217.699005127 2 3
218.343994141 3 3
r
218.970001221 2 2
219.664993286 3 2
220.533996582 3 3
r
221.225997925 -2 -2
221.955001831 -2 -3
222.759994507 -3 -3
r
223.425003052 2 -2
224.160003662 1 -2
225.001998901 0 -2
225.865997314 -1 -2
226.496994019 -1 -3
227.130996704 -2 -3
227.794998169 -3 -3
r
228.42199707 -2 2
229.063995361 -1 2
229.845001221 0 2
230.533004761 1 2
231.276000977 2 2
231.996002197 2 3
232.88999939 3 3
r
233.707992554 2 2
234.574996948 3 2
235.404998779 3 3
r
236.108001709 -2 -2
236.811004639 -2 -3
237.662994385 -3 -3
r
238.554992676 2 -2
239.292999268 1 -2
240.085998535 0 -2
240.934005737 -1 -2
241.694000244 -1 -3
242.365997314 -2 -3
243.214996338 -3 -3
r
244.087997437 -2 2
244.910003662 -1 2
245.539001465 0 2
246.272994995 1 2
246.889007568 2 2
247.785995483 3 2
248.677001953 3 3
r
249.548995972 2 2
250.38999939 3 2
251.128005981 3 3
r
251.936004639 -2 -2
252.541000366 -2 -3
253.393005371 -3 -3
r
254.020996094 2 -2
254.744995117 1 -2
255.526000977 0 -2
256.244995117 -1 -2
256.941986084 -1 -3
257.837005615 -2 -3
258.731994629 -3 -3
r
259.519012451 -2 2
260.371002197 -1 2
261.143005371 0 2
261.997009277 1 2
262.865997314 2 2
263.75201416 2 3
264.45401001 3 3
r
265.208007812 2 2
265.945007324 3 2
266.75 3 3
r
267.514007568 -2 -2
268.188995361 -2 -3
269.062988281 -3 -3
r
269.946990967 2 -2
270.678985596 2 -1
271.417999268 2 0
272.303009033 2 1
273.049987793 2 2
273.695007324 2 3
274.345001221 3 3
r
275.222991943 -2 2
275.898986816 -1 2
276.79699707 0 2
277.411010742 1 2
278.092010498 2 2
278.699005127 3 2
279.565002441 3 2
280.416992188 3 3
r
281.075012207 2 2
281.690002441 2 3
282.584991455 3 3
r
283.332000732 -2 -2
284.167999268 -2 -3
284.825012207 -3 -3
r
285.523986816 2 -2
286.341003418 2 -1
287.074005127 2 0
287.968994141 2 1
288.868011475 3 1
289.562011719 3 2
290.300994873 3 3
r
291.061004639 -2 2
291.707000732 -1 2
292.367004395 0 2
293.24798584 1 2
294.106994629 2 2
294.884002686 2 3
295.531005859 3 3
r
296.148010254 2 2
296.960998535 3 2
297.67199707 3 3
r
298.372009277 -2 -2
299.191986084 -2 -3
299.846008301 -3 -3
r
300.696014404 2 -2
301.411987305 2 -1
302.217987061 2 0
303.110992432 2 1
303.863006592 2 2
304.579986572 3 2
305.243988037 3 3
r
305.867004395 -2 2
306.584014893 -1 2
307.428985596 0 2
308.161010742 1 2
309.015991211 2 2
309.845001221 3 2
310.515014648 3 3
r
311.188995361 2 2
311.971008301 2 3
312.812988281 3 3
r
313.506988525 -2 -2
314.394989014 -2 -3
315.141998291 -3 -3
r
315.864990234 2 -2
316.714996338 2 -1
317.473999023 2 0
318.20098877 2 1
319.071990967 2 2
319.713012695 3 2
320.390014648 3 3
r
321.153991699 -2 2
322.040008545 -1 2
322.787994385 0 2
323.674987793 1 2
324.350006104 2 2
325.074005127 2 3
325.746002197 3 3
r
326.394012451 2 2
327.109985352 3 2
327.962005615 3 3
r
328.733001709 -2 -2
329.360992432 -2 -3
330.179992676 -3 -3
r
330.848999023 2 -2
331.726013184 2 -1
332.372009277 2 0
332.989013672 2 1
333.794006348 2 2
334.622009277 3 2
335.256011963 3 3
r
336.023010254 -2 2
336.915008545 -1 2
337.678009033 0 2
338.437988281 1 2
339.139007568 2 2
339.850006104 3 2
340.506011963 3 3
r
341.321990967 2 2
342.204986572 2 3
343.019989014 3 3
r
343.677001953 -2 -2
344.303009033 -2 -3
345.12298584 -3 -3
r
345.852996826 2 -2
346.739990234 2 -1
347.628997803 2 0
348.485992432 2 1
349.088012695 2 2
349.837005615 3 2
350.669006348 3 3
r
351.37399292 -2 2
352.157012939 -1 2
353.013000488 0 2
353.897003174 1 2
354.67098999 2 2
355.467010498 2 3
356.07901001 3 3
r
356.709014893 2 2
357.566009521 3 2
358.308990479 3 3
r
359.007995605 -2 -2
359.864990234 -2 -3
360.613006592 -3 -3
r
361.460998535 2 -2
362.347991943 2 -1
362.989013672 2 0
363.621002197 2 1
364.375 2 2
364.984985352 3 2
365.824005127 3 3
r
366.473999023 -2 2
367.20300293 -1 2
368.033996582 0 2
368.759002686 1 2
369.381011963 2 2
370.002990723 3 2
370.730987549 3 3
r
371.428009033 2 2
372.07699585 3 2
372.942993164 3 3
r
373.705993652 -2 -2
374.343994141 -2 -3
374.981994629 -3 -3
r
375.595001221 2 -2
376.294006348 2 -1
377.118011475 2 0
377.752990723 2 1
378.555999756 2 2
379.393005371 3 2
380.093994141 3 3
r
380.966003418 -2 2
381.635986328 -1 2
382.361999512 0 2
383.119995117 1 2
384.013000488 2 2
384.721984863 3 2
385.584014893 3 3
r
386.247009277 2 2
386.917999268 3 2
387.729003906 3 3
r
388.618988037 -2 -2
389.321990967 -2 -3
390.089996338 -3 -3
r
390.963012695 2 -2
391.790985107 2 -1
392.511993408 2 0
393.368011475 2 1
394.160003662 2 2
394.87701416 3 2
395.682006836 3 3
r
396.489990234 -2 2
397.235992432 -1 2
397.928009033 0 2
398.558013916 1 2
399.433013916 2 2
400.165008545 3 2
400.893005371 3 3
r
401.497009277 2 2
402.294006348 3 2
402.941009521 3 3
r
403.708007812 -2 -2
404.429992676 -2 -3
405.196990967 -3 -3
r
405.841003418 2 -2
406.725006104 2 -1
407.589996338 2 0
408.401000977 2 1
409.022003174 2 2
409.824005127 3 2
410.445007324 3 3
r
411.32598877 -2 2
412.042999268 -1 2
412.863006592 0 2
413.62399292 1 2
414.476989746 2 2
415.097991943 3 2
415.834014893 3 3
r
416.635009766 2 2
417.406005859 3 2
418.132995605 3 3
r
418.967010498 -2 -2
419.821014404 -2 -3
420.476989746 -3 -3
r
421.329986572 2 -2
422.105987549 2 -1
422.959014893 2 0
423.817993164 2 1
424.42199707 2 2
425.283996582 3 2
426.095001221 3 3
r
426.855010986 -2 2
427.467010498 -1 2
428.100006104 0 2
428.740997314 1 2
429.395996094 2 2
430.04901123 3 2
430.822998047 3 3
r
431.457000732 2 2
432.355010986 3 2
433.243011475 3 3
r
434.055999756 -2 -2
434.812988281 -2 -3
435.669006348 -3 -3
r
436.289001465 2 -2
437.144012451 2 -1
437.941986084 2 0
438.782989502 2 1
439.611999512 2 2
440.454986572 3 2
441.283996582 3 3
r
442.144012451 -2 2
442.898010254 -1 2
443.760009766 0 2
444.399993896 1 2
445.214996338 2 2
445.898010254 3 2
446.678009033 3 3
r
447.295013428 2 2
447.992004395 3 2
448.881988525 3 3
r
449.756011963 -2 -2
450.472991943 -2 -3
451.222991943 -3 -3
r
452.07800293 2 -2
452.820007324 2 -1
453.632995605 2 0
454.459991455 2 1
455.334014893 2 2
456.006988525 3 2
456.851013184 3 3
r
457.601989746 -2 2
458.463989258 -1 2
459.218994141 0 2
460.050994873 1 2
460.928985596 2 2
461.825012207 3 2
462.54800415 3 3
r
463.42300415 2 2
464.122009277 3 2
464.983001709 3 3
r
465.868011475 -2 -2
466.717987061 -2 -3
467.541992188 -3 -3
r
468.234008789 2 -2
468.967010498 2 -1
469.856994629 2 0
470.466003418 2 1
471.153991699 3 1
471.993011475 3 2
472.731994629 3 3
r
473.442993164 -2 2
474.294006348 -1 2
475.12701416 0 2
475.92401123 1 2
476.643005371 2 2
477.369995117 3 2
477.986999512 3 3
r
478.881988525 2 2
479.680999756 3 2
480.507995605 3 3
r
481.381988525 -2 -2
482.044006348 -2 -3
482.712005615 -3 -3
r
483.322998047 2 -2
483.989013672 2 -1
484.743988037 2 0
485.510986328 2 1
486.143005371 2 2
486.803009033 3 2
487.537994385 3 3
r
488.347991943 -2 2
489.153015137 -1 2
490.026000977 0 2
490.800994873 1 2
491.403015137 2 2
492.088012695 3 2
492.740997314 3 3
r
493.562988281 2 2
494.214996338 3 2
495.050994873 3 3
r
495.924987793 -2 -2
496.70300293 -2 -3
497.472991943 -3 -3
r
498.092010498 2 -2
498.808990479 2 -1
499.640014648 2 0
500.264007568 2 1
501.138000488 2 2
501.742004395 3 2
502.356994629 3 3
r
503.192993164 -2 2
503.87701416 -1 2
504.669006348 0 2
505.454986572 1 2
506.272003174 2 2
507.131988525 3 2
507.807006836 3 3
r
508.514007568 2 2
509.403991699 3 2
510.098999023 3 3
r
510.708007812 -2 -2
511.494995117 -2 -3
512.135009766 -3 -3
r
512.888000488 2 -2
513.67401123 2 -1
514.411010742 2 0
515.294006348 2 1
515.905029297 2 2
516.594970703 3 2
517.463989258 3 3
r
518.163024902 -2 2
518.898986816 -1 2
519.588012695 0 2
520.416992188 1 2
521.306030273 2 2
522.15802002 3 2
522.859985352 3 3
r
523.637023926 2 2
524.411987305 3 2
525.013000488 3 3
r
525.874023438 -2 -2
526.494018555 -2 -3
527.343994141 -3 -3
r
528.213989258 2 -2
529.059997559 2 -1
529.721984863 2 0
530.497009277 2 1
531.101013184 2 2
531.776977539 3 2
532.497009277 3 3
r
533.356018066 -2 2
534.218017578 -1 2
534.914978027 0 2
535.687011719 1 2
536.463989258 2 2
537.228027344 3 2
537.880004883 3 3
r
538.507019043 2 2
539.20098877 3 2
539.960021973 3 3
r
540.713989258 -2 -2
541.400024414 -2 -3
542.28302002 -3 -3
r
543.026000977 2 -2
543.757995605 2 -1
544.465026855 2 0
545.179992676 2 1
545.831970215 2 2
546.463012695 3 2
547.278991699 3 3
r
548.043029785 -2 2
548.768005371 -1 2
549.487976074 0 2
550.182006836 1 2
551.052978516 2 2
551.882995605 3 2
552.70098877 3 3
r
553.577026367 2 2
554.232971191 3 2
555.031982422 3 3
r
555.716003418 -2 -2
556.367004395 -2 -3
557.057006836 -3 -3
r
557.695007324 2 -2
558.585021973 2 -1
559.481994629 2 0
560.322021484 2 1
561.216003418 3 1
561.90802002 3 2
562.802978516 3 3
r
563.559020996 -2 2
564.346984863 -1 2
564.981994629 0 2
565.815002441 1 2
566.432983398 2 2
567.164978027 3 2
568.008972168 3 3
r
568.70098877 2 2
569.573974609 3 2
570.244995117 3 3
r
570.994018555 -2 -2
571.875 -2 -3
572.734985352 -3 -3
r
573.531005859 2 -2
574.354980469 2 -1
575.109008789 2 0
575.804016113 2 1
576.672973633 2 2
577.364013672 3 2
578.184020996 3 3
r
578.979980469 -2 2
579.609985352 -1 2
580.280029297 0 2
581.093017578 1 2
581.945007324 2 2
582.684997559 3 2
583.401000977 3 3
r
584.043029785 2 2
584.814025879 3 2
585.523010254 3 3
r
586.16998291 -2 -2
586.911987305 -2 -3
587.53302002 -3 -3
r
588.388000488 2 -2
589.119018555 2 -1
589.741027832 2 0
590.625 2 1
591.380004883 3 1
592.255981445 3 2
593.116027832 3 3
r
593.918029785 -2 2
594.802001953 -1 2
595.520019531 0 2
596.369995117 1 2
597.161987305 2 2
598.054016113 3 2
598.890991211 3 3
r
599.611022949 2 2
600.418029785 3 2
601.190979004 3 3
r
601.840026855 -2 -2
602.476989746 -2 -3
603.107971191 -3 -3
r
603.856018066 2 -2
604.616027832 2 -1
605.507019043 2 0
606.385009766 2 1
607.148010254 3 1
608.020019531 3 2
608.672973633 3 3
r
609.366027832 -2 2
610.031982422 -1 2
610.708007812 0 2
611.57800293 1 2
612.260009766 2 2
612.986022949 3 2
613.723999023 3 3
r
614.577026367 2 2
615.458007812 3 2
616.325012207 3 3
r
617.103027344 -2 -2
617.882995605 -2 -3
618.736022949 -3 -3
r
619.573974609 2 -2
620.385009766 2 -1
621.208007812 2 0
621.901000977 2 1
622.690002441 3 1
623.520996094 3 2
624.281982422 3 3
r
624.960998535 -2 2
625.567016602 -1 2
626.435974121 0 2
627.271972656 1 2
627.906005859 2 2
628.79498291 3 2
629.418029785 3 3
r
630.153991699 2 2
630.911010742 3 2
631.723022461 3 3
r
632.419006348 -2 -2
633.213989258 -2 -3
634.072021484 -3 -3
r
634.947998047 2 -2
635.778015137 1 -2
636.395019531 0 -2
637.052001953 -1 -2
637.802978516 -1 -3
638.62902832 -2 -3
639.244995117 -3 -3
r
640.007995605 -2 2
640.739990234 -1 2
641.510009766 0 2
642.304992676 1 2
643.174987793 2 2
644.052001953 3 2
644.825012207 3 3
r
645.692016602 2 2
646.322021484 3 2
647.036987305 3 3
r
647.685974121 -2 -2
648.398986816 -2 -3
649.140991211 -3 -3
r
649.814025879 2 -2
650.588012695 2 -1
651.369995117 2 0
652.111999512 2 1
652.971984863 3 1
653.689025879 3 2
654.309997559 3 3
r
654.914001465 -2 2
655.734985352 -1 2
656.559997559 0 2
657.255004883 1 2
658.002990723 2 2
658.838012695 3 2
659.440002441 3 3
r
660.307983398 2 2
661.15802002 3 2
661.986022949 3 3
r
662.768005371 -2 -2
663.539001465 -2 -3
664.383972168 -3 -3
r
665.179992676 2 -2
665.866027832 2 -1
666.538024902 2 0
667.184020996 2 1
667.927001953 3 1
668.789978027 3 2
669.633972168 3 3
r
670.434997559 -2 2
671.098022461 -1 2
671.937988281 0 2
672.715026855 1 2
673.54699707 2 2
674.213989258 3 2
674.984008789 3 3
r
675.851989746 2 2
676.49597168 3 2
677.206970215 3 3
r
677.835021973 -2 -2
678.520996094 -2 -3
679.215026855 -3 -3
r
680.047973633 2 -2
680.864990234 2 -1
681.512023926 2 0
682.184020996 2 1
682.919006348 3 1
683.568969727 3 2
684.302001953 3 3
r
685.091003418 -2 2
685.716003418 -1 2
686.445007324 0 2
687.047973633 1 2
687.931030273 2 2
688.773986816 3 2
689.661987305 3 3
r
690.388977051 2 2
691.135986328 3 2
691.786010742 3 3
r
692.650024414 -2 -2
693.255004883 -2 -3
693.87097168 -3 -3
r
694.565002441 2 -2
695.236022949 2 -1
696.023986816 2 0
696.841003418 2 1
697.528015137 3 1
698.278991699 3 2
699.132995605 3 3
r
699.885986328 -2 2
700.556030273 -1 2
701.32598877 0 2
702.075012207 1 2
702.763000488 2 2
703.53302002 3 2
704.289001465 3 3
r
705.090026855 2 2
705.817016602 3 2
706.564025879 3 3
r
707.260986328 -2 -2
707.867004395 -2 -3
708.494995117 -3 -3
r
709.289001465 2 -2
710.018981934 2 -1
710.869018555 2 0
711.502990723 2 1
712.226989746 3 1
713.090026855 3 2
713.71697998 3 3
r
714.439025879 -2 2
715.073974609 -1 2
715.755004883 0 2
716.619018555 1 2
717.461975098 2 2
718.168029785 3 2
718.882019043 3 3
r
719.640014648 2 2
720.32800293 3 2
721.15802002 3 3
r
721.942993164 -2 -2
722.625976562 -2 -3
723.476989746 -3 -3
r
724.336975098 2 -2
725.20501709 2 -1
726.000976562 2 0
726.716003418 2 1
727.580993652 3 1
728.409973145 3 2
729.135986328 3 3
r
729.869995117 -2 2
730.552978516 -1 2
731.359008789 0 2
732.158996582 1 2
732.999023438 2 2
733.645996094 3 2
734.393981934 3 3
r
735.20501709 2 2
735.989990234 3 2
736.848022461 3 3
r
737.734985352 -2 -2
738.401977539 -2 -3
739.07800293 -3 -3
r
739.958007812 2 -2
740.655029297 1 -2
741.502990723 0 -2
742.236999512 -1 -2
743.117980957 -1 -3
743.825012207 -2 -3
744.426025391 -3 -3
r
745.164978027 -2 2
746.028991699 -1 2
746.70098877 0 2
747.478027344 1 2
748.085021973 2 2
748.875 3 2
749.486022949 3 3
r
750.130981445 2 2
750.875 3 2
751.551025391 3 3
r
752.231018066 -2 -2
753.068969727 -2 -3
753.92199707 -3 -3
r
754.54901123 2 -2
755.17401123 2 -1
756.026000977 2 0
756.799987793 2 1
757.515014648 3 1
758.218017578 3 2
758.838989258 3 3
r
759.5 -2 2
760.210021973 -1 2
760.981018066 0 2
761.703979492 1 2
762.530029297 2 2
763.145996094 3 2
763.864990234 3 3
r
764.685974121 2 2
765.315979004 3 2
766.023010254 3 3
r
766.817016602 -2 -2
767.640991211 -2 -3
768.24798584 -3 -3
r
769.114013672 2 -2
769.890991211 2 -1
770.492004395 2 0
771.265014648 2 1
771.986022949 3 1
772.672973633 3 2
773.557006836 3 3
r
774.182006836 -2 2
775.057006836 -1 2
775.687988281 0 2
776.307983398 1 2
777.08001709 2 2
777.82598877 3 2
778.642028809 3 3
r
779.349975586 2 2
780.239013672 3 2
781.117004395 3 3
r
782.0 -2 -2
782.609008789 -2 -3
783.416992188 -3 -3
r
784.065002441 2 -2
784.843994141 2 -1
785.617980957 2 0
786.448974609 3 0
787.145019531 3 1
787.934997559 3 2
788.715026855 3 3
r
789.445983887 -2 2
790.223022461 -1 2
790.95300293 0 2
791.554016113 1 2
792.354980469 2 2
793.101013184 3 2
793.940979004 3 3
r
794.54498291 2 2
795.396972656 3 2
796.101989746 3 3
r
796.984008789 -2 -2
797.869995117 -2 -3
798.67199707 -3 -3
r
799.278991699 2 -2
800.17199707 2 -1
800.973999023 2 0
801.741027832 2 1
802.614013672 3 1
803.267028809 3 2
804.046020508 3 3
r
804.913024902 -2 2
805.585998535 -1 2
806.234008789 0 2
806.960021973 1 2
807.807006836 2 2
808.671020508 3 2
809.486999512 3 3
r
810.096984863 2 2
810.793029785 3 2
811.635986328 3 3
r
812.515014648 -2 -2
813.242980957 -2 -3
814.093017578 -3 -3
r
814.848999023 2 -2
815.520996094 2 -1
816.232971191 2 0
816.929016113 3 0
817.664001465 3 1
818.318969727 3 2
818.958984375 3 3
r
819.702026367 -2 2
820.306030273 -1 2
820.969970703 0 2
821.768981934 1 2
822.476013184 2 2
823.106018066 3 2
823.940979004 3 3
r
824.765014648 2 2
825.510009766 3 2
826.278015137 3 3
r
827.072021484 -2 -2
827.943969727 -2 -3
828.739013672 -3 -3
r
829.609985352 2 -2
830.405029297 2 -1
831.057006836 2 0
831.767028809 3 0
832.450012207 3 1
833.052978516 3 2
833.854003906 3 3
r
834.700012207 -2 2
835.577026367 -1 2
836.223999023 0 2
836.948974609 1 2
837.788024902 2 2
838.518981934 3 2
839.361999512 3 3
r
840.234008789 2 2
841.041015625 3 2
841.801025391 3 3
r
842.638000488 -2 -2
843.49597168 -2 -3
844.15802002 -3 -3
r
844.934020996 2 -2
845.67401123 2 -1
846.280029297 2 0
847.106018066 3 0
847.934020996 3 1
848.677001953 3 2
849.54901123 3 3
r
850.400024414 -2 2
851.153015137 -1 2
851.883972168 0 2
852.588012695 1 2
853.213989258 2 2
853.851013184 3 2
854.460998535 3 3
r
855.331970215 2 2
856.077026367 3 2
856.716003418 3 3
r
857.528991699 -2 -2
858.283996582 -2 -3
859.072021484 -3 -3
r
859.890014648 2 -2
860.67401123 2 -1
861.383972168 2 0
862.16998291 3 0
863.00402832 3 1
863.666015625 3 2
864.382995605 3 3
r
865.017028809 -2 2
865.799987793 -1 2
866.445007324 0 2
867.314025879 1 2
868.146972656 2 2
868.888977051 3 2
869.67199707 3 3
r
870.440002441 2 2
871.08001709 3 2
871.875976562 3 3
r
872.518005371 -2 -2
873.20501709 -2 -3
873.869018555 -3 -3
r
874.486022949 2 -2
875.301025391 2 -1
876.078979492 2 0
876.693969727 2 1
877.45300293 3 1
878.135986328 3 2
878.966003418 3 3
r
879.661010742 -2 2
880.387023926 -1 2
881.083007812 0 2
881.822021484 1 2
882.653991699 2 2
883.406005859 3 2
884.232971191 3 3
r
884.932006836 2 2
885.62902832 3 2
886.263977051 3 3
r
886.92401123 -2 -2
887.804992676 -2 -3
888.593994141 -3 -3
r
889.213012695 2 -2
889.913024902 2 -1
890.700012207 2 0
891.361022949 2 1
891.989013672 3 1
892.82800293 3 2
893.666015625 3 3
r
894.507019043 -2 2
895.309997559 -1 2
896.013000488 0 2
896.864990234 1 2
897.716003418 2 2
898.421020508 3 2
899.176025391 3 3
r
899.820007324 2 2
900.447998047 3 2
901.104980469 3 3
r
901.810974121 -2 -2
902.577026367 -2 -3
903.437988281 -3 -3
r
904.268005371 2 -2
905.132019043 3 -2
905.818969727 3 -1
906.718017578 3 0
907.507995605 3 1
908.156005859 3 2
908.914978027 3 3
r
909.755004883 -2 2
910.473022461 -1 2
911.34197998 0 2
912.182006836 1 2
912.872009277 2 2
913.609008789 3 2
914.268981934 3 3
r
915.117980957 2 2
915.789978027 3 2
916.669006348 3 3
r
917.375 -2 -2
918.221008301 -2 -3
919.044006348 -3 -3
r
919.776000977 2 -2
920.590026855 3 -2
921.445007324 3 -1
922.158996582 3 0
922.833984375 3 1
923.726013184 3 2
924.556030273 3 3
r
925.284973145 -2 2
926.145019531 -1 2
926.793029785 0 2
927.406982422 1 2
928.034973145 2 2
928.664978027 3 2
929.431030273 3 3
r
930.299987793 2 2
931.197998047 3 2
931.987976074 3 3
r
932.807006836 -2 -2
933.562011719 -2 -3
934.237976074 -3 -3
r
934.960998535 2 -2
935.736022949 2 -1
936.463989258 3 -1
937.29901123 3 0
938.015991211 3 1
938.903991699 3 2
939.708984375 3 3
r
940.348022461 -2 2
941.20098877 -1 2
942.093017578 0 2
942.760009766 1 2
943.510986328 2 2
944.400024414 3 2
945.241027832 3 3
r
946.060974121 2 2
946.956970215 3 2
947.689025879 3 3
r
948.536010742 -2 -2
949.190002441 -2 -3
949.827026367 -3 -3
r
950.593017578 2 -2
951.388977051 3 -2
952.169006348 3 -1
952.844970703 3 0
953.619018555 3 1
954.344970703 3 2
955.192016602 3 3
r
956.07598877 -2 2
956.828979492 -1 2
957.479980469 0 2
958.25402832 1 2
959.109008789 2 2
959.882019043 3 2
960.747009277 3 3
r
961.583984375 2 2
962.231994629 3 2
963.036987305 3 3
r
963.913024902 -2 -2
964.79699707 -2 -3
965.567016602 -3 -3
r
966.346008301 2 -2
966.989990234 3 -2
967.646972656 3 -1
968.344970703 3 0
969.137023926 3 1
969.781982422 3 2
970.405029297 3 3
r
971.181030273 -2 2
972.020019531 -1 2
972.666992188 0 2
973.567016602 1 2
974.330993652 2 2
975.00201416 3 2
975.677001953 3 3
r
976.278991699 2 2
977.041015625 3 2
977.877990723 3 3
r
978.642028809 -2 -2
979.244018555 -2 -3
979.922973633 -3 -3
r
980.62701416 2 -2
981.437011719 3 -2
982.164001465 3 -1
982.960021973 3 0
983.825012207 3 1
984.456970215 3 2
985.343994141 3 3
r
985.948974609 -2 2
986.773010254 -1 2
987.531982422 0 2
988.270996094 1 2
989.151977539 2 2
989.956970215 3 2
990.807983398 3 3
r
991.679016113 2 2
992.443969727 3 2
993.176025391 3 3
r
993.968994141 -2 -2
994.843994141 -2 -3
995.568969727 -3 -3
r
996.46697998 2 -2
997.190002441 2 -1
998.072021484 2 0
998.692993164 3 0
999.567016602 3 1
1000.31799316 3 2
1001.0960083 3 3
r
1001.96697998 -2 2
1002.61102295 -1 2
1003.29602051 0 2
1004.12902832 1 2
1004.9119873 2 2
1005.54901123 3 2
1006.1550293 3 3
r
1006.77001953 2 2
1007.60601807 3 2
1008.25500488 3 3
r
1009.11602783 -2 -2
1009.98199463 -2 -3
1010.809021 -3 -3
r
1011.48101807 2 -2
1012.2789917 3 -2
1013.14300537 3 -1
1013.98199463 3 0
1014.69299316 3 1
1015.42199707 3 2
1016.06799316 3 3
r
1016.73699951 -2 2
1017.45202637 -1 2
1018.08300781 0 2
1018.76397705 1 2
1019.61401367 2 2
1020.32702637 3 2
1021.10900879 3 3
r
1021.7800293 2 2
1022.38897705 3 2
1023.25 3 3
r
1024.14599609 -2 -2
1024.91503906 -2 -3
1025.57202148 -3 -3
r
1026.3470459 2 -2
1027.19995117 3 -2
1027.83398438 3 -1
1028.48303223 3 0
1029.3260498 3 1
1030.08605957 3 2
1030.96801758 3 3
r
1031.82104492 -2 2
1032.5880127 -1 2
1033.48498535 0 2
1034.24304199 1 2
1034.90002441 2 2
1035.78796387 3 2
1036.42602539 3 3
r
1037.20703125 2 2
1037.9909668 3 2
1038.88903809 3 3
r
1039.76098633 -2 -2
1040.4329834 -2 -3
1041.04602051 -3 -3
r
1041.71203613 2 -2
1042.34802246 3 -2
1043.22998047 3 -1
1043.93395996 3 0
1044.5579834 3 1
1045.42102051 3 2
1046.12902832 3 3
r
1047.00305176 -2 2
1047.66503906 -1 2
1048.39794922 0 2
1049.17602539 1 2
1049.91894531 2 2
1050.66296387 3 2
1051.29003906 3 3
r
1051.93701172 2 2
1052.57702637 3 2
1053.38500977 3 3
r
1054.2220459 -2 -2
1054.9630127 -2 -3
1055.73498535 -3 -3
r
1056.41601562 2 -2
1057.19104004 3 -2
1057.82202148 3 -2
1058.52600098 3 -1
1059.42199707 3 0
1060.16101074 3 1
1060.77600098 3 2
1061.59399414 3 3
r
1062.34899902 -2 2
1063.03503418 -1 2
1063.65905762 0 2
1064.3840332 1 2
1065.11096191 2 2
1065.75695801 3 2
1066.51599121 3 3
r
1067.39001465 2 2
1068.10205078 3 2
1068.75305176 3 3
r
1069.63696289 -2 -2
1070.48095703 -2 -3
1071.25805664 -3 -3
r
1071.92297363 2 -2
1072.73095703 3 -2
1073.53601074 3 -1
1074.38696289 3 0
1075.17199707 3 1
1076.0579834 3 2
1076.81103516 3 3
r
1077.70202637 -2 2
1078.37304688 -1 2
1079.13903809 0 2
1079.97497559 1 2
1080.73999023 2 2
1081.47497559 3 2
1082.2869873 3 3
r
1083.05505371 2 2
1083.68005371 3 2
1084.56994629 3 3
r
1085.19897461 -2 -2
1085.97998047 -2 -3
1086.68005371 -3 -3
r
1087.37194824 2 -2
1088.1529541 3 -2
1089.02600098 3 -1
1089.73400879 3 0
1090.59301758 3 1
1091.41503906 3 2
1092.16394043 3 3
r
1092.85302734 -2 2
1093.54003906 -1 2
1094.43701172 0 2
1095.0760498 1 2
1095.76196289 2 2
1096.62097168 3 2
1097.31005859 3 3
r
1098.04101562 2 2
1098.85095215 3 2
1099.46203613 3 3
r
1100.20397949 -2 -2
1100.82995605 -2 -3
1101.59802246 -3 -3
r
1102.24401855 2 -2
1103.01196289 3 -2
1103.77099609 3 -1
1104.65197754 3 0
1105.45800781 3 1
1106.0880127 3 2
1106.9239502 3 3
r
1107.62695312 -2 2
1108.51293945 -1 2
1109.35803223 0 2
1110.04797363 1 2
1110.74194336 2 2
1111.44799805 3 2
1112.16101074 3 3
r
1113.02294922 2 2
1113.85900879 3 2
1114.67004395 3 3
r
1115.54296875 -2 -2
1116.39196777 -2 -3
1117.14599609 -3 -3
r
1117.7779541 2 -2
1118.46594238 3 -2
1119.22302246 3 -2
1119.95300293 3 -1
1120.58398438 3 0
1121.36804199 3 1
1122.01599121 3 2
1122.86901855 3 3
r
1123.63793945 -2 2
1124.49304199 -1 2
1125.31103516 0 2
1125.97497559 1 2
1126.83898926 2 2
1127.58398438 3 2
1128.33496094 3 3
r
1129.15795898 2 2
1129.93103027 3 2
1130.76904297 3 3
r
1131.42297363 -2 -2
1132.04602051 -2 -3
1132.73901367 -3 -3
r
1133.47497559 2 -2
1134.13696289 3 -2
1134.77001953 3 -1
1135.56799316 3 0
1136.31396484 3 1
1137.00598145 3 2
1137.76293945 3 3
r
1138.5949707 -2 2
1139.43103027 -1 2
1140.18005371 0 2
1140.9050293 1 2
1141.52905273 2 2
1142.17297363 3 2
1142.80505371 3 3
r
1143.57202148 2 2
1144.44995117 3 2
1145.11499023 3 3
r
1145.84997559 -2 -2
1146.6550293 -2 -3
1147.49401855 -3 -3
r
1148.36303711 2 -2
1149.22399902 3 -2
1150.07104492 3 -1
1150.75695801 3 0
1151.46105957 3 1
1152.28100586 3 2
1153.11999512 3 3
r
1153.92700195 -2 2
1154.63098145 -1 2
1155.51000977 0 2
1156.39794922 1 2
1157.07299805 2 2
1157.86303711 3 2
1158.4699707 3 3
r
1159.28295898 2 2
1160.09997559 3 2
1160.89794922 3 3
r
1161.50402832 -2 -2
1162.23303223 -2 -3
1163.09899902 -3 -3
r
1163.87304688 2 -2
1164.53198242 3 -2
1165.28601074 3 -1
1166.18395996 3 0
1166.86901855 3 1
1167.73901367 3 2
1168.43994141 3 3
r
1169.0489502 -2 2
1169.9239502 -1 2
1170.72595215 0 2
1171.46899414 1 2
1172.31103516 2 2
1173.16796875 3 2
1173.85400391 3 3
r
1174.45996094 2 2
1175.20397949 3 2
1176.06298828 3 3
r
1176.8079834 -2 -2
1177.53894043 -2 -3
1178.2199707 -3 -3
r
1179.10803223 2 -2
1179.80297852 3 -2
1180.53601074 3 -1
1181.24401855 3 0
1182.10095215 3 1
1182.99694824 3 2
1183.66601562 3 3
r
1184.26794434 -2 2
1185.06396484 -1 2
1185.66796875 0 2
1186.45397949 1 2
1187.33605957 2 2
1188.0090332 3 2
1188.69897461 3 3
r
1189.3079834 2 2
1190.19396973 3 2
1190.81298828 3 3
r
1191.57202148 -2 -2
1192.36303711 -2 -3
1193.10095215 -3 -3
r
1193.94897461 2 -2
1194.79296875 3 -2
1195.60900879 3 -2
1196.33703613 3 -2
1197.06103516 3 -1
1197.69396973 3 0
1198.29504395 3 1
1199.12902832 3 2
1199.83496094 3 3
r
1200.56396484 -2 2
1201.3840332 -1 2
1202.23901367 0 2
1202.92004395 1 2
1203.53405762 2 2
1204.24499512 3 2
1205.10595703 3 3
r
1205.76794434 2 2
1206.47802734 3 2
1207.37194824 3 3
r
1208.22705078 -2 -2
1209.09301758 -2 -3
1209.72705078 -3 -3
r
1210.5970459 2 -2
1211.33996582 3 -2
1212.23803711 3 -1
1213.03100586 3 0
1213.86206055 3 1
1214.6529541 3 2
1215.52905273 3 3
r
1216.18505859 -2 2
1217.01696777 -1 2
1217.77001953 0 2
1218.59301758 1 2
1219.37097168 2 2
1220.22705078 3 2
1221.07202148 3 3
r
1221.95202637 2 2
1222.57800293 3 2
1223.36401367 3 3
r
1224.24194336 -2 -2
1225.10900879 -2 -3
1225.73205566 -3 -3
r
1226.63195801 2 -2
1227.26904297 3 -2
1227.99804688 3 -2
1228.84899902 3 -1
1229.71899414 3 0
1230.37194824 3 1
1231.06994629 3 2
1231.72497559 3 3
r
1232.55102539 -2 2
1233.35803223 -1 2
1234.05102539 0 2
1234.90905762 1 2
1235.65698242 2 2
1236.42102051 3 2
1237.05700684 3 3
r
1237.82800293 2 2
1238.49694824 3 2
1239.33398438 3 3
r
1239.94995117 -2 -2
1240.79199219 -2 -3
1241.40002441 -3 -3
r
1242.26501465 2 -2
1243.07995605 3 -2
1243.92895508 3 -1
1244.57897949 3 0
1245.26293945 3 1
1246.15905762 3 2
1246.78503418 3 3
r
1247.59594727 -2 2
1248.35900879 -1 2
1249.17797852 0 2
1249.90795898 1 2
1250.66394043 2 2
1251.28796387 3 2
1252.01293945 3 3
r
1252.68005371 2 2
1253.4699707 3 2
1254.26098633 3 3
r
1255.05603027 -2 -2
1255.71203613 -2 -3
1256.42700195 -3 -3
r
1257.16394043 2 -2
1257.92602539 3 -2
1258.7199707 3 -1
1259.61499023 3 0
1260.45202637 3 1
1261.05603027 3 2
1261.72302246 3 3
r
1262.6159668 -2 2
1263.50805664 -1 2
1264.21801758 0 2
1264.98205566 1 2
1265.70898438 2 2
1266.33496094 3 2
1267.21203613 3 3
r
1267.81896973 2 2
1268.71496582 3 2
1269.40698242 3 3
r
1270.03198242 -2 -2
1270.89404297 -2 -3
1271.68994141 -3 -3
r
1272.55102539 2 -2
1273.44104004 3 -2
1274.3170166 3 -1
1275.07897949 3 0
1275.78405762 3 1
1276.5670166 3 2
1277.36096191 3 3
r
1277.96801758 -2 2
1278.7409668 -1 2
1279.59997559 0 2
1280.22998047 1 2
1280.99401855 2 2
1281.68005371 3 2
1282.35302734 3 3
r
1282.98706055 2 2
1283.74902344 3 2
1284.58105469 3 3
r
1285.31298828 -2 -2
1285.94299316 -2 -3
1286.61694336 -3 -3
r
1287.38598633 2 -2
1288.18505859 3 -2
1288.92504883 3 -1
1289.74902344 3 0
1290.37597656 3 1
1291.2010498 3 2
1291.87194824 3 3
r
1292.50195312 -2 2
1293.37402344 -1 2
1294.18395996 0 2
1294.81896973 1 2
1295.49804688 2 2
1296.31103516 3 2
1297.04199219 3 3
r
1297.80603027 2 2
1298.55603027 3 2
1299.4119873 3 3
r
1300.1920166 -2 -2
1301.02294922 -2 -3
1301.625 -3 -3
r
1302.40100098 2 -2
1303.19396973 3 -2
1303.82397461 3 -1
1304.66894531 3 0
1305.40100098 3 1
1306.22998047 3 2
1307.06103516 3 3
r
1307.77001953 -2 2
1308.54797363 -1 2
1309.17700195 0 2
1310.02502441 1 2
1310.86804199 2 2
1311.76293945 3 2
1312.39099121 3 3
r
1313.1340332 2 2
1313.97900391 3 2
1314.64904785 3 3
r
1315.29394531 -2 -2
1315.94995117 -2 -3
1316.68200684 -3 -3
r
1317.32495117 2 -2
1318.07897949 3 -2
1318.87304688 3 -1
1319.71801758 3 0
1320.51403809 3 1
1321.37805176 3 2
1322.07495117 3 3
r
1322.83605957 -2 2
1323.6340332 -1 2
1324.31298828 0 2
1324.93200684 1 2
1325.80603027 2 2
1326.41796875 3 2
1327.20202637 3 3
r
1327.9630127 2 2
1328.84997559 3 2
1329.59802246 3 3
r
1330.49597168 -2 -2
1331.36499023 -2 -3
1332.08496094 -3 -3
r
1332.89501953 2 -2
1333.60998535 3 -2
1334.27600098 3 -1
1334.90698242 3 0
1335.57495117 3 1
1336.42504883 3 2
1337.1920166 3 3
r
1337.79296875 -2 2
1338.50402832 -1 2
1339.17297363 0 2
1339.95605469 1 2
1340.85400391 2 2
1341.74304199 3 2
1342.62097168 3 3
r
1343.51403809 2 2
1344.23706055 3 2
1344.99902344 3 3
r
1345.70898438 -2 -2
1346.59204102 -2 -3
1347.25695801 -3 -3
r
1347.89196777 2 -2
1348.51403809 3 -2
1349.30004883 3 -1
1350.07995605 3 0
1350.9420166 3 1
1351.71704102 3 2
1352.59399414 3 3
r
1353.33605957 -2 2
1354.17004395 -1 2
1354.92700195 0 2
1355.73095703 1 2
1356.41699219 2 2
1357.02001953 3 2
1357.75305176 3 3
r
1358.52502441 2 2
1359.29602051 3 2
1360.07104492 3 3
r
1360.68505859 -2 -2
1361.34204102 -2 -3
1362.24194336 -3 -3
r
1362.92700195 2 -2
1363.56201172 3 -2
1364.41894531 3 -1
1365.3170166 3 0
1365.9909668 3 1
1366.83203125 3 2
1367.44897461 3 3
r
1368.20996094 -2 2
1368.8659668 -1 2
1369.74804688 0 2
1370.55395508 1 2
1371.31103516 2 2
1371.97302246 3 2
1372.77294922 3 3
r
1373.44494629 2 2
1374.30004883 3 2
1375.08703613 3 3
r
1375.69104004 -2 -2
1376.34204102 -2 -3
1377.07299805 -3 -3
r
1377.68896484 2 -2
1378.5880127 3 -2
1379.3659668 3 -1
1380.14001465 3 0
1380.80700684 3 1
1381.54101562 3 2
1382.19995117 3 3
r
1382.88696289 -2 2
1383.68005371 -1 2
1384.29504395 0 2
1384.91699219 1 2
1385.76904297 2 2
1386.46398926 3 2
1387.07495117 3 3
r
1387.90197754 2 2
1388.60498047 3 2
1389.23999023 3 3
r
1389.98498535 -2 -2
1390.6739502 -2 -3
1391.55102539 -3 -3
r
1392.25097656 2 -2
1393.01098633 3 -2
1393.79101562 3 -2
1394.42004395 3 -1
1395.0760498 3 0
1395.87597656 3 1
1396.69995117 3 2
1397.30505371 3 3
r
1398.10998535 -2 2
1398.93395996 -1 2
1399.55297852 0 2
1400.30395508 1 2
1401.0369873 2 2
1401.86804199 3 2
1402.48095703 3 3
r
1403.14196777 2 2
1403.86999512 3 2
1404.51098633 3 3
r
1405.17797852 -2 -2
1406.02905273 -2 -3
1406.79296875 -3 -3
r
1407.63000488 2 -2
1408.24499512 3 -2
1408.90002441 3 -1
1409.59301758 3 0
1410.39904785 3 1
1411.21899414 3 2
1411.90600586 3 3
r
1412.65698242 -2 2
1413.26904297 -1 2
1414.11499023 0 2
1414.89697266 1 2
1415.76098633 2 2
1416.4029541 3 2
1417.27502441 3 3
r
1418.09204102 2 2
1418.82702637 3 2
1419.65197754 3 3
r
1420.42297363 -2 -2
1421.30297852 -2 -3
1422.15905762 -3 -3
r
1423.05004883 2 -2
1423.94604492 3 -2
1424.61694336 3 -1
1425.40600586 3 0
1426.23303223 3 1
1426.90795898 3 2
1427.55102539 3 3
r
1428.43395996 -2 2
1429.21496582 -1 2
1430.00805664 0 2
1430.72900391 1 2
1431.47094727 2 2
1432.22094727 3 2
1432.92297363 3 3
r
1433.76501465 2 2
1434.58105469 3 2
1435.42199707 3 3
r
1436.06494141 -2 -2
1436.77001953 -2 -3
1437.65405273 -3 -3
r
1438.48803711 2 -2
1439.38195801 3 -2
1440.06494141 3 -1
1440.76403809 3 0
1441.42700195 3 1
1442.23303223 3 2
1442.85803223 3 3
r
1443.6550293 -2 2
1444.54296875 -1 2
1445.31298828 0 2
1445.92297363 1 2
1446.5579834 2 2
1447.29101562 3 2
1448.16699219 3 3
r
1448.96398926 2 2
1449.65100098 3 2
1450.42700195 3 3
r
1451.14294434 -2 -2
1451.87304688 -2 -3
1452.59399414 -3 -3
r
1453.29296875 2 -2
1454.07299805 3 -2
1454.71496582 3 -1
1455.43505859 3 0
1456.23706055 3 1
1457.12402344 3 2
1457.84594727 3 3
r
1458.45996094 -2 2
1459.07299805 -1 2
1459.93896484 0 2
1460.68603516 1 2
1461.48706055 2 2
1462.38696289 3 2
1463.02294922 3 3
r
1463.87902832 2 2
1464.63903809 3 2
1465.33496094 3 3
r
1466.17004395 -2 -2
1466.98596191 -2 -3
1467.61499023 -3 -3
r
1468.29602051 2 -2
1468.92504883 3 -2
1469.75500488 3 -1
1470.55102539 3 0
1471.44604492 3 1
1472.24304199 3 2
1472.85302734 3 3
r
1473.68005371 -2 2
1474.57397461 -1 2
1475.46704102 0 2
1476.16796875 1 2
1476.79797363 2 2
1477.53601074 3 2
1478.41503906 3 3
r
1479.25695801 2 2
1479.88305664 3 2
1480.55200195 3 3
r
1481.28198242 -2 -2
1482.06103516 -2 -3
1482.80603027 -3 -3
r
1483.4239502 2 -2
1484.10595703 3 -2
1484.87304688 3 -1
1485.73303223 3 0
1486.62805176 3 1
1487.40698242 3 2
1488.10205078 3 3
r
1488.88903809 -2 2
1489.51403809 -1 2
1490.40698242 0 2
1491.09802246 1 2
1491.79394531 2 2
1492.52001953 3 2
1493.22302246 3 3
r
1493.89404297 2 2
1494.53295898 3 2
1495.18395996 3 3
r
1495.87402344 -2 -2
1496.7590332 -2 -3
1497.65405273 -3 -3
r
1498.36096191 2 -2
1499.11499023 3 -2
1499.96203613 3 -1
1500.73303223 3 0
1501.44299316 3 1
1502.33300781 3 2
1503.11303711 3 3
r
1503.81396484 -2 2
1504.70703125 -1 2
1505.53503418 0 2
1506.1920166 1 2
1507.03198242 2 2
1507.88903809 3 2
1508.52697754 3 3
r
1509.41003418 2 2
1510.0949707 3 2
1510.7779541 3 3
r
1511.38500977 -2 -2
1512.22399902 -2 -3
1512.90100098 -3 -3
r
1513.59594727 2 -2
1514.31896973 3 -2
1514.94995117 3 -2
1515.84802246 3 -1
1516.73596191 3 0
1517.60705566 3 1
1518.23400879 3 2
1518.90197754 3 3
r
1519.60205078 -2 2
1520.49499512 -1 2
1521.27404785 0 2
1522.08605957 1 2
1522.91101074 2 2
1523.62194824 3 2
1524.30200195 3 3
r
1525.03503418 2 2
1525.75695801 3 2
1526.5300293 3 3
r
1527.21801758 -2 -2
1527.95996094 -2 -3
1528.65002441 -3 -3
r
1529.42504883 2 -2
1530.2409668 3 -2
1530.99804688 3 -1
1531.71496582 3 0
1532.35205078 3 1
1533.10803223 3 2
1533.71105957 3 3
r
1534.36206055 -2 2
1535.2010498 -1 2
1536.07104492 0 2
1536.68798828 1 2
1537.41699219 2 2
1538.09301758 3 2
1538.9119873 3 3
r
1539.52600098 2 2
1540.30004883 3 2
1541.07800293 3 3
r
1541.88305664 -2 -2
1542.60595703 -2 -3
1543.43603516 -3 -3
r
1544.28405762 2 -2
1544.98205566 3 -2
1545.84899902 3 -2
1546.7199707 3 -1
1547.59301758 3 0
1548.31494141 3 1
1549.0760498 3 2
1549.96801758 3 3
r
1550.70495605 -2 2
1551.48095703 -1 2
1552.1159668 0 2
1552.74194336 1 2
1553.54101562 2 2
1554.19897461 3 2
1554.89794922 3 3
r
1555.62304688 2 2
1556.35205078 3 2
1557.19897461 3 3
r
1557.96704102 -2 -2
1558.70605469 -2 -3
1559.56494141 -3 -3
r
1560.25402832 2 -2
1560.96105957 3 -2
1561.59594727 3 -1
1562.38000488 3 0
1563.02001953 3 1
1563.62805176 3 2
1564.43200684 3 3
r
1565.19299316 -2 2
1565.92797852 -1 2
1566.81994629 0 2
1567.48498535 1 2
1568.15698242 2 2
1568.89196777 3 2
1569.61499023 3 3
r
1570.41894531 2 2
1571.29003906 3 2
1572.05395508 3 3
r
1572.70703125 -2 -2
1573.54003906 -2 -3
1574.34301758 -3 -3
r
1575.16296387 2 -2
1575.80700684 3 -2
1576.69104004 3 -1
1577.4630127 3 0
1578.10595703 3 1
1578.91296387 3 2
1579.69104004 3 3
r
1580.4510498 -2 2
1581.18798828 -1 2
1581.83398438 0 2
1582.57702637 1 2
1583.39294434 2 2
1584.16003418 3 2
1584.80102539 3 3
r
1585.47399902 2 2
1586.28894043 3 2
1587.13598633 3 3
r
1587.95202637 -2 -2
1588.60498047 -2 -3
1589.35205078 -3 -3
r
1590.12304688 2 -2
1590.81298828 3 -2
1591.58898926 3 -1
1592.28796387 3 0
1592.97802734 3 1
1593.875 3 2
1594.6739502 3 3
r
1595.3170166 -2 2
1595.92700195 -1 2
1596.76904297 0 2
1597.48400879 1 2
1598.22497559 2 2
1598.94104004 3 2
1599.83398438 3 3
r
1600.62194824 2 2
1601.41394043 3 2
1602.27404785 3 3
r
1603.10998535 -2 -2
1603.95605469 -2 -3
1604.66101074 -3 -3
r
1605.5 2 -2
1606.19104004 3 -2
1606.87805176 3 -1
1607.68103027 3 0
1608.34594727 3 1
1609.02502441 3 2
1609.63195801 3 3
r
1610.32897949 -2 2
1611.04504395 -1 2
1611.65600586 0 2
1612.43103027 1 2
1613.1529541 2 2
1614.00695801 3 2
1614.72802734 3 3
r
1615.60400391 2 2
1616.4050293 3 2
1617.16003418 3 3
r
1617.87194824 -2 -2
1618.48999023 -2 -3
1619.19299316 -3 -3
r
1620.07800293 2 -2
1620.92700195 3 -2
1621.5279541 3 -1
1622.2130127 3 0
1623.03295898 3 1
1623.64599609 3 2
1624.46496582 3 3
r
1625.11206055 -2 2
1626.00195312 -1 2
1626.79797363 0 2
1627.65002441 1 2
1628.43103027 2 2
1629.30102539 3 2
1630.08300781 3 3
r
1630.76403809 2 2
1631.47900391 3 2
1632.12097168 3 3
r
1633.00305176 -2 -2
1633.72802734 -2 -3
1634.44494629 -3 -3
r
1635.10498047 2 -2
1635.73999023 3 -2
1636.43603516 3 -1
1637.11999512 3 0
1637.98205566 3 1
1638.79003906 3 2
1639.57800293 3 3
r
1640.26000977 -2 2
1641.04602051 -1 2
1641.88000488 0 2
1642.72705078 1 2
1643.41003418 2 2
1644.03100586 3 2
1644.83496094 3 3
r
1645.58996582 2 2
1646.2130127 3 2
1647.0670166 3 3
r
1647.82995605 -2 -2
1648.62097168 -2 -3
1649.46801758 -3 -3
r
1650.10095215 2 -2
1650.88000488 3 -2
1651.5090332 3 -1
1652.22998047 3 0
1653.03601074 3 1
1653.88098145 3 2
1654.7199707 3 3
r
1655.49499512 -2 2
1656.11804199 -1 2
1656.8470459 0 2
1657.68798828 1 2
1658.28894043 2 2
1659.01794434 3 2
1659.83496094 3 3
r
1660.51696777 2 2
1661.17602539 3 2
1661.89599609 3 3
r
1662.50402832 -2 -2
1663.39001465 -2 -3
1664.23498535 -3 -3
r
1665.07104492 2 -2
1665.84204102 3 -2
1666.4510498 3 -1
1667.0970459 3 0
1667.72094727 3 1
1668.37695312 3 2
1669.20996094 3 3
r
1670.06298828 -2 2
1670.75305176 -1 2
1671.48498535 0 2
1672.29504395 1 2
1673.03198242 2 2
1673.64904785 3 2
1674.49597168 3 3
r
1675.34204102 2 2
1675.97998047 3 2
1676.68896484 3 3
r
1677.32995605 -2 -2
1678.01794434 -2 -3
1678.65405273 -3 -3
r
1679.40405273 2 -2
1680.00805664 3 -2
1680.87304688 3 -1
1681.63098145 3 0
1682.31396484 3 1
1683.16601562 3 2
1683.95605469 3 3
r
1684.76000977 -2 2
1685.36303711 -1 2
1686.24902344 0 2
1687.06103516 1 2
1687.70300293 2 2
1688.57995605 3 2
1689.23596191 3 3
r
1689.98706055 2 2
1690.66699219 3 2
1691.27294922 3 3
r
1691.91699219 -2 -2
1692.55395508 -2 -3
1693.28405762 -3 -3
r
1693.89404297 2 -2
1694.70898438 3 -2
1695.52099609 3 -1
1696.39904785 3 0
1697.2779541 3 1
1697.98999023 3 2
1698.70605469 3 3
r
1699.45495605 -2 2
1700.08703613 -1 2
1700.92700195 0 2
1701.66796875 1 2
1702.32995605 2 2
1703.14099121 3 2
1703.8079834 3 3
r
1704.66101074 2 2
1705.27404785 3 2
1706.01000977 3 3
r
1706.77697754 -2 -2
1707.66003418 -2 -3
1708.3380127 -3 -3
r
1709.23498535 2 -2
1709.91796875 3 -2
1710.58605957 3 -1
1711.47399902 3 0
1712.36206055 3 1
1713.06604004 3 2
1713.88000488 3 3
r
1714.74694824 -2 2
1715.34899902 -1 2
1716.00402832 0 2
1716.6619873 1 2
1717.43395996 2 2
1718.17700195 3 2
1719.03295898 3 3
r
1719.79504395 2 2
1720.50695801 3 2
1721.32495117 3 3
r
1722.0 -2 -2
1722.87304688 -2 -3
1723.76403809 -3 -3
r
1724.66003418 2 -2
1725.51904297 3 -2
1726.36694336 3 -2
1727.25097656 3 -1
1727.88696289 3 0
1728.57299805 3 1
1729.4050293 3 2
1730.0090332 3 3
r
1730.89099121 -2 2
1731.5489502 -1 2
1732.2779541 0 2
1732.96398926 1 2
1733.7130127 2 2
1734.55505371 3 2
1735.33898926 3 3
r
1736.19702148 2 2
1736.91699219 3 2
1737.65600586 3 3
r
1738.52099609 -2 -2
1739.23706055 -2 -3
1739.89404297 -3 -3
r
1740.73803711 2 -2
1741.62097168 3 -2
1742.27404785 3 -1
1743.14404297 3 0
1743.9239502 3 1
1744.56994629 3 2
1745.36206055 3 3
r
1745.9909668 -2 2
1746.83996582 -1 2
1747.46801758 0 2
1748.16394043 1 2
1748.80603027 2 2
1749.48706055 3 2
1750.21105957 3 3
r
1750.83605957 2 2
1751.70800781 3 2
1752.56604004 3 3
r
1753.26098633 -2 -2
1753.91601562 -2 -3
1754.80102539 -3 -3
r
1755.60205078 2 -2
1756.36901855 3 -2
1756.97900391 3 -1
1757.85998535 3 0
1758.58105469 3 1
1759.23999023 3 2
1759.99597168 3 3
r
1760.63195801 -2 2
1761.33496094 -1 2
1762.05297852 0 2
1762.84094238 1 2
1763.72497559 2 2
1764.56994629 3 2
1765.44897461 3 3
r
1766.31396484 2 2
1766.92297363 3 2
1767.8079834 3 3
r
1768.62902832 -2 -2
1769.52600098 -2 -3
1770.23596191 -3 -3
r
1770.99401855 2 -2
1771.69104004 3 -2
1772.44104004 3 -1
1773.10205078 3 0
1773.75097656 3 1
1774.60095215 3 2
1775.20397949 3 3
r
1776.03796387 -2 2
1776.93103027 -1 2
1777.70703125 0 2
1778.53894043 1 2
1779.19799805 2 2
1779.83398438 3 2
1780.68896484 3 3
r
1781.58398438 2 2
1782.36804199 3 2
1783.04394531 3 3
r
1783.72302246 -2 -2
1784.38305664 -2 -3
1785.11206055 -3 -3
r
1785.74401855 2 -2
1786.45898438 3 -2
1787.24194336 3 -1
1787.94799805 3 0
1788.7869873 3 1
1789.64599609 3 2
1790.49902344 3 3
r
1791.37597656 -2 2
1792.0970459 -1 2
1792.74902344 0 2
1793.36206055 1 2
1794.20300293 2 2
1795.00805664 3 2
1795.6159668 3 3
r
1796.4420166 2 2
1797.33703613 3 2
1798.07104492 3 3
r
1798.82104492 -2 -2
1799.43505859 -2 -3
1800.0670166 -3 -3
r
1800.75195312 2 -2
1801.44995117 3 -2
1802.3170166 3 -1
1803.02294922 3 0
1803.85595703 3 1
1804.74902344 3 2
1805.48205566 3 3
r
1806.27099609 -2 2
1806.98706055 -1 2
1807.5949707 0 2
1808.33398438 1 2
1809.04602051 2 2
1809.76196289 3 2
1810.56005859 3 3
r
1811.26501465 2 2
1812.13305664 3 2
1812.74694824 3 3
r
1813.45996094 -2 -2
1814.29394531 -2 -3
1814.91503906 -3 -3
r
1815.65002441 2 -2
1816.46704102 3 -2
1817.36206055 3 -1
1818.00097656 3 0
1818.81604004 3 1
1819.49401855 3 2
1820.38500977 3 3
r
1821.10095215 -2 2
1821.87695312 -1 2
1822.51696777 0 2
1823.4029541 1 2
1824.06994629 2 2
1824.8170166 3 2
1825.51403809 3 3
r
1826.17004395 2 2
1827.01794434 3 2
1827.64404297 3 3
r
1828.25500488 -2 -2
1828.95703125 -2 -3
1829.56799316 -3 -3
r
1830.31103516 2 -2
1831.16699219 3 -2
1831.81799316 3 -1
1832.49694824 3 0
1833.32202148 3 1
1834.16394043 3 2
1834.77294922 3 3
r
1835.49401855 -2 2
1836.28295898 -1 2
1836.9050293 0 2
1837.58496094 1 2
1838.41699219 2 2
1839.1159668 3 2
1840.01000977 3 3
r
1840.61206055 2 2
1841.30395508 3 2
1842.06799316 3 3
r
1842.83996582 -2 -2
1843.52600098 -2 -3
1844.30603027 -3 -3
r
1845.10998535 2 -2
1845.86901855 3 -2
1846.67004395 3 -1
1847.27600098 3 0
1847.9029541 3 1
1848.52197266 3 2
1849.35998535 3 3
r
1850.17199707 -2 2
1850.79504395 -1 2
1851.43994141 0 2
1852.1340332 1 2
1852.79699707 2 2
1853.65002441 3 2
1854.4720459 3 3
r
1855.28198242 2 2
1856.03503418 3 2
1856.75402832 3 3
r
1857.52502441 -2 -2
1858.23498535 -2 -3
1858.92297363 -3 -3
r
1859.73706055 2 -2
1860.57995605 3 -2
1861.26293945 3 -1
1862.08605957 3 0
1862.69396973 3 1
1863.3079834 3 2
1863.91503906 3 3
r
1864.68103027 -2 2
1865.34899902 -1 2
1865.97399902 0 2
1866.85803223 1 2
1867.61206055 2 2
1868.43798828 3 2
1869.20300293 3 3
r
1869.90905762 2 2
1870.74597168 3 2
1871.44494629 3 3
r
1872.24194336 -2 -2
1872.98706055 -2 -3
1873.59899902 -3 -3
r
1874.49804688 2 -2
1875.17895508 3 -2
1875.78796387 3 -1
1876.54394531 3 0
1877.36901855 3 1
1877.97595215 3 2
1878.70800781 3 3
r
1879.50500488 -2 2
1880.12902832 -1 2
1880.87695312 0 2
1881.55700684 1 2
1882.45703125 2 2
1883.10900879 3 2
1883.77600098 3 3
r
1884.67004395 2 2
1885.56201172 3 2
1886.31494141 3 3
r
1887.21105957 -2 -2
1887.99304199 -2 -3
1888.77502441 -3 -3
r
1889.63195801 2 -2
1890.48706055 3 -2
1891.20898438 3 -1
1891.92602539 3 0
1892.62805176 3 1
1893.34301758 3 2
1894.13305664 3 3
r
1894.82104492 -2 2
1895.54797363 -1 2
1896.4420166 0 2
1897.06604004 1 2
1897.75805664 2 2
1898.40600586 3 2
1899.07897949 3 3
r
1899.90905762 2 2
1900.56994629 3 2
1901.44702148 3 3
r
1902.15905762 -2 -2
1902.9119873 -2 -3
1903.71496582 -3 -3
r
1904.40600586 2 -2
1905.24401855 3 -2
1906.05505371 3 -1
1906.86401367 3 0
1907.59204102 3 1
1908.35302734 3 2
1909.18896484 3 3
r
1910.04602051 -2 2
1910.71496582 -1 2
1911.47094727 0 2
1912.12695312 1 2
1912.80200195 2 2
1913.62304688 3 2
1914.35900879 3 3
r
1915.16796875 2 2
1916.01196289 3 2
1916.69104004 3 3
r
1917.3079834 -2 -2
1917.9420166 -2 -3
1918.57104492 -3 -3
r
1919.17504883 2 -2
1919.80297852 3 -2
1920.44799805 3 -1
1921.09204102 3 0
1921.72094727 3 1
1922.36206055 3 2
1923.03100586 3 3
r
1923.79101562 -2 2
1924.49194336 -1 2
1925.39196777 0 2
1926.21496582 1 2
1926.97595215 2 2
1927.7989502 3 2
1928.54699707 3 3
r
1929.40698242 2 2
1930.07995605 3 2
1930.83605957 3 3
r
1931.60803223 -2 -2
1932.39794922 -2 -3
1933.16003418 -3 -3
r
1934.02404785 2 -2
1934.90905762 3 -2
1935.66394043 3 -1
1936.29003906 3 0
1937.11999512 3 1
1937.97705078 3 2
1938.58203125 3 3
r
1939.4329834 -2 2
1940.25195312 -1 2
1940.90600586 0 2
1941.55297852 1 2
1942.20202637 2 2
1943.06994629 3 2
1943.94494629 3 3
r
1944.81396484 2 2
1945.52502441 3 2
1946.39697266 3 3
r
1947.23901367 -2 -2
1948.0279541 -2 -3
1948.68701172 -3 -3
r
1949.35595703 2 -2
1949.99804688 3 -2
1950.87695312 3 -1
1951.77697754 3 0
1952.66003418 3 1
1953.49694824 3 2
1954.25695801 3 3
r
1954.97998047 -2 2
1955.72497559 -1 2
1956.34399414 0 2
1957.10705566 1 2
1957.87304688 2 2
1958.58703613 3 2
1959.29797363 3 3
r
1960.00402832 2 2
1960.76696777 3 2
1961.39794922 3 3
r
1962.14697266 -2 -2
1962.92895508 -2 -3
1963.65795898 -3 -3
r
1964.43896484 2 -2
1965.3260498 3 -2
1966.18798828 3 -1
1966.99194336 3 0
1967.88098145 3 1
1968.51599121 3 2
1969.21899414 3 3
r
1969.875 -2 2
1970.73999023 -1 2
1971.5489502 0 2
1972.1550293 1 2
1973.03601074 2 2
1973.75500488 3 2
1974.58703613 3 3
r
1975.27001953 2 2
1976.06994629 3 2
1976.74194336 3 3
r
1977.55297852 -2 -2
1978.36804199 -2 -3
1979.06201172 -3 -3
r
1979.93200684 2 -2
1980.57995605 3 -2
1981.2989502 3 -1
1982.0949707 3 0
1982.72998047 3 1
1983.36303711 3 2
1984.09094238 3 3
r
1984.7409668 -2 2
1985.35900879 -1 2
1986.14904785 0 2
1987.00097656 1 2
1987.64794922 2 2
1988.54699707 3 2
1989.27697754 3 3
r
1989.99694824 2 2
1990.63696289 3 2
1991.37597656 3 3
r
1992.06103516 -2 -2
1992.88696289 -2 -3
1993.69494629 -3 -3
r
1994.41503906 2 -2
1995.29296875 3 -2
1996.14794922 3 -2
1996.89001465 3 -1
1997.70397949 3 0
1998.48095703 3 1
1999.13098145 3 2
1999.81494141 3 3
r
2000.70397949 -2 2
2001.58605957 -1 2
2002.35302734 0 2
2002.99804688 1 2
2003.82995605 2 2
2004.50305176 3 2
2005.4029541 3 3
r
2006.29199219 2 2
2007.03198242 3 2
2007.75598145 3 3
r
2008.54296875 -2 -2
2009.18005371 -2 -3
2009.85803223 -3 -3
r
2010.74499512 2 -2
2011.52099609 3 -2
2012.14599609 3 -1
2012.76196289 3 0
2013.36499023 3 1
2014.0880127 3 2
2014.8840332 3 3
r
2015.60998535 -2 2
2016.31298828 -1 2
2017.00097656 0 2
2017.78503418 1 2
2018.38903809 2 2
2019.17102051 3 2
2020.01403809 3 3
r
2020.7989502 2 2
2021.67004395 3 2
2022.33996582 3 3
r
2022.97302246 -2 -2
2023.65698242 -2 -3
2024.51293945 -3 -3
r
2025.12402344 2 -2
2025.85705566 3 -2
2026.49694824 3 -1
2027.27404785 3 0
2028.15795898 3 1
2028.8659668 3 2
2029.56005859 3 3
r
2030.31604004 -2 2
2031.03198242 -1 2
2031.76599121 0 2
2032.66003418 1 2
2033.27404785 2 2
2034.0 3 2
2034.84594727 3 3
r
2035.73803711 2 2
2036.3470459 3 2
2037.00805664 3 3
r
2037.86804199 -2 -2
2038.64697266 -2 -3
2039.35998535 -3 -3
r
2040.02197266 2 -2
2040.90698242 3 -2
2041.59399414 3 -1
2042.44702148 3 0
2043.16394043 3 1
2044.03100586 3 2
2044.8380127 3 3
r
2045.61401367 -2 2
2046.43896484 -1 2
2047.04003906 0 2
2047.82397461 1 2
2048.64794922 2 2
2049.46508789 3 2
2050.19189453 3 3
r
2051.00610352 2 2
2051.81201172 3 2
2052.54394531 3 3
r
2053.21508789 -2 -2
2054.07397461 -2 -3
2054.69897461 -3 -3
r
2055.35693359 2 -2
2056.17089844 3 -2
2056.98608398 3 -1
2057.62304688 3 0
2058.32910156 3 1
2059.07104492 3 2
2059.88305664 3 3
r
2060.65991211 -2 2
2061.44702148 -1 2
2062.06103516 0 2
2062.77197266 1 2
2063.47607422 2 2
2064.28393555 3 2
2065.0949707 3 3
r
2065.97412109 2 2
2066.6340332 3 2
2067.3269043 3 3
r
2068.14306641 -2 -2
2068.79003906 -2 -3
2069.55200195 -3 -3
r
2070.25292969 2 -2
2071.03100586 3 -2
2071.85888672 3 -1
2072.6159668 3 0
2073.38696289 3 1
2074.23388672 3 2
2074.84301758 3 3
r
2075.68798828 -2 2
2076.58105469 -1 2
2077.46411133 0 2
2078.35791016 1 2
2079.23608398 2 2
2079.98388672 3 2
2080.73608398 3 3
r
2081.33789062 2 2
2082.08105469 3 2
2082.92211914 3 3
r
2083.68310547 -2 -2
2084.57006836 -2 -3
2085.28100586 -3 -3
r
2085.95996094 2 -2
2086.80004883 3 -2
2087.5559082 3 -1
2088.16992188 3 0
2088.97509766 3 1
2089.86108398 3 2
2090.48291016 3 3
r
2091.21606445 -2 2
2092.06591797 -1 2
2092.70703125 0 2
2093.46411133 1 2
2094.13305664 2 2
2094.82104492 3 2
2095.48510742 3 3
r
2096.10595703 2 2
2096.79199219 3 2
2097.64990234 3 3
r
2098.29199219 -2 -2
2099.07788086 -2 -3
2099.6809082 -3 -3
r
2100.48291016 2 -2
2101.19506836 3 -2
2101.89208984 3 -1
2102.58007812 3 0
2103.22290039 3 1
2103.93505859 3 2
2104.75292969 3 3
r
2105.50488281 -2 2
2106.14599609 -1 2
2106.87597656 0 2
2107.51293945 1 2
2108.35009766 2 2
2109.24291992 3 2
2109.86206055 3 3
r
2110.48193359 2 2
2111.18505859 3 2
2111.94604492 3 3
r
2112.59790039 -2 -2
2113.30493164 -2 -3
2113.94091797 -3 -3
r
2114.59399414 2 -2
2115.19702148 3 -2
2115.94311523 3 -1
2116.72412109 3 0
2117.40209961 3 1
2118.23095703 3 2
2118.91601562 3 3
r
2119.75292969 -2 2
2120.56689453 -1 2
2121.22192383 0 2
2121.93603516 1 2
2122.73291016 2 2
2123.49511719 3 2
2124.18701172 3 3
r
2124.86108398 2 2
2125.64892578 3 2
2126.28588867 3 3
r
2127.11791992 -2 -2
2127.93994141 -2 -3
2128.67504883 -3 -3
r
2129.54101562 2 -2
2130.32202148 3 -2
2131.07006836 3 -1
2131.70507812 3 0
2132.37890625 3 1
2133.1640625 3 2
2133.7890625 3 3
r
2134.68310547 -2 2
2135.50610352 -1 2
2136.35595703 0 2
2137.10107422 1 2
2137.80004883 2 2
2138.66796875 3 2
2139.36206055 3 3
r
2140.05810547 2 2
2140.68505859 3 2
2141.4909668 3 3
r
2142.37597656 -2 -2
2143.08007812 -2 -3
2143.71704102 -3 -3
r
2144.45898438 2 -2
2145.19799805 3 -2
2146.02905273 3 -1
2146.88305664 3 0
2147.71704102 3 1
2148.60400391 3 2
2149.31689453 3 3
r
2150.09008789 -2 2
2150.9140625 -1 2
2151.74902344 0 2
2152.62011719 1 2
2153.22509766 2 2
2154.07910156 3 2
2154.79296875 3 3
r
2155.60009766 2 2
2156.42700195 3 2
2157.08398438 3 3
r
2157.71411133 -2 -2
2158.47509766 -2 -3
2159.23608398 -3 -3
r
2160.08911133 2 -2
2160.86206055 3 -2
2161.60595703 3 -1
2162.30688477 3 0
2163.10693359 3 1
2163.84692383 3 2
2164.60888672 3 3
r
2165.48388672 -2 2
2166.25097656 -1 2
2167.07592773 0 2
2167.81811523 1 2
2168.61791992 2 2
2169.32006836 3 2
2170.16601562 3 3
r
2170.84912109 2 2
2171.73706055 3 2
2172.43188477 3 3
r
2173.25708008 -2 -2
2174.00610352 -2 -3
2174.6809082 -3 -3
r
2175.30688477 2 -2
2175.91992188 3 -2
2176.62304688 3 -2
2177.31689453 3 -1
2178.04711914 3 0
2178.67089844 3 1
2179.37011719 3 2
2180.22094727 3 3
r
2181.06298828 -2 2
2181.74804688 -1 2
2182.45410156 0 2
2183.25195312 1 2
2184.02905273 2 2
2184.82006836 3 2
2185.47094727 3 3
r
2186.20898438 2 2
2186.92504883 3 2
2187.79003906 3 3
r
2188.62011719 -2 -2
2189.39990234 -2 -3
2190.10888672 -3 -3
r
2190.75708008 2 -2
2191.48291016 3 -2
2192.15405273 3 -1
2192.82788086 3 0
2193.52392578 3 1
2194.15698242 3 2
2194.90991211 3 3
r
2195.68310547 -2 2
2196.39990234 -1 2
2197.19799805 0 2
2198.01000977 1 2
2198.81591797 2 2
2199.70410156 3 2
2200.60009766 3 3
r
2201.4909668 2 2
2202.17211914 3 2
2202.88305664 3 3
r
2203.77197266 -2 -2
2204.66992188 -2 -3
2205.41601562 -3 -3
r
2206.18505859 2 -2
2207.01611328 3 -2
2207.76806641 3 -1
2208.47412109 3 0
2209.22509766 3 1
2210.10107422 3 2
2210.75610352 3 3
r
2211.49707031 -2 2
2212.34399414 -1 2
2213.21704102 0 2
2214.04003906 1 2
2214.73608398 2 2
2215.38891602 3 2
2216.0090332 3 3
r
2216.77807617 2 2
2217.67211914 3 2
2218.38989258 3 3
r
2219.04296875 -2 -2
2219.71411133 -2 -3
2220.47509766 -3 -3
r
2221.11303711 2 -2
2221.87792969 3 -2
2222.68603516 3 -1
2223.4309082 3 0
2224.07910156 3 1
2224.77197266 3 2
2225.54296875 3 3
r
2226.15405273 -2 2
2227.01611328 -1 2
2227.68798828 0 2
2228.42504883 1 2
2229.25610352 2 2
2230.07788086 3 2
2230.9519043 3 3
r
2231.69506836 2 2
2232.53100586 3 2
2233.38110352 3 3
r
2234.17089844 -2 -2
2234.92993164 -2 -3
2235.65991211 -3 -3
r
2236.39404297 2 -2
2237.1550293 3 -2
2237.77392578 3 -1
2238.62988281 3 0
2239.23193359 3 1
2239.89111328 3 2
2240.77587891 3 3
r
2241.5480957 -2 2
2242.2109375 -1 2
2242.89404297 0 2
2243.62597656 1 2
2244.22802734 2 2
2244.92504883 3 2
2245.55102539 3 3
r
2246.35107422 2 2
2246.95410156 3 2
2247.60693359 3 3
r
2248.32006836 -2 -2
2249.00610352 -2 -3
2249.78100586 -3 -3
r
2250.38598633 2 -2
2251.09008789 3 -2
2251.79101562 3 -1
2252.49389648 3 0
2253.10107422 3 1
2253.88793945 3 2
2254.5390625 3 3
r
2255.35693359 -2 2
2256.14697266 -1 2
2257.0390625 0 2
2257.8449707 1 2
2258.65209961 2 2
2259.29907227 3 2
2260.05493164 3 3
r
2260.85595703 2 2
2261.55102539 3 2
2262.32397461 3 3
r
2263.09301758 -2 -2
2263.75390625 -2 -3
2264.63500977 -3 -3
r
2265.33398438 2 -2
2266.10400391 3 -2
2266.87792969 3 -1
2267.52392578 3 0
2268.19604492 3 1
2268.88989258 3 2
2269.49389648 3 3
r
2270.34594727 -2 2
2271.07104492 -1 2
2271.70288086 0 2
2272.54101562 1 2
2273.21899414 2 2
2273.86303711 3 2
2274.6640625 3 3
r
2275.32202148 2 2
2276.01196289 3 2
2276.70288086 3 3
r
2277.46704102 -2 -2
2278.25097656 -2 -3
2278.96411133 -3 -3
r
2279.76708984 2 -2
2280.63110352 3 -2
2281.49291992 3 -1
2282.28393555 3 0
2282.93310547 3 1
2283.81591797 3 2
2284.59204102 3 3
r
2285.48193359 -2 2
2286.1550293 -1 2
2286.80908203 0 2
2287.65991211 1 2
2288.47802734 2 2
2289.25708008 3 2
2289.93603516 3 3
r
2290.56689453 2 2
2291.25708008 3 2
2291.87890625 3 3
r
2292.62597656 -2 -2
2293.39501953 -2 -3
2294.0769043 -3 -3
r
2294.78198242 2 -2
2295.61694336 3 -2
2296.34008789 3 -1
2297.09912109 3 0
2297.96508789 3 1
2298.7890625 3 2
2299.64404297 3 3
r
2300.43798828 -2 2
2301.23095703 -1 2
2301.9699707 0 2
2302.78393555 1 2
2303.59301758 2 2
2304.24194336 3 2
2304.92504883 3 3
r
2305.6640625 2 2
2306.55493164 3 2
2307.24707031 3 3
r
2307.92089844 -2 -2
2308.68188477 -2 -3
2309.33496094 -3 -3
r
2310.17211914 2 -2
2311.03710938 3 -2
2311.78588867 3 -1
2312.5300293 3 0
2313.20605469 3 1
2313.98803711 3 2
2314.75488281 3 3
r
2315.64501953 -2 2
2316.32202148 -1 2
2317.06103516 0 2
2317.76098633 1 2
2318.44702148 2 2
2319.3359375 3 2
2320.18798828 3 3
r
2320.94311523 2 2
2321.78393555 3 2
2322.60302734 3 3
r
2323.32495117 -2 -2
2324.05688477 -2 -3
2324.66992188 -3 -3
r
2325.29003906 2 -2
2326.15307617 3 -2
2327.04492188 3 -1
2327.66699219 3 0
2328.4609375 3 1
2329.08789062 3 2
2329.79711914 3 3
r
2330.46899414 -2 2
2331.11303711 -1 2
2331.89599609 0 2
2332.78588867 1 2
2333.6640625 2 2
2334.45800781 3 2
2335.0949707 3 3
r
2335.88598633 2 2
2336.78491211 3 2
2337.48803711 3 3
r
2338.10888672 -2 -2
2338.97998047 -2 -3
2339.62207031 -3 -3
r
2340.22412109 2 -2
2340.90893555 3 -2
2341.66503906 3 -1
2342.47802734 3 0
2343.21606445 3 1
2344.07910156 3 2
2344.73999023 3 3
r
2345.50708008 -2 2
2346.38208008 -1 2
2347.05297852 0 2
2347.87304688 1 2
2348.72509766 2 2
2349.49194336 3 2
2350.34301758 3 3
r
2351.08398438 2 2
2351.75292969 3 2
2352.4140625 3 3
r
2353.15307617 -2 -2
2353.94189453 -2 -3
2354.74389648 -3 -3
r
2355.42407227 2 -2
2356.20703125 3 -2
2356.9050293 3 -2
2357.66088867 3 -1
2358.37402344 3 0
2358.98095703 3 1
2359.72412109 3 2
2360.6159668 3 3
r
2361.32202148 -2 2
2362.16210938 -1 2
2362.80200195 0 2
2363.64599609 1 2
2364.27905273 2 2
2364.89990234 3 2
2365.72607422 3 3
r
2366.53491211 2 2
2367.19799805 3 2
2368.07299805 3 3
r
2368.72192383 -2 -2
2369.52099609 -2 -3
2370.27709961 -3 -3
r
2370.94506836 2 -2
2371.74804688 3 -2
2372.43701172 3 -1
2373.13305664 3 0
2373.74194336 3 1
2374.36010742 3 2
2375.0769043 3 3
r
2375.92993164 -2 2
2376.60888672 -1 2
2377.31005859 0 2
2377.98803711 1 2
2378.84912109 2 2
2379.48291016 3 2
2380.26391602 3 3
r
2381.02807617 2 2
2381.75195312 3 2
2382.55688477 3 3
r
2383.20410156 -2 -2
2384.06396484 -2 -3
2384.69091797 -3 -3
r
2385.39794922 2 -2
2386.02392578 3 -2
2386.86108398 3 -1
2387.75390625 3 0
2388.38989258 3 1
2389.16796875 3 2
2389.88208008 3 3
r
2390.76806641 -2 2
2391.65307617 -1 2
2392.51098633 0 2
2393.40893555 1 2
2394.25390625 2 2
2395.06689453 3 2
2395.73510742 3 3
r
2396.36694336 2 2
2397.0559082 3 2
2397.68896484 3 3
r
2398.54394531 -2 -2
2399.34790039 -2 -3
